"","SCHOOL_YEAR","STATENAME","LEAID","sum_red","sum_free","sum_frpl","sum_na","sum_total","ratio_frpl"
"1","2021-2022","ALABAMA","0100005",142,2259,2401,1890,4291,0.559543230016313
"2","2021-2022","ALABAMA","0100006",292,2999,3291,2375,5666,0.58083303918108
"3","2021-2022","ALABAMA","0100007",577,2657,3234,1453,4687,0.68999359931726
"4","2021-2022","ALABAMA","0100008",5,1209,1214,1205,2419,0.501860272840017
"5","2021-2022","ALABAMA","0100009",0,0,0,0,0,NA
"6","2021-2022","ALABAMA","0100011",136,740,876,548,1424,0.615168539325843
"7","2021-2022","ALABAMA","0100012",169,1334,1503,795,2298,0.654046997389034
"8","2021-2022","ALABAMA","0100013",0,241,241,241,482,0.5
"9","2021-2022","ALABAMA","0100030",47,1065,1112,1184,2296,0.484320557491289
"10","2021-2022","ALABAMA","0100060",102,746,848,631,1479,0.573360378634212
"11","2021-2022","ALABAMA","0100090",69,1502,1571,1208,2779,0.56531126304426
"12","2021-2022","ALABAMA","0100100",0,356,356,458,814,0.437346437346437
"13","2021-2022","ALABAMA","0100120",274,1499,1773,844,2617,0.677493312953764
"14","2021-2022","ALABAMA","0100176",0,0,0,0,0,NA
"15","2021-2022","ALABAMA","0100180",127,845,972,614,1586,0.612862547288777
"16","2021-2022","ALABAMA","0100185",91,765,856,661,1517,0.564271588661833
"17","2021-2022","ALABAMA","0100188",23,1716,1739,1704,3443,0.505082776648272
"18","2021-2022","ALABAMA","0100189",155,464,619,225,844,0.733412322274882
"19","2021-2022","ALABAMA","0100190",263,1424,1687,985,2672,0.631362275449102
"20","2021-2022","ALABAMA","0100194",76,649,725,437,1162,0.623924268502582
"21","2021-2022","ALABAMA","0100195",0,376,376,376,752,0.5
"22","2021-2022","ALABAMA","0100197",0,326,326,367,693,0.47041847041847
"23","2021-2022","ALABAMA","0100199",45,234,279,185,464,0.601293103448276
"24","2021-2022","ALABAMA","0100201",0,339,339,182,521,0.650671785028791
"25","2021-2022","ALABAMA","0100202",0,266,266,266,532,0.5
"26","2021-2022","ALABAMA","0100203",52,313,365,281,646,0.565015479876161
"27","2021-2022","ALABAMA","0100204",8,302,310,306,616,0.503246753246753
"28","2021-2022","ALABAMA","0100207",0,132,132,132,264,0.5
"29","2021-2022","ALABAMA","0100208",0,70,70,70,140,0.5
"30","2021-2022","ALABAMA","0100210",205,2132,2337,1737,4074,0.573637702503682
"31","2021-2022","ALABAMA","0100211",0,31,31,31,62,0.5
"32","2021-2022","ALABAMA","0100240",0,2395,2395,2514,4909,0.48787940517417
"33","2021-2022","ALABAMA","0100270",1968,10400,12368,7001,19369,0.63854613041458
"34","2021-2022","ALABAMA","0100300",0,700,700,487,1187,0.58972198820556
"35","2021-2022","ALABAMA","0100330",54,2591,2645,2154,4799,0.551156490935612
"36","2021-2022","ALABAMA","0100360",205,1302,1507,990,2497,0.60352422907489
"37","2021-2022","ALABAMA","0100390",1009,16505,17514,12716,30230,0.579358253390671
"38","2021-2022","ALABAMA","0100420",563,2828,3391,1776,5167,0.656280239984517
"39","2021-2022","ALABAMA","0100450",0,295,295,412,707,0.417256011315417
"40","2021-2022","ALABAMA","0100480",47,1047,1094,914,2008,0.544820717131474
"41","2021-2022","ALABAMA","0100510",179,1901,2080,1552,3632,0.572687224669604
"42","2021-2022","ALABAMA","0100540",524,3424,3948,2557,6505,0.606917755572636
"43","2021-2022","ALABAMA","0100600",141,1856,1997,1321,3318,0.601868595539482
"44","2021-2022","ALABAMA","0100630",357,1728,2085,1168,3253,0.640946818321549
"45","2021-2022","ALABAMA","0100660",679,3568,4247,2493,6740,0.630118694362018
"46","2021-2022","ALABAMA","0100690",76,732,808,650,1458,0.554183813443073
"47","2021-2022","ALABAMA","0100720",115,1529,1644,1168,2812,0.584637268847795
"48","2021-2022","ALABAMA","0100750",136,834,970,542,1512,0.641534391534392
"49","2021-2022","ALABAMA","0100780",227,928,1155,716,1871,0.617316942811331
"50","2021-2022","ALABAMA","0100810",217,1271,1488,934,2422,0.614368290668869
"51","2021-2022","ALABAMA","0100840",121,999,1120,873,1993,0.56196688409433
"52","2021-2022","ALABAMA","0100870",38,1034,1072,769,1841,0.582292232482347
"53","2021-2022","ALABAMA","0100900",25,475,500,416,916,0.54585152838428
"54","2021-2022","ALABAMA","0100930",228,1349,1577,1079,2656,0.59375
"55","2021-2022","ALABAMA","0100960",187,1255,1442,992,2434,0.592440427280197
"56","2021-2022","ALABAMA","0100990",137,493,630,366,996,0.632530120481928
"57","2021-2022","ALABAMA","0101020",747,3301,4048,2265,6313,0.641216537303976
"58","2021-2022","ALABAMA","0101050",269,1526,1795,1217,3012,0.595949535192563
"59","2021-2022","ALABAMA","0101080",67,478,545,606,1151,0.473501303214596
"60","2021-2022","ALABAMA","0101110",79,2011,2090,1713,3803,0.549566132001052
"61","2021-2022","ALABAMA","0101140",532,5446,5978,3684,9662,0.618712481887808
"62","2021-2022","ALABAMA","0101170",361,4524,4885,3239,8124,0.601304775972427
"63","2021-2022","ALABAMA","0101200",95,1110,1205,807,2012,0.598906560636183
"64","2021-2022","ALABAMA","0101230",243,4914,5157,4114,9271,0.556250674145184
"65","2021-2022","ALABAMA","0101260",21,410,431,347,778,0.553984575835476
"66","2021-2022","ALABAMA","0101290",589,4294,4883,3551,8434,0.578966089637183
"67","2021-2022","ALABAMA","0101320",406,2313,2719,1707,4426,0.614324446452779
"68","2021-2022","ALABAMA","0101350",263,2726,2989,2014,5003,0.597441535078953
"69","2021-2022","ALABAMA","0101380",611,2648,3259,1872,5131,0.635158838433054
"70","2021-2022","ALABAMA","0101410",64,3488,3552,3325,6877,0.516504289661189
"71","2021-2022","ALABAMA","0101440",46,1196,1242,1112,2354,0.527612574341546
"72","2021-2022","ALABAMA","0101470",207,1004,1211,788,1999,0.605802901450725
"73","2021-2022","ALABAMA","0101530",180,2292,2472,1968,4440,0.556756756756757
"74","2021-2022","ALABAMA","0101560",207,1813,2020,1195,3215,0.628304821150855
"75","2021-2022","ALABAMA","0101590",198,1372,1570,1023,2593,0.605476282298496
"76","2021-2022","ALABAMA","0101620",252,3018,3270,2208,5478,0.596933187294633
"77","2021-2022","ALABAMA","0101640",90,500,590,369,959,0.615224191866528
"78","2021-2022","ALABAMA","0101660",193,1381,1574,1118,2692,0.584695393759287
"79","2021-2022","ALABAMA","0101680",38,762,800,580,1380,0.579710144927536
"80","2021-2022","ALABAMA","0101690",126,643,769,461,1230,0.62520325203252
"81","2021-2022","ALABAMA","0101710",165,1457,1622,1124,2746,0.590677348871085
"82","2021-2022","ALABAMA","0101720",163,687,850,461,1311,0.64836003051106
"83","2021-2022","ALABAMA","0101730",0,555,555,555,1110,0.5
"84","2021-2022","ALABAMA","0101740",64,1018,1082,818,1900,0.569473684210526
"85","2021-2022","ALABAMA","0101760",93,588,681,322,1003,0.678963110667996
"86","2021-2022","ALABAMA","0101770",256,2436,2692,2269,4961,0.542632533763354
"87","2021-2022","ALABAMA","0101800",630,9980,10610,7470,18080,0.586836283185841
"88","2021-2022","ALABAMA","0101830",475,2477,2952,1373,4325,0.682543352601156
"89","2021-2022","ALABAMA","0101860",120,639,759,525,1284,0.591121495327103
"90","2021-2022","ALABAMA","0101890",130,936,1066,597,1663,0.641010222489477
"91","2021-2022","ALABAMA","0101920",2225,17172,19397,12475,31872,0.608590612449799
"92","2021-2022","ALABAMA","0101950",179,931,1110,677,1787,0.621152770005596
"93","2021-2022","ALABAMA","0101980",0,871,871,542,1413,0.616418966737438
"94","2021-2022","ALABAMA","0102010",762,2712,3474,1745,5219,0.665644759532477
"95","2021-2022","ALABAMA","0102040",370,2272,2642,1755,4397,0.600864225608369
"96","2021-2022","ALABAMA","0102070",505,3933,4438,2602,7040,0.630397727272727
"97","2021-2022","ALABAMA","0102100",883,5981,6864,4547,11411,0.601524844448339
"98","2021-2022","ALABAMA","0102130",10,369,379,285,664,0.57078313253012
"99","2021-2022","ALABAMA","0102160",10,1128,1138,884,2022,0.562809099901088
"100","2021-2022","ALABAMA","0102190",0,1782,1782,1036,2818,0.63236337828247
"101","2021-2022","ALABAMA","0102220",943,4583,5526,3539,9065,0.609597352454495
"102","2021-2022","ALABAMA","0102250",45,653,698,459,1157,0.603284356093345
"103","2021-2022","ALABAMA","0102310",261,1460,1721,1170,2891,0.595295745416811
"104","2021-2022","ALABAMA","0102350",52,858,910,734,1644,0.55352798053528
"105","2021-2022","ALABAMA","0102370",2640,33664,36304,24854,61158,0.593609993786586
"106","2021-2022","ALABAMA","0102400",90,1465,1555,1352,2907,0.534915720674235
"107","2021-2022","ALABAMA","0102430",1601,18614,20215,16154,36369,0.555830514999038
"108","2021-2022","ALABAMA","0102480",219,2117,2336,1945,4281,0.545666900256949
"109","2021-2022","ALABAMA","0102490",0,20,20,20,40,0.5
"110","2021-2022","ALABAMA","0102520",124,596,720,447,1167,0.616966580976864
"111","2021-2022","ALABAMA","0102550",97,433,530,261,791,0.670037926675095
"112","2021-2022","ALABAMA","0102580",74,1956,2030,2023,4053,0.500863557858377
"113","2021-2022","ALABAMA","0102610",0,497,497,497,994,0.5
"114","2021-2022","ALABAMA","0102635",168,1597,1765,1313,3078,0.573424301494477
"115","2021-2022","ALABAMA","0102640",135,1241,1376,1032,2408,0.571428571428571
"116","2021-2022","ALABAMA","0102650",261,1685,1946,1351,3297,0.590233545647558
"117","2021-2022","ALABAMA","0102670",30,946,976,778,1754,0.556442417331813
"118","2021-2022","ALABAMA","0102700",465,3983,4448,3048,7496,0.593383137673426
"119","2021-2022","ALABAMA","0102730",146,1413,1559,1110,2669,0.584113900337205
"120","2021-2022","ALABAMA","0102760",97,585,682,442,1124,0.606761565836299
"121","2021-2022","ALABAMA","0102790",96,1522,1618,1122,2740,0.590510948905109
"122","2021-2022","ALABAMA","0102820",108,1028,1136,809,1945,0.584061696658098
"123","2021-2022","ALABAMA","0102850",74,790,864,608,1472,0.58695652173913
"124","2021-2022","ALABAMA","0102880",260,1731,1991,1171,3162,0.62966476913346
"125","2021-2022","ALABAMA","0102910",0,281,281,593,874,0.321510297482838
"126","2021-2022","ALABAMA","0102940",205,953,1158,634,1792,0.646205357142857
"127","2021-2022","ALABAMA","0102970",53,2017,2070,1723,3793,0.545742156604271
"128","2021-2022","ALABAMA","0103000",60,697,757,550,1307,0.579188982402448
"129","2021-2022","ALABAMA","0103030",959,5041,6000,3354,9354,0.64143681847338
"130","2021-2022","ALABAMA","0103062",584,3955,4539,2488,7027,0.645937099758076
"131","2021-2022","ALABAMA","0103090",33,1002,1035,718,1753,0.590416428978893
"132","2021-2022","ALABAMA","0103120",152,982,1134,728,1862,0.609022556390977
"133","2021-2022","ALABAMA","0103150",0,718,718,926,1644,0.436739659367397
"134","2021-2022","ALABAMA","0103180",601,4046,4647,2478,7125,0.652210526315789
"135","2021-2022","ALABAMA","0103210",158,1332,1490,1003,2493,0.597673485760128
"136","2021-2022","ALABAMA","0103240",93,735,828,569,1397,0.592698639942734
"137","2021-2022","ALABAMA","0103270",60,1146,1206,647,1853,0.650836481381543
"138","2021-2022","ALABAMA","0103300",72,604,676,484,1160,0.582758620689655
"139","2021-2022","ALABAMA","0103330",66,1017,1083,795,1878,0.57667731629393
"140","2021-2022","ALABAMA","0103360",342,5652,5994,4286,10280,0.58307392996109
"141","2021-2022","ALABAMA","0103390",753,7248,8001,5954,13955,0.573342887853816
"142","2021-2022","ALABAMA","0103420",44,554,598,483,1081,0.553191489361702
"143","2021-2022","ALABAMA","0103430",18,186,204,187,391,0.521739130434783
"144","2021-2022","ALABAMA","0103450",516,3149,3665,2463,6128,0.598074412532637
"145","2021-2022","ALABAMA","0103480",30,1071,1101,966,2067,0.532656023222061
"146","2021-2022","ALABAMA","0103510",0,1230,1230,961,2191,0.561387494294843
"147","2021-2022","ALABAMA","0103540",73,406,479,304,783,0.611749680715198
"148","2021-2022","ALABAMA","0103580",0,597,597,597,1194,0.5
"149","2021-2022","ALASKA","0200001",0,0,0,0,0,NA
"150","2021-2022","ALASKA","0200003",0,0,0,0,0,NA
"151","2021-2022","ALASKA","0200004",0,0,0,0,0,NA
"152","2021-2022","ALASKA","0200005",0,0,0,0,0,NA
"153","2021-2022","ALASKA","0200006",0,0,0,0,0,NA
"154","2021-2022","ALASKA","0200007",0,0,0,0,0,NA
"155","2021-2022","ALASKA","0200010",0,0,0,0,0,NA
"156","2021-2022","ALASKA","0200020",0,0,0,0,0,NA
"157","2021-2022","ALASKA","0200030",0,0,0,0,0,NA
"158","2021-2022","ALASKA","0200050",0,0,0,0,0,NA
"159","2021-2022","ALASKA","0200060",0,0,0,0,0,NA
"160","2021-2022","ALASKA","0200070",0,0,0,0,0,NA
"161","2021-2022","ALASKA","0200090",0,0,0,0,0,NA
"162","2021-2022","ALASKA","0200100",0,0,0,0,0,NA
"163","2021-2022","ALASKA","0200120",0,0,0,0,0,NA
"164","2021-2022","ALASKA","0200130",0,0,0,0,0,NA
"165","2021-2022","ALASKA","0200150",0,0,0,0,0,NA
"166","2021-2022","ALASKA","0200180",0,0,0,0,0,NA
"167","2021-2022","ALASKA","0200210",0,0,0,0,0,NA
"168","2021-2022","ALASKA","0200240",0,0,0,0,0,NA
"169","2021-2022","ALASKA","0200270",0,0,0,0,0,NA
"170","2021-2022","ALASKA","0200300",0,0,0,0,0,NA
"171","2021-2022","ALASKA","0200330",0,0,0,0,0,NA
"172","2021-2022","ALASKA","0200360",0,0,0,0,0,NA
"173","2021-2022","ALASKA","0200390",0,0,0,0,0,NA
"174","2021-2022","ALASKA","0200450",0,0,0,0,0,NA
"175","2021-2022","ALASKA","0200480",0,0,0,0,0,NA
"176","2021-2022","ALASKA","0200485",0,0,0,0,0,NA
"177","2021-2022","ALASKA","0200510",0,0,0,0,0,NA
"178","2021-2022","ALASKA","0200520",0,0,0,0,0,NA
"179","2021-2022","ALASKA","0200525",0,0,0,0,0,NA
"180","2021-2022","ALASKA","0200540",0,0,0,0,0,NA
"181","2021-2022","ALASKA","0200570",0,0,0,0,0,NA
"182","2021-2022","ALASKA","0200600",0,0,0,0,0,NA
"183","2021-2022","ALASKA","0200610",0,0,0,0,0,NA
"184","2021-2022","ALASKA","0200625",0,0,0,0,0,NA
"185","2021-2022","ALASKA","0200630",0,0,0,0,0,NA
"186","2021-2022","ALASKA","0200660",0,0,0,0,0,NA
"187","2021-2022","ALASKA","0200670",0,0,0,0,0,NA
"188","2021-2022","ALASKA","0200680",0,0,0,0,0,NA
"189","2021-2022","ALASKA","0200690",0,0,0,0,0,NA
"190","2021-2022","ALASKA","0200700",0,0,0,0,0,NA
"191","2021-2022","ALASKA","0200710",0,0,0,0,0,NA
"192","2021-2022","ALASKA","0200715",0,0,0,0,0,NA
"193","2021-2022","ALASKA","0200720",0,0,0,0,0,NA
"194","2021-2022","ALASKA","0200730",0,0,0,0,0,NA
"195","2021-2022","ALASKA","0200760",0,0,0,0,0,NA
"196","2021-2022","ALASKA","0200770",0,0,0,0,0,NA
"197","2021-2022","ALASKA","0200775",0,0,0,0,0,NA
"198","2021-2022","ALASKA","0200780",0,0,0,0,0,NA
"199","2021-2022","ALASKA","0200800",0,0,0,0,0,NA
"200","2021-2022","ALASKA","0200810",0,0,0,0,0,NA
"201","2021-2022","ALASKA","0200840",0,0,0,0,0,NA
"202","2021-2022","ALASKA","0200862",0,0,0,0,0,NA
"203","2021-2022","AMERICAN SAMOA","6000030",0,0,0,0,0,NA
"204","2021-2022","ARIZONA","0400001",0,167,167,167,334,0.5
"205","2021-2022","ARIZONA","0400003",0,744,744,744,1488,0.5
"206","2021-2022","ARIZONA","0400004",0,80,80,80,160,0.5
"207","2021-2022","ARIZONA","0400005",0,32,32,32,64,0.5
"208","2021-2022","ARIZONA","0400016",29,782,811,554,1365,0.594139194139194
"209","2021-2022","ARIZONA","0400018",0,0,0,0,0,NA
"210","2021-2022","ARIZONA","0400019",0,0,0,0,0,NA
"211","2021-2022","ARIZONA","0400020",0,0,0,0,0,NA
"212","2021-2022","ARIZONA","0400021",0,159,159,159,318,0.5
"213","2021-2022","ARIZONA","0400022",1,71,72,48,120,0.6
"214","2021-2022","ARIZONA","0400023",48,754,802,528,1330,0.603007518796992
"215","2021-2022","ARIZONA","0400026",0,66,66,66,132,0.5
"216","2021-2022","ARIZONA","0400028",0,0,0,0,0,NA
"217","2021-2022","ARIZONA","0400031",0,51,51,51,102,0.5
"218","2021-2022","ARIZONA","0400033",27,147,174,67,241,0.721991701244813
"219","2021-2022","ARIZONA","0400034",0,0,0,0,0,NA
"220","2021-2022","ARIZONA","0400037",0,0,0,0,0,NA
"221","2021-2022","ARIZONA","0400040",7,45,52,14,66,0.787878787878788
"222","2021-2022","ARIZONA","0400041",40,247,287,77,364,0.788461538461538
"223","2021-2022","ARIZONA","0400043",0,0,0,0,0,NA
"224","2021-2022","ARIZONA","0400047",5,15,20,13,33,0.606060606060606
"225","2021-2022","ARIZONA","0400052",34,285,319,85,404,0.78960396039604
"226","2021-2022","ARIZONA","0400053",0,0,0,0,0,NA
"227","2021-2022","ARIZONA","0400054",0,0,0,0,0,NA
"228","2021-2022","ARIZONA","0400055",4,43,47,24,71,0.661971830985915
"229","2021-2022","ARIZONA","0400056",0,0,0,0,0,NA
"230","2021-2022","ARIZONA","0400057",0,0,0,0,0,NA
"231","2021-2022","ARIZONA","0400061",0,0,0,0,0,NA
"232","2021-2022","ARIZONA","0400065",0,0,0,0,0,NA
"233","2021-2022","ARIZONA","0400068",0,0,0,0,0,NA
"234","2021-2022","ARIZONA","0400069",0,0,0,0,0,NA
"235","2021-2022","ARIZONA","0400070",0,0,0,0,0,NA
"236","2021-2022","ARIZONA","0400071",0,0,0,0,0,NA
"237","2021-2022","ARIZONA","0400072",0,0,0,0,0,NA
"238","2021-2022","ARIZONA","0400074",0,0,0,0,0,NA
"239","2021-2022","ARIZONA","0400075",0,0,0,0,0,NA
"240","2021-2022","ARIZONA","0400077",2,49,51,21,72,0.708333333333333
"241","2021-2022","ARIZONA","0400078",0,0,0,0,0,NA
"242","2021-2022","ARIZONA","0400079",0,0,0,0,0,NA
"243","2021-2022","ARIZONA","0400081",0,111,111,111,222,0.5
"244","2021-2022","ARIZONA","0400082",0,412,412,412,824,0.5
"245","2021-2022","ARIZONA","0400083",20,570,590,340,930,0.634408602150538
"246","2021-2022","ARIZONA","0400089",0,0,0,0,0,NA
"247","2021-2022","ARIZONA","0400090",0,39,39,39,78,0.5
"248","2021-2022","ARIZONA","0400092",0,81,81,81,162,0.5
"249","2021-2022","ARIZONA","0400093",0,0,0,0,0,NA
"250","2021-2022","ARIZONA","0400094",1,40,41,32,73,0.561643835616438
"251","2021-2022","ARIZONA","0400095",4,100,104,44,148,0.702702702702703
"252","2021-2022","ARIZONA","0400096",0,0,0,0,0,NA
"253","2021-2022","ARIZONA","0400097",0,0,0,0,0,NA
"254","2021-2022","ARIZONA","0400098",0,0,0,0,0,NA
"255","2021-2022","ARIZONA","0400099",0,0,0,0,0,NA
"256","2021-2022","ARIZONA","0400100",0,113,113,113,226,0.5
"257","2021-2022","ARIZONA","0400102",28,235,263,140,403,0.652605459057072
"258","2021-2022","ARIZONA","0400103",0,0,0,0,0,NA
"259","2021-2022","ARIZONA","0400106",0,0,0,0,0,NA
"260","2021-2022","ARIZONA","0400107",0,0,0,0,0,NA
"261","2021-2022","ARIZONA","0400108",0,0,0,0,0,NA
"262","2021-2022","ARIZONA","0400109",9,172,181,83,264,0.685606060606061
"263","2021-2022","ARIZONA","0400111",0,0,0,0,0,NA
"264","2021-2022","ARIZONA","0400112",0,492,492,492,984,0.5
"265","2021-2022","ARIZONA","0400115",0,0,0,0,0,NA
"266","2021-2022","ARIZONA","0400121",0,0,0,0,0,NA
"267","2021-2022","ARIZONA","0400122",24,228,252,70,322,0.782608695652174
"268","2021-2022","ARIZONA","0400124",0,0,0,0,0,NA
"269","2021-2022","ARIZONA","0400126",0,0,0,0,0,NA
"270","2021-2022","ARIZONA","0400129",0,0,0,0,0,NA
"271","2021-2022","ARIZONA","0400130",0,104,104,104,208,0.5
"272","2021-2022","ARIZONA","0400131",0,137,137,137,274,0.5
"273","2021-2022","ARIZONA","0400134",0,0,0,0,0,NA
"274","2021-2022","ARIZONA","0400135",0,55,55,55,110,0.5
"275","2021-2022","ARIZONA","0400141",0,6,6,6,12,0.5
"276","2021-2022","ARIZONA","0400144",6,62,68,22,90,0.755555555555556
"277","2021-2022","ARIZONA","0400145",0,0,0,0,0,NA
"278","2021-2022","ARIZONA","0400147",0,86,86,62,148,0.581081081081081
"279","2021-2022","ARIZONA","0400149",0,196,196,196,392,0.5
"280","2021-2022","ARIZONA","0400150",0,21,21,21,42,0.5
"281","2021-2022","ARIZONA","0400151",0,151,151,45,196,0.770408163265306
"282","2021-2022","ARIZONA","0400153",0,0,0,0,0,NA
"283","2021-2022","ARIZONA","0400154",0,37,37,45,82,0.451219512195122
"284","2021-2022","ARIZONA","0400157",0,65,65,65,130,0.5
"285","2021-2022","ARIZONA","0400159",0,0,0,0,0,NA
"286","2021-2022","ARIZONA","0400163",0,32,32,19,51,0.627450980392157
"287","2021-2022","ARIZONA","0400165",0,0,0,0,0,NA
"288","2021-2022","ARIZONA","0400181",0,0,0,0,0,NA
"289","2021-2022","ARIZONA","0400182",0,0,0,0,0,NA
"290","2021-2022","ARIZONA","0400184",0,73,73,73,146,0.5
"291","2021-2022","ARIZONA","0400185",0,133,133,133,266,0.5
"292","2021-2022","ARIZONA","0400187",0,0,0,0,0,NA
"293","2021-2022","ARIZONA","0400190",0,163,163,163,326,0.5
"294","2021-2022","ARIZONA","0400191",47,681,728,402,1130,0.64424778761062
"295","2021-2022","ARIZONA","0400197",0,0,0,0,0,NA
"296","2021-2022","ARIZONA","0400201",0,0,0,0,0,NA
"297","2021-2022","ARIZONA","0400202",0,92,92,92,184,0.5
"298","2021-2022","ARIZONA","0400204",0,0,0,0,0,NA
"299","2021-2022","ARIZONA","0400205",0,0,0,0,0,NA
"300","2021-2022","ARIZONA","0400208",0,0,0,0,0,NA
"301","2021-2022","ARIZONA","0400209",0,29,29,29,58,0.5
"302","2021-2022","ARIZONA","0400210",0,0,0,0,0,NA
"303","2021-2022","ARIZONA","0400211",0,0,0,0,0,NA
"304","2021-2022","ARIZONA","0400212",0,305,305,305,610,0.5
"305","2021-2022","ARIZONA","0400213",0,50,50,23,73,0.684931506849315
"306","2021-2022","ARIZONA","0400217",0,0,0,0,0,NA
"307","2021-2022","ARIZONA","0400218",0,178,178,178,356,0.5
"308","2021-2022","ARIZONA","0400219",0,436,436,316,752,0.579787234042553
"309","2021-2022","ARIZONA","0400221",0,283,283,192,475,0.595789473684211
"310","2021-2022","ARIZONA","0400223",0,119,119,119,238,0.5
"311","2021-2022","ARIZONA","0400225",0,0,0,0,0,NA
"312","2021-2022","ARIZONA","0400227",0,122,122,102,224,0.544642857142857
"313","2021-2022","ARIZONA","0400229",0,19,19,19,38,0.5
"314","2021-2022","ARIZONA","0400230",19,444,463,255,718,0.644846796657382
"315","2021-2022","ARIZONA","0400231",0,0,0,0,0,NA
"316","2021-2022","ARIZONA","0400232",0,0,0,0,0,NA
"317","2021-2022","ARIZONA","0400235",0,101,101,101,202,0.5
"318","2021-2022","ARIZONA","0400237",0,56,56,56,112,0.5
"319","2021-2022","ARIZONA","0400238",0,0,0,0,0,NA
"320","2021-2022","ARIZONA","0400239",159,506,665,225,890,0.747191011235955
"321","2021-2022","ARIZONA","0400241",0,211,211,211,422,0.5
"322","2021-2022","ARIZONA","0400243",24,117,141,66,207,0.681159420289855
"323","2021-2022","ARIZONA","0400244",0,542,542,264,806,0.672456575682382
"324","2021-2022","ARIZONA","0400246",0,185,185,162,347,0.53314121037464
"325","2021-2022","ARIZONA","0400248",0,59,59,59,118,0.5
"326","2021-2022","ARIZONA","0400254",0,0,0,0,0,NA
"327","2021-2022","ARIZONA","0400255",0,91,91,91,182,0.5
"328","2021-2022","ARIZONA","0400258",0,0,0,0,0,NA
"329","2021-2022","ARIZONA","0400259",0,159,159,231,390,0.407692307692308
"330","2021-2022","ARIZONA","0400261",0,0,0,0,0,NA
"331","2021-2022","ARIZONA","0400263",0,0,0,0,0,NA
"332","2021-2022","ARIZONA","0400264",0,0,0,0,0,NA
"333","2021-2022","ARIZONA","0400266",0,0,0,0,0,NA
"334","2021-2022","ARIZONA","0400267",0,0,0,0,0,NA
"335","2021-2022","ARIZONA","0400268",103,329,432,190,622,0.694533762057878
"336","2021-2022","ARIZONA","0400273",0,0,0,0,0,NA
"337","2021-2022","ARIZONA","0400274",0,0,0,0,0,NA
"338","2021-2022","ARIZONA","0400275",0,0,0,0,0,NA
"339","2021-2022","ARIZONA","0400276",0,0,0,0,0,NA
"340","2021-2022","ARIZONA","0400278",0,0,0,0,0,NA
"341","2021-2022","ARIZONA","0400279",0,18,18,18,36,0.5
"342","2021-2022","ARIZONA","0400280",0,100,100,100,200,0.5
"343","2021-2022","ARIZONA","0400281",0,0,0,0,0,NA
"344","2021-2022","ARIZONA","0400282",138,1213,1351,628,1979,0.68266801414856
"345","2021-2022","ARIZONA","0400284",0,299,299,86,385,0.776623376623377
"346","2021-2022","ARIZONA","0400288",0,57,57,57,114,0.5
"347","2021-2022","ARIZONA","0400290",79,1024,1103,269,1372,0.803935860058309
"348","2021-2022","ARIZONA","0400295",247,3177,3424,2329,5753,0.59516773857118
"349","2021-2022","ARIZONA","0400303",0,0,0,0,0,NA
"350","2021-2022","ARIZONA","0400310",0,90,90,90,180,0.5
"351","2021-2022","ARIZONA","0400311",0,0,0,0,0,NA
"352","2021-2022","ARIZONA","0400315",0,0,0,0,0,NA
"353","2021-2022","ARIZONA","0400316",0,0,0,0,0,NA
"354","2021-2022","ARIZONA","0400317",0,0,0,0,0,NA
"355","2021-2022","ARIZONA","0400318",0,185,185,82,267,0.692883895131086
"356","2021-2022","ARIZONA","0400320",0,97,97,97,194,0.5
"357","2021-2022","ARIZONA","0400321",0,0,0,0,0,NA
"358","2021-2022","ARIZONA","0400322",0,0,0,0,0,NA
"359","2021-2022","ARIZONA","0400323",0,0,0,0,0,NA
"360","2021-2022","ARIZONA","0400326",0,258,258,258,516,0.5
"361","2021-2022","ARIZONA","0400327",0,0,0,0,0,NA
"362","2021-2022","ARIZONA","0400329",0,0,0,0,0,NA
"363","2021-2022","ARIZONA","0400330",0,0,0,0,0,NA
"364","2021-2022","ARIZONA","0400332",0,0,0,0,0,NA
"365","2021-2022","ARIZONA","0400339",0,114,114,114,228,0.5
"366","2021-2022","ARIZONA","0400340",0,149,149,149,298,0.5
"367","2021-2022","ARIZONA","0400341",0,0,0,0,0,NA
"368","2021-2022","ARIZONA","0400343",0,119,119,64,183,0.650273224043716
"369","2021-2022","ARIZONA","0400345",0,0,0,0,0,NA
"370","2021-2022","ARIZONA","0400347",0,0,0,0,0,NA
"371","2021-2022","ARIZONA","0400348",0,0,0,0,0,NA
"372","2021-2022","ARIZONA","0400349",0,0,0,0,0,NA
"373","2021-2022","ARIZONA","0400350",0,30,30,30,60,0.5
"374","2021-2022","ARIZONA","0400351",0,22,22,24,46,0.478260869565217
"375","2021-2022","ARIZONA","0400352",0,70,70,70,140,0.5
"376","2021-2022","ARIZONA","0400353",0,243,243,184,427,0.569086651053864
"377","2021-2022","ARIZONA","0400354",0,135,135,135,270,0.5
"378","2021-2022","ARIZONA","0400355",0,418,418,197,615,0.679674796747967
"379","2021-2022","ARIZONA","0400356",0,159,159,159,318,0.5
"380","2021-2022","ARIZONA","0400357",0,73,73,73,146,0.5
"381","2021-2022","ARIZONA","0400359",0,0,0,0,0,NA
"382","2021-2022","ARIZONA","0400361",0,822,822,822,1644,0.5
"383","2021-2022","ARIZONA","0400363",0,0,0,0,0,NA
"384","2021-2022","ARIZONA","0400364",0,0,0,0,0,NA
"385","2021-2022","ARIZONA","0400366",0,0,0,0,0,NA
"386","2021-2022","ARIZONA","0400367",0,63,63,51,114,0.552631578947368
"387","2021-2022","ARIZONA","0400368",0,200,200,200,400,0.5
"388","2021-2022","ARIZONA","0400370",0,79,79,48,127,0.622047244094488
"389","2021-2022","ARIZONA","0400373",48,319,367,192,559,0.656529516994633
"390","2021-2022","ARIZONA","0400374",0,92,92,92,184,0.5
"391","2021-2022","ARIZONA","0400376",18,223,241,105,346,0.696531791907514
"392","2021-2022","ARIZONA","0400377",0,5,5,5,10,0.5
"393","2021-2022","ARIZONA","0400381",0,0,0,0,0,NA
"394","2021-2022","ARIZONA","0400382",0,80,80,59,139,0.575539568345324
"395","2021-2022","ARIZONA","0400384",0,84,84,84,168,0.5
"396","2021-2022","ARIZONA","0400385",0,117,117,80,197,0.593908629441624
"397","2021-2022","ARIZONA","0400386",0,86,86,86,172,0.5
"398","2021-2022","ARIZONA","0400387",0,48,48,37,85,0.564705882352941
"399","2021-2022","ARIZONA","0400388",0,48,48,48,96,0.5
"400","2021-2022","ARIZONA","0400389",0,285,285,168,453,0.629139072847682
"401","2021-2022","ARIZONA","0400390",0,187,187,187,374,0.5
"402","2021-2022","ARIZONA","0400391",0,0,0,0,0,NA
"403","2021-2022","ARIZONA","0400394",0,0,0,0,0,NA
"404","2021-2022","ARIZONA","0400395",0,139,139,139,278,0.5
"405","2021-2022","ARIZONA","0400396",0,47,47,47,94,0.5
"406","2021-2022","ARIZONA","0400397",0,86,86,84,170,0.505882352941176
"407","2021-2022","ARIZONA","0400399",0,0,0,0,0,NA
"408","2021-2022","ARIZONA","0400401",0,58,58,58,116,0.5
"409","2021-2022","ARIZONA","0400402",0,394,394,169,563,0.699822380106572
"410","2021-2022","ARIZONA","0400403",0,0,0,0,0,NA
"411","2021-2022","ARIZONA","0400404",0,0,0,0,0,NA
"412","2021-2022","ARIZONA","0400405",0,147,147,70,217,0.67741935483871
"413","2021-2022","ARIZONA","0400406",0,31,31,31,62,0.5
"414","2021-2022","ARIZONA","0400407",0,68,68,68,136,0.5
"415","2021-2022","ARIZONA","0400409",0,0,0,0,0,NA
"416","2021-2022","ARIZONA","0400413",0,130,130,130,260,0.5
"417","2021-2022","ARIZONA","0400414",0,0,0,0,0,NA
"418","2021-2022","ARIZONA","0400415",0,37,37,37,74,0.5
"419","2021-2022","ARIZONA","0400417",0,92,92,92,184,0.5
"420","2021-2022","ARIZONA","0400419",0,0,0,0,0,NA
"421","2021-2022","ARIZONA","0400420",0,5,5,5,10,0.5
"422","2021-2022","ARIZONA","0400423",0,0,0,0,0,NA
"423","2021-2022","ARIZONA","0400424",0,66,66,66,132,0.5
"424","2021-2022","ARIZONA","0400425",0,158,158,158,316,0.5
"425","2021-2022","ARIZONA","0400427",0,0,0,0,0,NA
"426","2021-2022","ARIZONA","0400429",0,0,0,0,0,NA
"427","2021-2022","ARIZONA","0400432",0,0,0,0,0,NA
"428","2021-2022","ARIZONA","0400438",57,605,662,304,966,0.685300207039337
"429","2021-2022","ARIZONA","0400439",0,0,0,0,0,NA
"430","2021-2022","ARIZONA","0400440",0,0,0,0,0,NA
"431","2021-2022","ARIZONA","0400441",0,42,42,42,84,0.5
"432","2021-2022","ARIZONA","0400442",0,21,21,21,42,0.5
"433","2021-2022","ARIZONA","0400444",0,82,82,82,164,0.5
"434","2021-2022","ARIZONA","0400445",0,287,287,148,435,0.659770114942529
"435","2021-2022","ARIZONA","0400447",0,89,89,89,178,0.5
"436","2021-2022","ARIZONA","0400448",0,14,14,14,28,0.5
"437","2021-2022","ARIZONA","0400450",0,1144,1144,1144,2288,0.5
"438","2021-2022","ARIZONA","0400455",0,0,0,0,0,NA
"439","2021-2022","ARIZONA","0400463",0,0,0,0,0,NA
"440","2021-2022","ARIZONA","0400480",0,32,32,32,64,0.5
"441","2021-2022","ARIZONA","0400520",61,231,292,113,405,0.720987654320988
"442","2021-2022","ARIZONA","0400600",197,5730,5927,4102,10029,0.590986140193439
"443","2021-2022","ARIZONA","0400608",0,0,0,0,0,NA
"444","2021-2022","ARIZONA","0400610",0,136,136,136,272,0.5
"445","2021-2022","ARIZONA","0400612",0,0,0,0,0,NA
"446","2021-2022","ARIZONA","0400613",0,0,0,0,0,NA
"447","2021-2022","ARIZONA","0400614",0,209,209,0,209,1
"448","2021-2022","ARIZONA","0400615",0,0,0,0,0,NA
"449","2021-2022","ARIZONA","0400616",0,0,0,0,0,NA
"450","2021-2022","ARIZONA","0400618",0,233,233,233,466,0.5
"451","2021-2022","ARIZONA","0400619",0,194,194,194,388,0.5
"452","2021-2022","ARIZONA","0400621",0,0,0,0,0,NA
"453","2021-2022","ARIZONA","0400625",0,0,0,0,0,NA
"454","2021-2022","ARIZONA","0400626",0,0,0,0,0,NA
"455","2021-2022","ARIZONA","0400630",0,0,0,0,0,NA
"456","2021-2022","ARIZONA","0400632",0,194,194,0,194,1
"457","2021-2022","ARIZONA","0400633",0,0,0,0,0,NA
"458","2021-2022","ARIZONA","0400636",0,0,0,0,0,NA
"459","2021-2022","ARIZONA","0400637",0,77,77,77,154,0.5
"460","2021-2022","ARIZONA","0400638",0,79,79,79,158,0.5
"461","2021-2022","ARIZONA","0400640",0,46,46,37,83,0.55421686746988
"462","2021-2022","ARIZONA","0400641",0,95,95,91,186,0.510752688172043
"463","2021-2022","ARIZONA","0400649",0,231,231,231,462,0.5
"464","2021-2022","ARIZONA","0400650",0,11,11,11,22,0.5
"465","2021-2022","ARIZONA","0400653",0,65,65,65,130,0.5
"466","2021-2022","ARIZONA","0400655",0,0,0,0,0,NA
"467","2021-2022","ARIZONA","0400656",0,0,0,0,0,NA
"468","2021-2022","ARIZONA","0400680",295,2759,3054,2947,6001,0.508915180803199
"469","2021-2022","ARIZONA","0400720",39,118,157,39,196,0.801020408163265
"470","2021-2022","ARIZONA","0400745",0,169,169,169,338,0.5
"471","2021-2022","ARIZONA","0400746",0,0,0,0,0,NA
"472","2021-2022","ARIZONA","0400747",0,0,0,0,0,NA
"473","2021-2022","ARIZONA","0400748",0,80,80,76,156,0.512820512820513
"474","2021-2022","ARIZONA","0400750",0,0,0,0,0,NA
"475","2021-2022","ARIZONA","0400751",0,103,103,35,138,0.746376811594203
"476","2021-2022","ARIZONA","0400752",0,0,0,0,0,NA
"477","2021-2022","ARIZONA","0400754",36,382,418,152,570,0.733333333333333
"478","2021-2022","ARIZONA","0400755",0,0,0,0,0,NA
"479","2021-2022","ARIZONA","0400756",1,143,144,59,203,0.70935960591133
"480","2021-2022","ARIZONA","0400757",0,0,0,0,0,NA
"481","2021-2022","ARIZONA","0400758",0,0,0,0,0,NA
"482","2021-2022","ARIZONA","0400760",0,0,0,0,0,NA
"483","2021-2022","ARIZONA","0400763",0,143,143,143,286,0.5
"484","2021-2022","ARIZONA","0400764",0,115,115,115,230,0.5
"485","2021-2022","ARIZONA","0400766",0,420,420,212,632,0.664556962025316
"486","2021-2022","ARIZONA","0400768",0,50,50,35,85,0.588235294117647
"487","2021-2022","ARIZONA","0400769",0,325,325,174,499,0.651302605210421
"488","2021-2022","ARIZONA","0400770",0,31,31,31,62,0.5
"489","2021-2022","ARIZONA","0400771",0,0,0,0,0,NA
"490","2021-2022","ARIZONA","0400772",0,0,0,0,0,NA
"491","2021-2022","ARIZONA","0400774",0,165,165,165,330,0.5
"492","2021-2022","ARIZONA","0400775",0,0,0,0,0,NA
"493","2021-2022","ARIZONA","0400776",0,367,367,249,616,0.595779220779221
"494","2021-2022","ARIZONA","0400778",0,152,152,152,304,0.5
"495","2021-2022","ARIZONA","0400780",0,315,315,158,473,0.665961945031712
"496","2021-2022","ARIZONA","0400781",0,222,222,222,444,0.5
"497","2021-2022","ARIZONA","0400782",0,0,0,0,0,NA
"498","2021-2022","ARIZONA","0400783",0,50,50,50,100,0.5
"499","2021-2022","ARIZONA","0400785",33,170,203,94,297,0.683501683501683
"500","2021-2022","ARIZONA","0400786",0,101,101,101,202,0.5
"501","2021-2022","ARIZONA","0400787",0,69,69,48,117,0.58974358974359
"502","2021-2022","ARIZONA","0400788",0,34,34,34,68,0.5
"503","2021-2022","ARIZONA","0400789",0,138,138,106,244,0.565573770491803
"504","2021-2022","ARIZONA","0400790",50,1006,1056,842,1898,0.556375131717597
"505","2021-2022","ARIZONA","0400792",15,150,165,75,240,0.6875
"506","2021-2022","ARIZONA","0400793",0,106,106,106,212,0.5
"507","2021-2022","ARIZONA","0400794",0,0,0,0,0,NA
"508","2021-2022","ARIZONA","0400796",0,39,39,39,78,0.5
"509","2021-2022","ARIZONA","0400797",28,266,294,210,504,0.583333333333333
"510","2021-2022","ARIZONA","0400798",0,107,107,107,214,0.5
"511","2021-2022","ARIZONA","0400799",0,44,44,44,88,0.5
"512","2021-2022","ARIZONA","0400800",0,0,0,0,0,NA
"513","2021-2022","ARIZONA","0400801",0,182,182,135,317,0.574132492113565
"514","2021-2022","ARIZONA","0400802",0,165,165,79,244,0.676229508196721
"515","2021-2022","ARIZONA","0400803",0,150,150,150,300,0.5
"516","2021-2022","ARIZONA","0400805",0,50,50,50,100,0.5
"517","2021-2022","ARIZONA","0400807",0,28,28,28,56,0.5
"518","2021-2022","ARIZONA","0400810",0,32,32,32,64,0.5
"519","2021-2022","ARIZONA","0400814",0,44,44,26,70,0.628571428571429
"520","2021-2022","ARIZONA","0400815",0,78,78,40,118,0.661016949152542
"521","2021-2022","ARIZONA","0400816",0,0,0,0,0,NA
"522","2021-2022","ARIZONA","0400817",0,32,32,18,50,0.64
"523","2021-2022","ARIZONA","0400818",0,0,0,0,0,NA
"524","2021-2022","ARIZONA","0400819",0,0,0,0,0,NA
"525","2021-2022","ARIZONA","0400820",0,0,0,0,0,NA
"526","2021-2022","ARIZONA","0400821",12,137,149,50,199,0.748743718592965
"527","2021-2022","ARIZONA","0400822",0,47,47,47,94,0.5
"528","2021-2022","ARIZONA","0400823",0,62,62,62,124,0.5
"529","2021-2022","ARIZONA","0400824",0,150,150,150,300,0.5
"530","2021-2022","ARIZONA","0400827",0,0,0,0,0,NA
"531","2021-2022","ARIZONA","0400828",0,0,0,0,0,NA
"532","2021-2022","ARIZONA","0400829",0,0,0,0,0,NA
"533","2021-2022","ARIZONA","0400830",0,0,0,0,0,NA
"534","2021-2022","ARIZONA","0400831",0,0,0,0,0,NA
"535","2021-2022","ARIZONA","0400832",0,0,0,0,0,NA
"536","2021-2022","ARIZONA","0400833",0,0,0,0,0,NA
"537","2021-2022","ARIZONA","0400834",0,0,0,0,0,NA
"538","2021-2022","ARIZONA","0400838",0,0,0,0,0,NA
"539","2021-2022","ARIZONA","0400839",0,0,0,0,0,NA
"540","2021-2022","ARIZONA","0400840",24,173,197,61,258,0.763565891472868
"541","2021-2022","ARIZONA","0400841",0,0,0,0,0,NA
"542","2021-2022","ARIZONA","0400842",0,131,131,131,262,0.5
"543","2021-2022","ARIZONA","0400843",0,0,0,0,0,NA
"544","2021-2022","ARIZONA","0400844",0,0,0,0,0,NA
"545","2021-2022","ARIZONA","0400845",0,66,66,66,132,0.5
"546","2021-2022","ARIZONA","0400846",23,180,203,111,314,0.646496815286624
"547","2021-2022","ARIZONA","0400847",0,175,175,175,350,0.5
"548","2021-2022","ARIZONA","0400849",0,85,85,78,163,0.521472392638037
"549","2021-2022","ARIZONA","0400850",0,0,0,0,0,NA
"550","2021-2022","ARIZONA","0400851",0,0,0,0,0,NA
"551","2021-2022","ARIZONA","0400852",0,46,46,46,92,0.5
"552","2021-2022","ARIZONA","0400853",24,242,266,150,416,0.639423076923077
"553","2021-2022","ARIZONA","0400855",0,89,89,89,178,0.5
"554","2021-2022","ARIZONA","0400857",0,0,0,0,0,NA
"555","2021-2022","ARIZONA","0400858",0,59,59,59,118,0.5
"556","2021-2022","ARIZONA","0400859",0,0,0,0,0,NA
"557","2021-2022","ARIZONA","0400861",0,0,0,0,0,NA
"558","2021-2022","ARIZONA","0400863",0,251,251,251,502,0.5
"559","2021-2022","ARIZONA","0400864",0,99,99,99,198,0.5
"560","2021-2022","ARIZONA","0400866",0,0,0,0,0,NA
"561","2021-2022","ARIZONA","0400867",0,0,0,0,0,NA
"562","2021-2022","ARIZONA","0400868",0,0,0,0,0,NA
"563","2021-2022","ARIZONA","0400870",1,22,23,4,27,0.851851851851852
"564","2021-2022","ARIZONA","0400871",0,246,246,246,492,0.5
"565","2021-2022","ARIZONA","0400872",0,16,16,16,32,0.5
"566","2021-2022","ARIZONA","0400873",0,0,0,0,0,NA
"567","2021-2022","ARIZONA","0400875",0,210,210,210,420,0.5
"568","2021-2022","ARIZONA","0400876",0,100,100,53,153,0.65359477124183
"569","2021-2022","ARIZONA","0400877",0,368,368,368,736,0.5
"570","2021-2022","ARIZONA","0400878",0,0,0,0,0,NA
"571","2021-2022","ARIZONA","0400879",0,0,0,0,0,NA
"572","2021-2022","ARIZONA","0400880",0,166,166,90,256,0.6484375
"573","2021-2022","ARIZONA","0400881",0,0,0,0,0,NA
"574","2021-2022","ARIZONA","0400882",0,39,39,41,80,0.4875
"575","2021-2022","ARIZONA","0400884",0,0,0,0,0,NA
"576","2021-2022","ARIZONA","0400885",0,50,50,50,100,0.5
"577","2021-2022","ARIZONA","0400886",0,0,0,0,0,NA
"578","2021-2022","ARIZONA","0400887",0,369,369,369,738,0.5
"579","2021-2022","ARIZONA","0400888",0,0,0,0,0,NA
"580","2021-2022","ARIZONA","0400890",0,109,109,109,218,0.5
"581","2021-2022","ARIZONA","0400891",0,1742,1742,1742,3484,0.5
"582","2021-2022","ARIZONA","0400892",0,261,261,261,522,0.5
"583","2021-2022","ARIZONA","0400893",0,153,153,66,219,0.698630136986301
"584","2021-2022","ARIZONA","0400894",0,36,36,36,72,0.5
"585","2021-2022","ARIZONA","0400895",0,146,146,146,292,0.5
"586","2021-2022","ARIZONA","0400897",0,0,0,0,0,NA
"587","2021-2022","ARIZONA","0400898",0,0,0,0,0,NA
"588","2021-2022","ARIZONA","0400899",0,64,64,64,128,0.5
"589","2021-2022","ARIZONA","0400900",0,0,0,0,0,NA
"590","2021-2022","ARIZONA","0400902",0,0,0,0,0,NA
"591","2021-2022","ARIZONA","0400903",0,0,0,0,0,NA
"592","2021-2022","ARIZONA","0400904",0,184,184,184,368,0.5
"593","2021-2022","ARIZONA","0400905",0,0,0,0,0,NA
"594","2021-2022","ARIZONA","0400907",1,42,43,24,67,0.641791044776119
"595","2021-2022","ARIZONA","0400909",0,70,70,70,140,0.5
"596","2021-2022","ARIZONA","0400910",30,189,219,85,304,0.720394736842105
"597","2021-2022","ARIZONA","0400911",0,0,0,0,0,NA
"598","2021-2022","ARIZONA","0400912",0,48,48,48,96,0.5
"599","2021-2022","ARIZONA","0400913",0,92,92,92,184,0.5
"600","2021-2022","ARIZONA","0400914",0,39,39,24,63,0.619047619047619
"601","2021-2022","ARIZONA","0400915",0,81,81,81,162,0.5
"602","2021-2022","ARIZONA","0400916",0,137,137,137,274,0.5
"603","2021-2022","ARIZONA","0400918",0,0,0,0,0,NA
"604","2021-2022","ARIZONA","0400919",0,0,0,0,0,NA
"605","2021-2022","ARIZONA","0400920",0,0,0,0,0,NA
"606","2021-2022","ARIZONA","0400921",0,0,0,0,0,NA
"607","2021-2022","ARIZONA","0400922",0,0,0,0,0,NA
"608","2021-2022","ARIZONA","0400924",0,138,138,138,276,0.5
"609","2021-2022","ARIZONA","0400925",0,0,0,0,0,NA
"610","2021-2022","ARIZONA","0400926",0,0,0,0,0,NA
"611","2021-2022","ARIZONA","0400927",0,74,74,74,148,0.5
"612","2021-2022","ARIZONA","0400929",0,69,69,69,138,0.5
"613","2021-2022","ARIZONA","0400930",0,0,0,0,0,NA
"614","2021-2022","ARIZONA","0400933",0,174,174,174,348,0.5
"615","2021-2022","ARIZONA","0400934",0,128,128,128,256,0.5
"616","2021-2022","ARIZONA","0400936",0,0,0,0,0,NA
"617","2021-2022","ARIZONA","0400937",0,0,0,0,0,NA
"618","2021-2022","ARIZONA","0400939",0,36,36,27,63,0.571428571428571
"619","2021-2022","ARIZONA","0400940",0,347,347,347,694,0.5
"620","2021-2022","ARIZONA","0400941",0,0,0,0,0,NA
"621","2021-2022","ARIZONA","0400942",0,262,262,143,405,0.646913580246914
"622","2021-2022","ARIZONA","0400943",0,0,0,0,0,NA
"623","2021-2022","ARIZONA","0400944",0,0,0,0,0,NA
"624","2021-2022","ARIZONA","0400945",0,191,191,74,265,0.720754716981132
"625","2021-2022","ARIZONA","0400946",0,41,41,41,82,0.5
"626","2021-2022","ARIZONA","0400947",0,0,0,0,0,NA
"627","2021-2022","ARIZONA","0400948",0,203,203,203,406,0.5
"628","2021-2022","ARIZONA","0400950",0,0,0,0,0,NA
"629","2021-2022","ARIZONA","0400951",0,54,54,54,108,0.5
"630","2021-2022","ARIZONA","0400952",0,60,60,60,120,0.5
"631","2021-2022","ARIZONA","0400953",0,179,179,179,358,0.5
"632","2021-2022","ARIZONA","0400954",0,156,156,156,312,0.5
"633","2021-2022","ARIZONA","0400955",0,59,59,59,118,0.5
"634","2021-2022","ARIZONA","0400956",0,21,21,21,42,0.5
"635","2021-2022","ARIZONA","0400958",0,0,0,0,0,NA
"636","2021-2022","ARIZONA","0400959",0,300,300,300,600,0.5
"637","2021-2022","ARIZONA","0400960",0,1749,1749,1749,3498,0.5
"638","2021-2022","ARIZONA","0400961",0,79,79,79,158,0.5
"639","2021-2022","ARIZONA","0400962",0,171,171,171,342,0.5
"640","2021-2022","ARIZONA","0400963",0,0,0,0,0,NA
"641","2021-2022","ARIZONA","0400964",0,473,473,219,692,0.683526011560694
"642","2021-2022","ARIZONA","0400965",0,0,0,0,0,NA
"643","2021-2022","ARIZONA","0400966",0,60,60,60,120,0.5
"644","2021-2022","ARIZONA","0400967",0,0,0,0,0,NA
"645","2021-2022","ARIZONA","0400968",0,305,305,161,466,0.65450643776824
"646","2021-2022","ARIZONA","0400969",0,0,0,0,0,NA
"647","2021-2022","ARIZONA","0400970",0,0,0,0,0,NA
"648","2021-2022","ARIZONA","0400975",0,41,41,41,82,0.5
"649","2021-2022","ARIZONA","0400976",0,9,9,9,18,0.5
"650","2021-2022","ARIZONA","0400977",0,0,0,0,0,NA
"651","2021-2022","ARIZONA","0400978",17,104,121,68,189,0.64021164021164
"652","2021-2022","ARIZONA","0400980",0,0,0,0,0,NA
"653","2021-2022","ARIZONA","0400981",0,0,0,0,0,NA
"654","2021-2022","ARIZONA","0400987",0,33,33,33,66,0.5
"655","2021-2022","ARIZONA","0400988",0,0,0,0,0,NA
"656","2021-2022","ARIZONA","0400989",0,16,16,16,32,0.5
"657","2021-2022","ARIZONA","0400990",0,0,0,0,0,NA
"658","2021-2022","ARIZONA","0400991",0,118,118,118,236,0.5
"659","2021-2022","ARIZONA","0400992",0,0,0,0,0,NA
"660","2021-2022","ARIZONA","0400993",1,40,41,25,66,0.621212121212121
"661","2021-2022","ARIZONA","0400994",0,0,0,0,0,NA
"662","2021-2022","ARIZONA","0400995",0,24,24,24,48,0.5
"663","2021-2022","ARIZONA","0400996",0,100,100,100,200,0.5
"664","2021-2022","ARIZONA","0400997",0,112,112,112,224,0.5
"665","2021-2022","ARIZONA","0400998",0,36,36,36,72,0.5
"666","2021-2022","ARIZONA","0400999",0,0,0,0,0,NA
"667","2021-2022","ARIZONA","0401000",0,64,64,64,128,0.5
"668","2021-2022","ARIZONA","0401002",0,58,58,58,116,0.5
"669","2021-2022","ARIZONA","0401003",0,98,98,98,196,0.5
"670","2021-2022","ARIZONA","0401004",0,0,0,0,0,NA
"671","2021-2022","ARIZONA","0401005",0,12,12,12,24,0.5
"672","2021-2022","ARIZONA","0401006",0,66,66,66,132,0.5
"673","2021-2022","ARIZONA","0401007",0,70,70,70,140,0.5
"674","2021-2022","ARIZONA","0401008",0,87,87,87,174,0.5
"675","2021-2022","ARIZONA","0401010",0,0,0,0,0,NA
"676","2021-2022","ARIZONA","0401012",0,0,0,0,0,NA
"677","2021-2022","ARIZONA","0401013",0,0,0,0,0,NA
"678","2021-2022","ARIZONA","0401014",0,0,0,0,0,NA
"679","2021-2022","ARIZONA","0401015",0,0,0,0,0,NA
"680","2021-2022","ARIZONA","0401050",122,1922,2044,987,3031,0.674364896073903
"681","2021-2022","ARIZONA","0401080",3,181,184,87,271,0.678966789667897
"682","2021-2022","ARIZONA","0401160",23,85,108,38,146,0.73972602739726
"683","2021-2022","ARIZONA","0401180",0,258,258,258,516,0.5
"684","2021-2022","ARIZONA","0401230",0,0,0,0,0,NA
"685","2021-2022","ARIZONA","0401260",0,13,13,13,26,0.5
"686","2021-2022","ARIZONA","0401290",1,34,35,19,54,0.648148148148148
"687","2021-2022","ARIZONA","0401330",0,19,19,19,38,0.5
"688","2021-2022","ARIZONA","0401380",0,1624,1624,1624,3248,0.5
"689","2021-2022","ARIZONA","0401410",0,798,798,798,1596,0.5
"690","2021-2022","ARIZONA","0401460",24,1365,1389,1129,2518,0.551628276409849
"691","2021-2022","ARIZONA","0401500",150,1623,1773,996,2769,0.640303358613218
"692","2021-2022","ARIZONA","0401600",0,410,410,410,820,0.5
"693","2021-2022","ARIZONA","0401650",14,85,99,56,155,0.638709677419355
"694","2021-2022","ARIZONA","0401680",0,5350,5350,5348,10698,0.500093475415966
"695","2021-2022","ARIZONA","0401710",158,3218,3376,2297,5673,0.595099594570774
"696","2021-2022","ARIZONA","0401740",0,872,872,872,1744,0.5
"697","2021-2022","ARIZONA","0401760",0,300,300,300,600,0.5
"698","2021-2022","ARIZONA","0401810",3,115,118,80,198,0.595959595959596
"699","2021-2022","ARIZONA","0401870",119,4918,5037,4254,9291,0.542137552470132
"700","2021-2022","ARIZONA","0401940",20,1507,1527,1103,2630,0.580608365019011
"701","2021-2022","ARIZONA","0402130",0,10,10,10,20,0.5
"702","2021-2022","ARIZONA","0402190",1,142,143,78,221,0.647058823529412
"703","2021-2022","ARIZONA","0402220",0,18,18,18,36,0.5
"704","2021-2022","ARIZONA","0402250",0,82,82,82,164,0.5
"705","2021-2022","ARIZONA","0402320",158,1472,1630,860,2490,0.654618473895582
"706","2021-2022","ARIZONA","0402370",0,0,0,0,0,NA
"707","2021-2022","ARIZONA","0402400",382,3187,3569,2244,5813,0.613968690865302
"708","2021-2022","ARIZONA","0402430",0,1818,1818,1818,3636,0.5
"709","2021-2022","ARIZONA","0402460",0,0,0,0,0,NA
"710","2021-2022","ARIZONA","0402480",0,17,17,17,34,0.5
"711","2021-2022","ARIZONA","0402490",0,0,0,0,0,NA
"712","2021-2022","ARIZONA","0402530",220,2413,2633,1615,4248,0.619821092278719
"713","2021-2022","ARIZONA","0402600",0,55,55,55,110,0.5
"714","2021-2022","ARIZONA","0402690",0,4678,4678,4678,9356,0.5
"715","2021-2022","ARIZONA","0402740",21,112,133,59,192,0.692708333333333
"716","2021-2022","ARIZONA","0402760",0,28,28,28,56,0.5
"717","2021-2022","ARIZONA","0402790",24,632,656,371,1027,0.638753651411879
"718","2021-2022","ARIZONA","0402860",57,2091,2148,1873,4021,0.534195473762746
"719","2021-2022","ARIZONA","0402920",0,2016,2016,2016,4032,0.5
"720","2021-2022","ARIZONA","0403010",0,1860,1860,1860,3720,0.5
"721","2021-2022","ARIZONA","0403040",0,145,145,145,290,0.5
"722","2021-2022","ARIZONA","0403060",0,1032,1032,1032,2064,0.5
"723","2021-2022","ARIZONA","0403080",0,46,46,46,92,0.5
"724","2021-2022","ARIZONA","0403150",0,21,21,21,42,0.5
"725","2021-2022","ARIZONA","0403200",29,476,505,316,821,0.61510353227771
"726","2021-2022","ARIZONA","0403240",383,3911,4294,2230,6524,0.658185162477008
"727","2021-2022","ARIZONA","0403290",15,736,751,490,1241,0.605157131345689
"728","2021-2022","ARIZONA","0403310",0,448,448,135,583,0.76843910806175
"729","2021-2022","ARIZONA","0403400",0,3278,3278,3278,6556,0.5
"730","2021-2022","ARIZONA","0403420",430,7345,7775,3477,11252,0.690988268752222
"731","2021-2022","ARIZONA","0403450",0,4085,4085,4085,8170,0.5
"732","2021-2022","ARIZONA","0403500",0,421,421,421,842,0.5
"733","2021-2022","ARIZONA","0403550",0,31,31,31,62,0.5
"734","2021-2022","ARIZONA","0403660",4,28,32,15,47,0.680851063829787
"735","2021-2022","ARIZONA","0403730",20,173,193,116,309,0.624595469255663
"736","2021-2022","ARIZONA","0403780",0,905,905,905,1810,0.5
"737","2021-2022","ARIZONA","0403820",140,1169,1309,758,2067,0.633284954039671
"738","2021-2022","ARIZONA","0403860",8,96,104,60,164,0.634146341463415
"739","2021-2022","ARIZONA","0403870",0,1027,1027,1027,2054,0.5
"740","2021-2022","ARIZONA","0403900",2,72,74,33,107,0.691588785046729
"741","2021-2022","ARIZONA","0403950",80,679,759,539,1298,0.584745762711864
"742","2021-2022","ARIZONA","0403960",371,3817,4188,1792,5980,0.700334448160535
"743","2021-2022","ARIZONA","0403990",0,824,824,824,1648,0.5
"744","2021-2022","ARIZONA","0404010",0,66,66,66,132,0.5
"745","2021-2022","ARIZONA","0404060",112,1252,1364,786,2150,0.634418604651163
"746","2021-2022","ARIZONA","0404170",8,56,64,15,79,0.810126582278481
"747","2021-2022","ARIZONA","0404230",0,2225,2225,2225,4450,0.5
"748","2021-2022","ARIZONA","0404280",0,929,929,929,1858,0.5
"749","2021-2022","ARIZONA","0404290",0,1956,1956,1956,3912,0.5
"750","2021-2022","ARIZONA","0404320",0,608,608,608,1216,0.5
"751","2021-2022","ARIZONA","0404380",0,1301,1301,1301,2602,0.5
"752","2021-2022","ARIZONA","0404410",0,78,78,78,156,0.5
"753","2021-2022","ARIZONA","0404440",0,1615,1615,1615,3230,0.5
"754","2021-2022","ARIZONA","0404500",0,908,908,908,1816,0.5
"755","2021-2022","ARIZONA","0404530",0,17,17,17,34,0.5
"756","2021-2022","ARIZONA","0404570",0,58,58,58,116,0.5
"757","2021-2022","ARIZONA","0404630",0,2047,2047,2047,4094,0.5
"758","2021-2022","ARIZONA","0404720",0,1648,1648,1648,3296,0.5
"759","2021-2022","ARIZONA","0404770",56,391,447,240,687,0.650655021834061
"760","2021-2022","ARIZONA","0404820",0,208,208,208,416,0.5
"761","2021-2022","ARIZONA","0404860",5,103,108,0,108,1
"762","2021-2022","ARIZONA","0404920",0,15,15,15,30,0.5
"763","2021-2022","ARIZONA","0404970",0,13348,13348,13348,26696,0.5
"764","2021-2022","ARIZONA","0405030",0,313,313,313,626,0.5
"765","2021-2022","ARIZONA","0405070",0,165,165,165,330,0.5
"766","2021-2022","ARIZONA","0405100",3,15,18,5,23,0.782608695652174
"767","2021-2022","ARIZONA","0405190",0,354,354,354,708,0.5
"768","2021-2022","ARIZONA","0405220",32,78,110,30,140,0.785714285714286
"769","2021-2022","ARIZONA","0405320",0,150,150,150,300,0.5
"770","2021-2022","ARIZONA","0405340",10,86,96,34,130,0.738461538461539
"771","2021-2022","ARIZONA","0405360",0,0,0,0,0,NA
"772","2021-2022","ARIZONA","0405400",69,1072,1141,591,1732,0.658775981524249
"773","2021-2022","ARIZONA","0405430",0,102,102,102,204,0.5
"774","2021-2022","ARIZONA","0405460",0,214,214,214,428,0.5
"775","2021-2022","ARIZONA","0405500",1,3,4,3,7,0.571428571428571
"776","2021-2022","ARIZONA","0405530",517,3713,4230,1917,6147,0.68814055636896
"777","2021-2022","ARIZONA","0405640",0,130,130,130,260,0.5
"778","2021-2022","ARIZONA","0405670",274,1786,2060,818,2878,0.715774843641418
"779","2021-2022","ARIZONA","0405730",0,5,5,5,10,0.5
"780","2021-2022","ARIZONA","0405760",0,28,28,28,56,0.5
"781","2021-2022","ARIZONA","0405820",58,1223,1281,923,2204,0.581215970961887
"782","2021-2022","ARIZONA","0405850",0,107,107,107,214,0.5
"783","2021-2022","ARIZONA","0405880",0,209,209,209,418,0.5
"784","2021-2022","ARIZONA","0405930",0,4262,4262,4262,8524,0.5
"785","2021-2022","ARIZONA","0405980",56,1117,1173,574,1747,0.671436748712078
"786","2021-2022","ARIZONA","0406000",0,29,29,29,58,0.5
"787","2021-2022","ARIZONA","0406030",0,16,16,16,32,0.5
"788","2021-2022","ARIZONA","0406070",0,546,546,546,1092,0.5
"789","2021-2022","ARIZONA","0406120",17,83,100,58,158,0.632911392405063
"790","2021-2022","ARIZONA","0406150",0,49,49,49,98,0.5
"791","2021-2022","ARIZONA","0406210",532,3605,4137,2171,6308,0.655833861762841
"792","2021-2022","ARIZONA","0406250",0,6790,6790,6790,13580,0.5
"793","2021-2022","ARIZONA","0406300",0,2116,2116,2116,4232,0.5
"794","2021-2022","ARIZONA","0406330",2158,19914,22072,6786,28858,0.76484856885439
"795","2021-2022","ARIZONA","0406360",12,108,120,78,198,0.606060606060606
"796","2021-2022","ARIZONA","0406440",0,192,192,192,384,0.5
"797","2021-2022","ARIZONA","0406510",0,20,20,20,40,0.5
"798","2021-2022","ARIZONA","0406580",0,463,463,463,926,0.5
"799","2021-2022","ARIZONA","0406630",0,27,27,27,54,0.5
"800","2021-2022","ARIZONA","0406730",0,497,497,497,994,0.5
"801","2021-2022","ARIZONA","0406740",6,495,501,310,811,0.617755856966708
"802","2021-2022","ARIZONA","0406780",11,114,125,50,175,0.714285714285714
"803","2021-2022","ARIZONA","0406810",0,763,763,763,1526,0.5
"804","2021-2022","ARIZONA","0406850",0,111,111,111,222,0.5
"805","2021-2022","ARIZONA","0406870",9,304,313,201,514,0.608949416342412
"806","2021-2022","ARIZONA","0406900",0,64,64,64,128,0.5
"807","2021-2022","ARIZONA","0406960",51,1027,1078,806,1884,0.572186836518047
"808","2021-2022","ARIZONA","0407020",0,248,248,248,496,0.5
"809","2021-2022","ARIZONA","0407080",673,5665,6338,2841,9179,0.69048916003922
"810","2021-2022","ARIZONA","0407130",0,285,285,285,570,0.5
"811","2021-2022","ARIZONA","0407170",0,614,614,614,1228,0.5
"812","2021-2022","ARIZONA","0407200",44,406,450,321,771,0.583657587548638
"813","2021-2022","ARIZONA","0407240",0,762,762,762,1524,0.5
"814","2021-2022","ARIZONA","0407300",0,891,891,891,1782,0.5
"815","2021-2022","ARIZONA","0407380",0,0,0,0,0,NA
"816","2021-2022","ARIZONA","0407430",0,14,14,14,28,0.5
"817","2021-2022","ARIZONA","0407500",0,27,27,27,54,0.5
"818","2021-2022","ARIZONA","0407520",397,2320,2717,1054,3771,0.720498541500928
"819","2021-2022","ARIZONA","0407530",0,105,105,105,210,0.5
"820","2021-2022","ARIZONA","0407570",0,1968,1968,1968,3936,0.5
"821","2021-2022","ARIZONA","0407630",0,46,46,46,92,0.5
"822","2021-2022","ARIZONA","0407680",3,23,26,3,29,0.896551724137931
"823","2021-2022","ARIZONA","0407700",0,497,497,497,994,0.5
"824","2021-2022","ARIZONA","0407750",0,3995,3995,3995,7990,0.5
"825","2021-2022","ARIZONA","0407770",0,12,12,12,24,0.5
"826","2021-2022","ARIZONA","0407820",0,427,427,427,854,0.5
"827","2021-2022","ARIZONA","0407860",0,54,54,54,108,0.5
"828","2021-2022","ARIZONA","0407890",353,2055,2408,1131,3539,0.680418197230856
"829","2021-2022","ARIZONA","0407920",0,10,10,10,20,0.5
"830","2021-2022","ARIZONA","0408020",0,83,83,83,166,0.5
"831","2021-2022","ARIZONA","0408080",0,224,224,224,448,0.5
"832","2021-2022","ARIZONA","0408130",45,306,351,179,530,0.662264150943396
"833","2021-2022","ARIZONA","0408170",0,5725,5725,5725,11450,0.5
"834","2021-2022","ARIZONA","0408230",12,201,213,115,328,0.649390243902439
"835","2021-2022","ARIZONA","0408280",0,123,123,123,246,0.5
"836","2021-2022","ARIZONA","0408310",254,4225,4479,3394,7873,0.568906388924171
"837","2021-2022","ARIZONA","0408340",0,1885,1885,1885,3770,0.5
"838","2021-2022","ARIZONA","0408410",0,239,239,239,478,0.5
"839","2021-2022","ARIZONA","0408430",17,78,95,25,120,0.791666666666667
"840","2021-2022","ARIZONA","0408460",0,0,0,0,0,NA
"841","2021-2022","ARIZONA","0408490",0,1067,1067,1067,2134,0.5
"842","2021-2022","ARIZONA","0408520",0,2937,2937,2937,5874,0.5
"843","2021-2022","ARIZONA","0408550",46,782,828,402,1230,0.673170731707317
"844","2021-2022","ARIZONA","0408600",6,383,389,273,662,0.58761329305136
"845","2021-2022","ARIZONA","0408640",13,63,76,43,119,0.638655462184874
"846","2021-2022","ARIZONA","0408680",58,1106,1164,865,2029,0.573681616559882
"847","2021-2022","ARIZONA","0408800",1815,19635,21450,15374,36824,0.58250054312405
"848","2021-2022","ARIZONA","0408820",159,918,1077,527,1604,0.6714463840399
"849","2021-2022","ARIZONA","0408850",0,1360,1360,1360,2720,0.5
"850","2021-2022","ARIZONA","0408880",0,26,26,26,52,0.5
"851","2021-2022","ARIZONA","0408910",0,29,29,29,58,0.5
"852","2021-2022","ARIZONA","0409060",1741,13581,15322,6830,22152,0.691675695196822
"853","2021-2022","ARIZONA","0409090",7,63,70,49,119,0.588235294117647
"854","2021-2022","ARIZONA","0409120",0,67,67,31,98,0.683673469387755
"855","2021-2022","ARIZONA","0409160",201,1652,1853,1136,2989,0.619939779190365
"856","2021-2022","ARIZONA","0409190",0,246,246,246,492,0.5
"857","2021-2022","ARIZONA","0409250",0,1050,1050,295,1345,0.780669144981413
"858","2021-2022","ARIZONA","0409310",0,148,148,148,296,0.5
"859","2021-2022","ARIZONA","0409390",0,425,425,425,850,0.5
"860","2021-2022","ARIZONA","0409430",0,683,683,683,1366,0.5
"861","2021-2022","ARIZONA","0409460",0,683,683,683,1366,0.5
"862","2021-2022","ARIZONA","0409510",0,16,16,16,32,0.5
"863","2021-2022","ARIZONA","0409540",2,35,37,10,47,0.787234042553192
"864","2021-2022","ARIZONA","0409570",4,24,28,21,49,0.571428571428571
"865","2021-2022","ARIZONA","0409600",312,3984,4296,3354,7650,0.56156862745098
"866","2021-2022","ARIZONA","0409630",878,5952,6830,3986,10816,0.631471893491124
"867","2021-2022","ARIZONA","0409731",0,0,0,0,0,NA
"868","2021-2022","ARIZONA","0409733",0,91,91,91,182,0.5
"869","2021-2022","ARKANSAS","0500001",152,566,718,347,1065,0.674178403755869
"870","2021-2022","ARKANSAS","0500002",0,0,0,0,0,NA
"871","2021-2022","ARKANSAS","0500006",0,1462,1462,628,2090,0.699521531100478
"872","2021-2022","ARKANSAS","0500009",128,507,635,255,890,0.713483146067416
"873","2021-2022","ARKANSAS","0500012",89,305,394,172,566,0.696113074204947
"874","2021-2022","ARKANSAS","0500015",244,1377,1621,952,2573,0.630003886513797
"875","2021-2022","ARKANSAS","0500016",91,389,480,202,682,0.703812316715543
"876","2021-2022","ARKANSAS","0500017",0,3215,3215,1125,4340,0.740783410138249
"877","2021-2022","ARKANSAS","0500019",290,1715,2005,950,2955,0.678510998307953
"878","2021-2022","ARKANSAS","0500020",0,500,500,174,674,0.741839762611276
"879","2021-2022","ARKANSAS","0500021",88,409,497,269,766,0.648825065274151
"880","2021-2022","ARKANSAS","0500023",0,1193,1193,686,1879,0.634912187333688
"881","2021-2022","ARKANSAS","0500026",0,3603,3603,1853,5456,0.660373900293255
"882","2021-2022","ARKANSAS","0500028",182,786,968,497,1465,0.660750853242321
"883","2021-2022","ARKANSAS","0500029",167,686,853,390,1243,0.686242960579244
"884","2021-2022","ARKANSAS","0500030",0,374,374,91,465,0.804301075268817
"885","2021-2022","ARKANSAS","0500032",57,312,369,178,547,0.674588665447898
"886","2021-2022","ARKANSAS","0500035",0,87,87,24,111,0.783783783783784
"887","2021-2022","ARKANSAS","0500036",14,69,83,43,126,0.658730158730159
"888","2021-2022","ARKANSAS","0500041",60,261,321,122,443,0.724604966139955
"889","2021-2022","ARKANSAS","0500042",178,872,1050,499,1549,0.677856681730148
"890","2021-2022","ARKANSAS","0500043",441,1612,2053,969,3022,0.679351422898743
"891","2021-2022","ARKANSAS","0500044",231,1651,1882,1217,3099,0.60729267505647
"892","2021-2022","ARKANSAS","0500045",0,1058,1058,430,1488,0.711021505376344
"893","2021-2022","ARKANSAS","0500046",116,540,656,293,949,0.691253951527924
"894","2021-2022","ARKANSAS","0500047",0,1540,1540,762,2302,0.668983492615117
"895","2021-2022","ARKANSAS","0500048",83,373,456,203,659,0.69195751138088
"896","2021-2022","ARKANSAS","0500049",296,1591,1887,662,2549,0.740290309925461
"897","2021-2022","ARKANSAS","0500051",0,807,807,162,969,0.8328173374613
"898","2021-2022","ARKANSAS","0500052",0,0,0,0,0,NA
"899","2021-2022","ARKANSAS","0500053",0,0,0,0,0,NA
"900","2021-2022","ARKANSAS","0500054",0,0,0,0,0,NA
"901","2021-2022","ARKANSAS","0500055",76,271,347,155,502,0.691235059760956
"902","2021-2022","ARKANSAS","0500056",0,0,0,0,0,NA
"903","2021-2022","ARKANSAS","0500057",0,0,0,0,0,NA
"904","2021-2022","ARKANSAS","0500058",0,0,0,0,0,NA
"905","2021-2022","ARKANSAS","0500059",110,336,446,191,637,0.700156985871272
"906","2021-2022","ARKANSAS","0500060",0,0,0,0,0,NA
"907","2021-2022","ARKANSAS","0500061",4,38,42,19,61,0.688524590163934
"908","2021-2022","ARKANSAS","0500062",0,1147,1147,660,1807,0.63475373547316
"909","2021-2022","ARKANSAS","0500065",29,468,497,233,730,0.680821917808219
"910","2021-2022","ARKANSAS","0500066",0,0,0,0,0,NA
"911","2021-2022","ARKANSAS","0500067",56,454,510,277,787,0.648030495552732
"912","2021-2022","ARKANSAS","0500068",96,389,485,245,730,0.664383561643836
"913","2021-2022","ARKANSAS","0500070",0,619,619,170,789,0.784537389100127
"914","2021-2022","ARKANSAS","0500071",73,226,299,117,416,0.71875
"915","2021-2022","ARKANSAS","0500072",0,404,404,124,528,0.765151515151515
"916","2021-2022","ARKANSAS","0500073",133,424,557,234,791,0.70417193426043
"917","2021-2022","ARKANSAS","0500074",463,1748,2211,857,3068,0.720664928292047
"918","2021-2022","ARKANSAS","0500075",0,0,0,0,0,NA
"919","2021-2022","ARKANSAS","0500076",0,597,597,168,765,0.780392156862745
"920","2021-2022","ARKANSAS","0500078",34,106,140,29,169,0.828402366863905
"921","2021-2022","ARKANSAS","0500079",0,807,807,326,1133,0.712268314210062
"922","2021-2022","ARKANSAS","0500080",0,0,0,0,0,NA
"923","2021-2022","ARKANSAS","0500081",0,0,0,0,0,NA
"924","2021-2022","ARKANSAS","0500082",125,475,600,316,916,0.655021834061135
"925","2021-2022","ARKANSAS","0500390",0,102,102,0,102,1
"926","2021-2022","ARKANSAS","0500394",485,2113,2598,1261,3859,0.673231407100285
"927","2021-2022","ARKANSAS","0500398",410,1567,1977,953,2930,0.674744027303754
"928","2021-2022","ARKANSAS","0500402",0,1063,1063,539,1602,0.66354556803995
"929","2021-2022","ARKANSAS","0500405",0,881,881,237,1118,0.788014311270125
"930","2021-2022","ARKANSAS","0500407",0,141,141,61,202,0.698019801980198
"931","2021-2022","ARKANSAS","0500408",0,125,125,63,188,0.664893617021277
"932","2021-2022","ARKANSAS","0500409",27,90,117,44,161,0.726708074534162
"933","2021-2022","ARKANSAS","0500411",0,485,485,466,951,0.509989484752892
"934","2021-2022","ARKANSAS","0500417",66,1213,1279,770,2049,0.624206930209859
"935","2021-2022","ARKANSAS","0500418",0,251,251,89,340,0.738235294117647
"936","2021-2022","ARKANSAS","0500419",0,4095,4095,1867,5962,0.686850050318685
"937","2021-2022","ARKANSAS","0500420",0,3,3,3,6,0.5
"938","2021-2022","ARKANSAS","0500421",0,390,390,245,635,0.614173228346457
"939","2021-2022","ARKANSAS","0500423",48,295,343,127,470,0.729787234042553
"940","2021-2022","ARKANSAS","0500424",0,267,267,161,428,0.623831775700935
"941","2021-2022","ARKANSAS","0500425",0,143,143,46,189,0.756613756613757
"942","2021-2022","ARKANSAS","0500426",3,19,22,18,40,0.55
"943","2021-2022","ARKANSAS","0500427",0,33,33,16,49,0.673469387755102
"944","2021-2022","ARKANSAS","0500428",0,0,0,0,0,NA
"945","2021-2022","ARKANSAS","0500429",0,0,0,0,0,NA
"946","2021-2022","ARKANSAS","0500430",0,0,0,0,0,NA
"947","2021-2022","ARKANSAS","0500431",0,0,0,0,0,NA
"948","2021-2022","ARKANSAS","0500432",0,0,0,0,0,NA
"949","2021-2022","ARKANSAS","0500433",0,0,0,0,0,NA
"950","2021-2022","ARKANSAS","0500434",0,0,0,0,0,NA
"951","2021-2022","ARKANSAS","0500435",0,0,0,0,0,NA
"952","2021-2022","ARKANSAS","0500436",0,0,0,0,0,NA
"953","2021-2022","ARKANSAS","0500437",0,0,0,0,0,NA
"954","2021-2022","ARKANSAS","0500438",0,0,0,0,0,NA
"955","2021-2022","ARKANSAS","0500439",0,0,0,0,0,NA
"956","2021-2022","ARKANSAS","0500440",11,38,49,23,72,0.680555555555556
"957","2021-2022","ARKANSAS","0500441",5,26,31,14,45,0.688888888888889
"958","2021-2022","ARKANSAS","0502250",322,1368,1690,871,2561,0.65989847715736
"959","2021-2022","ARKANSAS","0502280",43,234,277,119,396,0.69949494949495
"960","2021-2022","ARKANSAS","0502430",201,920,1121,566,1687,0.664493183165382
"961","2021-2022","ARKANSAS","0502550",38,143,181,74,255,0.709803921568627
"962","2021-2022","ARKANSAS","0502580",168,742,910,404,1314,0.692541856925419
"963","2021-2022","ARKANSAS","0502610",125,554,679,289,968,0.701446280991736
"964","2021-2022","ARKANSAS","0502670",0,350,350,177,527,0.664136622390892
"965","2021-2022","ARKANSAS","0502700",148,532,680,301,981,0.693170234454638
"966","2021-2022","ARKANSAS","0502730",0,695,695,298,993,0.699899295065458
"967","2021-2022","ARKANSAS","0502790",153,485,638,248,886,0.720090293453725
"968","2021-2022","ARKANSAS","0502820",77,276,353,128,481,0.733887733887734
"969","2021-2022","ARKANSAS","0502880",299,1310,1609,874,2483,0.648006443817962
"970","2021-2022","ARKANSAS","0502960",413,1825,2238,1008,3246,0.689463955637708
"971","2021-2022","ARKANSAS","0503030",193,607,800,274,1074,0.74487895716946
"972","2021-2022","ARKANSAS","0503060",957,2935,3892,1580,5472,0.71125730994152
"973","2021-2022","ARKANSAS","0503090",154,544,698,316,1014,0.68836291913215
"974","2021-2022","ARKANSAS","0503150",260,1061,1321,428,1749,0.755288736420812
"975","2021-2022","ARKANSAS","0503240",113,468,581,212,793,0.73266078184111
"976","2021-2022","ARKANSAS","0503300",56,316,372,135,507,0.733727810650888
"977","2021-2022","ARKANSAS","0503320",0,1666,1666,854,2520,0.661111111111111
"978","2021-2022","ARKANSAS","0503420",0,399,399,151,550,0.725454545454545
"979","2021-2022","ARKANSAS","0503450",0,1312,1312,498,1810,0.724861878453039
"980","2021-2022","ARKANSAS","0503480",0,473,473,155,628,0.753184713375796
"981","2021-2022","ARKANSAS","0503630",0,453,453,254,707,0.640735502121641
"982","2021-2022","ARKANSAS","0503640",264,782,1046,440,1486,0.703903095558546
"983","2021-2022","ARKANSAS","0503690",912,3281,4193,1495,5688,0.737165963431786
"984","2021-2022","ARKANSAS","0503710",80,370,450,175,625,0.72
"985","2021-2022","ARKANSAS","0503750",773,2923,3696,1784,5480,0.674452554744526
"986","2021-2022","ARKANSAS","0503770",94,343,437,203,640,0.6828125
"987","2021-2022","ARKANSAS","0503840",65,203,268,97,365,0.734246575342466
"988","2021-2022","ARKANSAS","0503960",52,362,414,193,607,0.682042833607908
"989","2021-2022","ARKANSAS","0504020",192,725,917,426,1343,0.682799702159345
"990","2021-2022","ARKANSAS","0504050",233,761,994,424,1418,0.70098730606488
"991","2021-2022","ARKANSAS","0504080",0,729,729,173,902,0.80820399113082
"992","2021-2022","ARKANSAS","0504110",108,344,452,195,647,0.698608964451314
"993","2021-2022","ARKANSAS","0504170",92,439,531,263,794,0.668765743073048
"994","2021-2022","ARKANSAS","0504200",92,323,415,182,597,0.695142378559464
"995","2021-2022","ARKANSAS","0504350",0,444,444,215,659,0.673748103186646
"996","2021-2022","ARKANSAS","0504370",105,325,430,164,594,0.723905723905724
"997","2021-2022","ARKANSAS","0504380",303,1432,1735,703,2438,0.711648892534865
"998","2021-2022","ARKANSAS","0504410",0,1299,1299,412,1711,0.759205143191116
"999","2021-2022","ARKANSAS","0504560",89,181,270,92,362,0.74585635359116
"1000","2021-2022","ARKANSAS","0504590",733,4146,4879,2714,7593,0.64256552087449
"1001","2021-2022","ARKANSAS","0504680",0,775,775,253,1028,0.753891050583658
"1002","2021-2022","ARKANSAS","0504740",68,327,395,131,526,0.750950570342205
"1003","2021-2022","ARKANSAS","0504800",102,910,1012,653,1665,0.607807807807808
"1004","2021-2022","ARKANSAS","0504860",75,435,510,247,757,0.673712021136063
"1005","2021-2022","ARKANSAS","0504890",85,512,597,142,739,0.807848443843031
"1006","2021-2022","ARKANSAS","0504930",312,1178,1490,490,1980,0.752525252525252
"1007","2021-2022","ARKANSAS","0504980",0,610,610,147,757,0.805812417437252
"1008","2021-2022","ARKANSAS","0505170",0,340,340,273,613,0.554649265905383
"1009","2021-2022","ARKANSAS","0505190",87,314,401,149,550,0.729090909090909
"1010","2021-2022","ARKANSAS","0505340",62,305,367,118,485,0.756701030927835
"1011","2021-2022","ARKANSAS","0505430",176,531,707,305,1012,0.698616600790514
"1012","2021-2022","ARKANSAS","0505470",0,1199,1199,451,1650,0.726666666666667
"1013","2021-2022","ARKANSAS","0505500",0,1016,1016,451,1467,0.692569870483981
"1014","2021-2022","ARKANSAS","0505550",0,440,440,273,713,0.61711079943899
"1015","2021-2022","ARKANSAS","0505580",61,303,364,184,548,0.664233576642336
"1016","2021-2022","ARKANSAS","0505680",0,4130,4130,1297,5427,0.76100976598489
"1017","2021-2022","ARKANSAS","0505760",174,471,645,233,878,0.734624145785877
"1018","2021-2022","ARKANSAS","0505850",0,659,659,216,875,0.753142857142857
"1019","2021-2022","ARKANSAS","0505970",50,235,285,145,430,0.662790697674419
"1020","2021-2022","ARKANSAS","0506060",0,2168,2168,834,3002,0.722185209860093
"1021","2021-2022","ARKANSAS","0506090",181,533,714,296,1010,0.706930693069307
"1022","2021-2022","ARKANSAS","0506120",720,3285,4005,1594,5599,0.715306304697267
"1023","2021-2022","ARKANSAS","0506150",0,921,921,298,1219,0.755537325676784
"1024","2021-2022","ARKANSAS","0506210",0,666,666,241,907,0.734288864388093
"1025","2021-2022","ARKANSAS","0506240",93,253,346,138,484,0.714876033057851
"1026","2021-2022","ARKANSAS","0506270",0,2213,2213,1378,3591,0.616262879420774
"1027","2021-2022","ARKANSAS","0506330",1734,8793,10527,4492,15019,0.700912177907983
"1028","2021-2022","ARKANSAS","0506360",179,546,725,271,996,0.727911646586345
"1029","2021-2022","ARKANSAS","0506420",125,508,633,295,928,0.682112068965517
"1030","2021-2022","ARKANSAS","0506540",282,595,877,238,1115,0.786547085201794
"1031","2021-2022","ARKANSAS","0506630",78,444,522,264,786,0.66412213740458
"1032","2021-2022","ARKANSAS","0506690",144,574,718,297,1015,0.707389162561576
"1033","2021-2022","ARKANSAS","0506840",196,624,820,336,1156,0.709342560553633
"1034","2021-2022","ARKANSAS","0506870",218,889,1107,320,1427,0.775753328661528
"1035","2021-2022","ARKANSAS","0506900",398,1119,1517,511,2028,0.748027613412229
"1036","2021-2022","ARKANSAS","0506930",98,414,512,196,708,0.72316384180791
"1037","2021-2022","ARKANSAS","0506990",231,1010,1241,568,1809,0.686014372581537
"1038","2021-2022","ARKANSAS","0507110",83,396,479,227,706,0.678470254957507
"1039","2021-2022","ARKANSAS","0507140",0,301,301,98,399,0.754385964912281
"1040","2021-2022","ARKANSAS","0507170",0,824,824,194,1018,0.80943025540275
"1041","2021-2022","ARKANSAS","0507230",76,304,380,150,530,0.716981132075472
"1042","2021-2022","ARKANSAS","0507290",121,353,474,191,665,0.712781954887218
"1043","2021-2022","ARKANSAS","0507320",94,333,427,175,602,0.709302325581395
"1044","2021-2022","ARKANSAS","0507350",0,1094,1094,379,1473,0.742701968771215
"1045","2021-2022","ARKANSAS","0507380",225,1120,1345,740,2085,0.645083932853717
"1046","2021-2022","ARKANSAS","0507530",94,310,404,164,568,0.711267605633803
"1047","2021-2022","ARKANSAS","0507560",100,618,718,444,1162,0.61790017211704
"1048","2021-2022","ARKANSAS","0507620",0,625,625,254,879,0.71103526734926
"1049","2021-2022","ARKANSAS","0507680",0,1138,1138,835,1973,0.576786619361379
"1050","2021-2022","ARKANSAS","0507710",0,430,430,156,586,0.733788395904437
"1051","2021-2022","ARKANSAS","0507740",0,662,662,179,841,0.787158145065398
"1052","2021-2022","ARKANSAS","0507770",0,1577,1577,470,2047,0.770395701025891
"1053","2021-2022","ARKANSAS","0507840",0,2291,2291,963,3254,0.704056545789797
"1054","2021-2022","ARKANSAS","0507860",95,446,541,209,750,0.721333333333333
"1055","2021-2022","ARKANSAS","0507890",0,3753,3753,1581,5334,0.703599550056243
"1056","2021-2022","ARKANSAS","0507920",0,859,859,167,1026,0.837231968810916
"1057","2021-2022","ARKANSAS","0507990",0,846,846,276,1122,0.754010695187166
"1058","2021-2022","ARKANSAS","0508040",0,5035,5035,2733,7768,0.648171987641607
"1059","2021-2022","ARKANSAS","0508130",237,1122,1359,590,1949,0.69728065674705
"1060","2021-2022","ARKANSAS","0508240",121,502,623,235,858,0.726107226107226
"1061","2021-2022","ARKANSAS","0508280",0,6650,6650,3207,9857,0.674647458658821
"1062","2021-2022","ARKANSAS","0508340",60,349,409,163,572,0.715034965034965
"1063","2021-2022","ARKANSAS","0508400",119,730,849,482,1331,0.637866265965439
"1064","2021-2022","ARKANSAS","0508490",0,406,406,150,556,0.73021582733813
"1065","2021-2022","ARKANSAS","0508610",377,1839,2216,1312,3528,0.6281179138322
"1066","2021-2022","ARKANSAS","0508640",0,927,927,528,1455,0.637113402061856
"1067","2021-2022","ARKANSAS","0508670",220,1175,1395,721,2116,0.659262759924386
"1068","2021-2022","ARKANSAS","0508700",198,748,946,426,1372,0.689504373177843
"1069","2021-2022","ARKANSAS","0508730",87,362,449,201,650,0.690769230769231
"1070","2021-2022","ARKANSAS","0508940",166,607,773,260,1033,0.748305905130687
"1071","2021-2022","ARKANSAS","0509000",774,15916,16690,8106,24796,0.673092434263591
"1072","2021-2022","ARKANSAS","0509060",196,901,1097,468,1565,0.700958466453674
"1073","2021-2022","ARKANSAS","0509150",88,310,398,156,554,0.71841155234657
"1074","2021-2022","ARKANSAS","0509190",82,245,327,129,456,0.717105263157895
"1075","2021-2022","ARKANSAS","0509240",199,1278,1477,836,2313,0.638564634673584
"1076","2021-2022","ARKANSAS","0509270",0,524,524,184,708,0.740112994350282
"1077","2021-2022","ARKANSAS","0509330",144,382,526,212,738,0.712737127371274
"1078","2021-2022","ARKANSAS","0509360",1,635,636,464,1100,0.578181818181818
"1079","2021-2022","ARKANSAS","0509390",473,2203,2676,1303,3979,0.672530786629806
"1080","2021-2022","ARKANSAS","0509420",69,366,435,243,678,0.641592920353982
"1081","2021-2022","ARKANSAS","0509480",0,801,801,196,997,0.803410230692076
"1082","2021-2022","ARKANSAS","0509510",0,317,317,243,560,0.566071428571429
"1083","2021-2022","ARKANSAS","0509540",93,495,588,345,933,0.630225080385852
"1084","2021-2022","ARKANSAS","0509570",0,581,581,150,731,0.794801641586867
"1085","2021-2022","ARKANSAS","0509600",57,283,340,163,503,0.675944333996024
"1086","2021-2022","ARKANSAS","0509630",0,1150,1150,511,1661,0.692354003612282
"1087","2021-2022","ARKANSAS","0509720",117,369,486,194,680,0.714705882352941
"1088","2021-2022","ARKANSAS","0509750",241,882,1123,510,1633,0.687691365584813
"1089","2021-2022","ARKANSAS","0509780",0,360,360,132,492,0.731707317073171
"1090","2021-2022","ARKANSAS","0509840",122,837,959,610,1569,0.611217335882728
"1091","2021-2022","ARKANSAS","0509990",71,225,296,115,411,0.720194647201946
"1092","2021-2022","ARKANSAS","0510080",28,323,351,99,450,0.78
"1093","2021-2022","ARKANSAS","0510170",0,650,650,282,932,0.697424892703863
"1094","2021-2022","ARKANSAS","0510200",0,1580,1580,435,2015,0.784119106699752
"1095","2021-2022","ARKANSAS","0510260",0,663,663,188,851,0.779083431257344
"1096","2021-2022","ARKANSAS","0510290",0,450,450,156,606,0.742574257425743
"1097","2021-2022","ARKANSAS","0510320",86,403,489,227,716,0.682960893854749
"1098","2021-2022","ARKANSAS","0510380",272,1126,1398,596,1994,0.701103309929789
"1099","2021-2022","ARKANSAS","0510410",93,256,349,135,484,0.721074380165289
"1100","2021-2022","ARKANSAS","0510440",126,3183,3309,1326,4635,0.713915857605178
"1101","2021-2022","ARKANSAS","0510560",50,306,356,116,472,0.754237288135593
"1102","2021-2022","ARKANSAS","0510680",0,8216,8216,3874,12090,0.679569892473118
"1103","2021-2022","ARKANSAS","0510920",52,262,314,133,447,0.702460850111857
"1104","2021-2022","ARKANSAS","0510950",0,1070,1070,612,1682,0.636147443519619
"1105","2021-2022","ARKANSAS","0510980",59,177,236,84,320,0.7375
"1106","2021-2022","ARKANSAS","0511010",124,845,969,547,1516,0.639182058047493
"1107","2021-2022","ARKANSAS","0511070",78,422,500,226,726,0.68870523415978
"1108","2021-2022","ARKANSAS","0511130",0,1032,1032,311,1343,0.768428890543559
"1109","2021-2022","ARKANSAS","0511220",67,273,340,163,503,0.675944333996024
"1110","2021-2022","ARKANSAS","0511340",106,468,574,261,835,0.687425149700599
"1111","2021-2022","ARKANSAS","0511370",55,278,333,172,505,0.659405940594059
"1112","2021-2022","ARKANSAS","0511610",217,1006,1223,495,1718,0.711874272409779
"1113","2021-2022","ARKANSAS","0511700",203,570,773,307,1080,0.715740740740741
"1114","2021-2022","ARKANSAS","0511730",36,230,266,128,394,0.6751269035533
"1115","2021-2022","ARKANSAS","0511760",209,537,746,273,1019,0.732090284592738
"1116","2021-2022","ARKANSAS","0511820",0,934,934,368,1302,0.717357910906298
"1117","2021-2022","ARKANSAS","0511850",781,6353,7134,3079,10213,0.698521492215803
"1118","2021-2022","ARKANSAS","0511880",92,335,427,211,638,0.669278996865204
"1119","2021-2022","ARKANSAS","0511970",1880,6896,8776,2283,11059,0.793561804864816
"1120","2021-2022","ARKANSAS","0512000",93,342,435,192,627,0.69377990430622
"1121","2021-2022","ARKANSAS","0512060",560,2597,3157,1460,4617,0.683777344596058
"1122","2021-2022","ARKANSAS","0512090",103,458,561,251,812,0.690886699507389
"1123","2021-2022","ARKANSAS","0512180",67,164,231,104,335,0.68955223880597
"1124","2021-2022","ARKANSAS","0512210",331,1547,1878,899,2777,0.676269355419517
"1125","2021-2022","ARKANSAS","0512420",0,336,336,133,469,0.716417910447761
"1126","2021-2022","ARKANSAS","0512450",349,1734,2083,727,2810,0.741281138790036
"1127","2021-2022","ARKANSAS","0512480",96,463,559,223,782,0.714833759590793
"1128","2021-2022","ARKANSAS","0512510",108,513,621,338,959,0.64754953076121
"1129","2021-2022","ARKANSAS","0512520",0,2386,2386,738,3124,0.763764404609475
"1130","2021-2022","ARKANSAS","0512540",279,1140,1419,703,2122,0.66870876531574
"1131","2021-2022","ARKANSAS","0512570",35,511,546,153,699,0.781115879828326
"1132","2021-2022","ARKANSAS","0512630",71,236,307,85,392,0.783163265306122
"1133","2021-2022","ARKANSAS","0512660",3023,13098,16121,3742,19863,0.811609525247948
"1134","2021-2022","ARKANSAS","0512930",0,312,312,159,471,0.662420382165605
"1135","2021-2022","ARKANSAS","0512960",0,1606,1606,547,2153,0.745935903390618
"1136","2021-2022","ARKANSAS","0513080",392,1345,1737,800,2537,0.684666929444225
"1137","2021-2022","ARKANSAS","0513110",0,4049,4049,1778,5827,0.694868714604428
"1138","2021-2022","ARKANSAS","0513230",162,500,662,294,956,0.692468619246862
"1139","2021-2022","ARKANSAS","0513350",94,306,400,168,568,0.704225352112676
"1140","2021-2022","ARKANSAS","0513380",201,599,800,269,1069,0.748362956033676
"1141","2021-2022","ARKANSAS","0513410",618,2501,3119,1216,4335,0.719492502883506
"1142","2021-2022","ARKANSAS","0513530",264,959,1223,578,1801,0.679067184897279
"1143","2021-2022","ARKANSAS","0513560",72,193,265,107,372,0.712365591397849
"1144","2021-2022","ARKANSAS","0513680",208,923,1131,471,1602,0.705992509363296
"1145","2021-2022","ARKANSAS","0513930",0,1942,1942,1145,3087,0.629089731130547
"1146","2021-2022","ARKANSAS","0514010",112,349,461,197,658,0.700607902735562
"1147","2021-2022","ARKANSAS","0514020",0,658,658,184,842,0.781472684085511
"1148","2021-2022","ARKANSAS","0514040",0,502,502,95,597,0.840871021775544
"1149","2021-2022","ARKANSAS","0514140",262,1189,1451,754,2205,0.658049886621315
"1150","2021-2022","ARKANSAS","0514370",60,219,279,98,377,0.740053050397878
"1151","2021-2022","ARKANSAS","0514400",60,205,265,123,388,0.68298969072165
"1152","2021-2022","ARKANSAS","0514430",252,1299,1551,845,2396,0.647328881469115
"1153","2021-2022","ARKANSAS","0514490",0,963,963,288,1251,0.76978417266187
"1154","2021-2022","BUREAU OF INDIAN EDUCATION","5900025",0,291,291,0,291,1
"1155","2021-2022","BUREAU OF INDIAN EDUCATION","5900026",0,87,87,0,87,1
"1156","2021-2022","BUREAU OF INDIAN EDUCATION","5900027",0,77,77,0,77,1
"1157","2021-2022","BUREAU OF INDIAN EDUCATION","5900028",0,31,31,0,31,1
"1158","2021-2022","BUREAU OF INDIAN EDUCATION","5900029",0,91,91,0,91,1
"1159","2021-2022","BUREAU OF INDIAN EDUCATION","5900030",0,94,94,0,94,1
"1160","2021-2022","BUREAU OF INDIAN EDUCATION","5900031",0,586,586,0,586,1
"1161","2021-2022","BUREAU OF INDIAN EDUCATION","5900032",0,142,142,0,142,1
"1162","2021-2022","BUREAU OF INDIAN EDUCATION","5900033",0,145,145,0,145,1
"1163","2021-2022","BUREAU OF INDIAN EDUCATION","5900034",0,320,320,0,320,1
"1164","2021-2022","BUREAU OF INDIAN EDUCATION","5900035",0,81,81,0,81,1
"1165","2021-2022","BUREAU OF INDIAN EDUCATION","5900036",0,507,507,0,507,1
"1166","2021-2022","BUREAU OF INDIAN EDUCATION","5900037",0,994,994,0,994,1
"1167","2021-2022","BUREAU OF INDIAN EDUCATION","5900038",0,113,113,0,113,1
"1168","2021-2022","BUREAU OF INDIAN EDUCATION","5900039",0,35,35,0,35,1
"1169","2021-2022","BUREAU OF INDIAN EDUCATION","5900040",0,83,83,0,83,1
"1170","2021-2022","BUREAU OF INDIAN EDUCATION","5900041",0,117,117,0,117,1
"1171","2021-2022","BUREAU OF INDIAN EDUCATION","5900042",0,75,75,0,75,1
"1172","2021-2022","BUREAU OF INDIAN EDUCATION","5900043",0,86,86,0,86,1
"1173","2021-2022","BUREAU OF INDIAN EDUCATION","5900044",0,139,139,0,139,1
"1174","2021-2022","BUREAU OF INDIAN EDUCATION","5900045",0,230,230,0,230,1
"1175","2021-2022","BUREAU OF INDIAN EDUCATION","5900046",0,293,293,0,293,1
"1176","2021-2022","BUREAU OF INDIAN EDUCATION","5900047",0,398,398,0,398,1
"1177","2021-2022","BUREAU OF INDIAN EDUCATION","5900048",0,205,205,0,205,1
"1178","2021-2022","BUREAU OF INDIAN EDUCATION","5900049",0,72,72,0,72,1
"1179","2021-2022","BUREAU OF INDIAN EDUCATION","5900050",0,109,109,0,109,1
"1180","2021-2022","BUREAU OF INDIAN EDUCATION","5900051",0,654,654,0,654,1
"1181","2021-2022","BUREAU OF INDIAN EDUCATION","5900052",0,88,88,0,88,1
"1182","2021-2022","BUREAU OF INDIAN EDUCATION","5900053",0,119,119,0,119,1
"1183","2021-2022","BUREAU OF INDIAN EDUCATION","5900054",0,349,349,0,349,1
"1184","2021-2022","BUREAU OF INDIAN EDUCATION","5900055",0,206,206,0,206,1
"1185","2021-2022","BUREAU OF INDIAN EDUCATION","5900056",0,60,60,0,60,1
"1186","2021-2022","BUREAU OF INDIAN EDUCATION","5900057",0,124,124,0,124,1
"1187","2021-2022","BUREAU OF INDIAN EDUCATION","5900058",0,366,366,0,366,1
"1188","2021-2022","BUREAU OF INDIAN EDUCATION","5900059",0,277,277,0,277,1
"1189","2021-2022","BUREAU OF INDIAN EDUCATION","5900060",0,38,38,0,38,1
"1190","2021-2022","BUREAU OF INDIAN EDUCATION","5900061",0,126,126,0,126,1
"1191","2021-2022","BUREAU OF INDIAN EDUCATION","5900062",0,76,76,0,76,1
"1192","2021-2022","BUREAU OF INDIAN EDUCATION","5900063",0,235,235,0,235,1
"1193","2021-2022","BUREAU OF INDIAN EDUCATION","5900064",0,118,118,0,118,1
"1194","2021-2022","BUREAU OF INDIAN EDUCATION","5900065",0,47,47,0,47,1
"1195","2021-2022","BUREAU OF INDIAN EDUCATION","5900066",0,627,627,0,627,1
"1196","2021-2022","BUREAU OF INDIAN EDUCATION","5900067",0,480,480,0,480,1
"1197","2021-2022","BUREAU OF INDIAN EDUCATION","5900068",0,242,242,0,242,1
"1198","2021-2022","BUREAU OF INDIAN EDUCATION","5900069",0,99,99,0,99,1
"1199","2021-2022","BUREAU OF INDIAN EDUCATION","5900070",0,152,152,0,152,1
"1200","2021-2022","BUREAU OF INDIAN EDUCATION","5900071",0,118,118,0,118,1
"1201","2021-2022","BUREAU OF INDIAN EDUCATION","5900072",0,461,461,0,461,1
"1202","2021-2022","BUREAU OF INDIAN EDUCATION","5900073",0,237,237,0,237,1
"1203","2021-2022","BUREAU OF INDIAN EDUCATION","5900074",0,9,9,0,9,1
"1204","2021-2022","BUREAU OF INDIAN EDUCATION","5900075",0,35,35,0,35,1
"1205","2021-2022","BUREAU OF INDIAN EDUCATION","5900076",0,190,190,0,190,1
"1206","2021-2022","BUREAU OF INDIAN EDUCATION","5900077",0,34,34,0,34,1
"1207","2021-2022","BUREAU OF INDIAN EDUCATION","5900078",0,195,195,0,195,1
"1208","2021-2022","BUREAU OF INDIAN EDUCATION","5900079",0,94,94,0,94,1
"1209","2021-2022","BUREAU OF INDIAN EDUCATION","5900080",0,432,432,0,432,1
"1210","2021-2022","BUREAU OF INDIAN EDUCATION","5900081",0,68,68,0,68,1
"1211","2021-2022","BUREAU OF INDIAN EDUCATION","5900082",0,177,177,0,177,1
"1212","2021-2022","BUREAU OF INDIAN EDUCATION","5900083",0,100,100,0,100,1
"1213","2021-2022","BUREAU OF INDIAN EDUCATION","5900084",0,113,113,0,113,1
"1214","2021-2022","BUREAU OF INDIAN EDUCATION","5900085",0,274,274,0,274,1
"1215","2021-2022","BUREAU OF INDIAN EDUCATION","5900086",0,62,62,0,62,1
"1216","2021-2022","BUREAU OF INDIAN EDUCATION","5900087",0,179,179,0,179,1
"1217","2021-2022","BUREAU OF INDIAN EDUCATION","5900088",0,27,27,0,27,1
"1218","2021-2022","BUREAU OF INDIAN EDUCATION","5900089",0,80,80,0,80,1
"1219","2021-2022","BUREAU OF INDIAN EDUCATION","5900090",0,76,76,0,76,1
"1220","2021-2022","BUREAU OF INDIAN EDUCATION","5900091",0,482,482,0,482,1
"1221","2021-2022","BUREAU OF INDIAN EDUCATION","5900092",0,147,147,0,147,1
"1222","2021-2022","BUREAU OF INDIAN EDUCATION","5900093",0,565,565,0,565,1
"1223","2021-2022","BUREAU OF INDIAN EDUCATION","5900094",0,85,85,0,85,1
"1224","2021-2022","BUREAU OF INDIAN EDUCATION","5900095",0,54,54,0,54,1
"1225","2021-2022","BUREAU OF INDIAN EDUCATION","5900096",0,52,52,0,52,1
"1226","2021-2022","BUREAU OF INDIAN EDUCATION","5900097",0,129,129,0,129,1
"1227","2021-2022","BUREAU OF INDIAN EDUCATION","5900098",0,59,59,0,59,1
"1228","2021-2022","BUREAU OF INDIAN EDUCATION","5900099",0,132,132,0,132,1
"1229","2021-2022","BUREAU OF INDIAN EDUCATION","5900100",0,132,132,0,132,1
"1230","2021-2022","BUREAU OF INDIAN EDUCATION","5900101",0,645,645,0,645,1
"1231","2021-2022","BUREAU OF INDIAN EDUCATION","5900102",0,66,66,0,66,1
"1232","2021-2022","BUREAU OF INDIAN EDUCATION","5900103",0,49,49,0,49,1
"1233","2021-2022","BUREAU OF INDIAN EDUCATION","5900104",0,362,362,0,362,1
"1234","2021-2022","BUREAU OF INDIAN EDUCATION","5900105",0,224,224,0,224,1
"1235","2021-2022","BUREAU OF INDIAN EDUCATION","5900106",0,541,541,0,541,1
"1236","2021-2022","BUREAU OF INDIAN EDUCATION","5900107",0,118,118,0,118,1
"1237","2021-2022","BUREAU OF INDIAN EDUCATION","5900108",0,327,327,0,327,1
"1238","2021-2022","BUREAU OF INDIAN EDUCATION","5900109",0,93,93,0,93,1
"1239","2021-2022","BUREAU OF INDIAN EDUCATION","5900110",0,125,125,0,125,1
"1240","2021-2022","BUREAU OF INDIAN EDUCATION","5900111",0,228,228,0,228,1
"1241","2021-2022","BUREAU OF INDIAN EDUCATION","5900112",0,221,221,0,221,1
"1242","2021-2022","BUREAU OF INDIAN EDUCATION","5900113",0,115,115,0,115,1
"1243","2021-2022","BUREAU OF INDIAN EDUCATION","5900114",0,358,358,0,358,1
"1244","2021-2022","BUREAU OF INDIAN EDUCATION","5900115",0,125,125,0,125,1
"1245","2021-2022","BUREAU OF INDIAN EDUCATION","5900116",0,254,254,0,254,1
"1246","2021-2022","BUREAU OF INDIAN EDUCATION","5900117",0,170,170,0,170,1
"1247","2021-2022","BUREAU OF INDIAN EDUCATION","5900118",0,146,146,0,146,1
"1248","2021-2022","BUREAU OF INDIAN EDUCATION","5900119",0,296,296,0,296,1
"1249","2021-2022","BUREAU OF INDIAN EDUCATION","5900120",0,221,221,0,221,1
"1250","2021-2022","BUREAU OF INDIAN EDUCATION","5900121",0,89,89,0,89,1
"1251","2021-2022","BUREAU OF INDIAN EDUCATION","5900122",0,286,286,0,286,1
"1252","2021-2022","BUREAU OF INDIAN EDUCATION","5900123",0,465,465,0,465,1
"1253","2021-2022","BUREAU OF INDIAN EDUCATION","5900124",0,111,111,0,111,1
"1254","2021-2022","BUREAU OF INDIAN EDUCATION","5900125",0,32,32,0,32,1
"1255","2021-2022","BUREAU OF INDIAN EDUCATION","5900126",0,175,175,0,175,1
"1256","2021-2022","BUREAU OF INDIAN EDUCATION","5900127",0,69,69,0,69,1
"1257","2021-2022","BUREAU OF INDIAN EDUCATION","5900128",0,221,221,0,221,1
"1258","2021-2022","BUREAU OF INDIAN EDUCATION","5900129",0,501,501,0,501,1
"1259","2021-2022","BUREAU OF INDIAN EDUCATION","5900130",0,672,672,0,672,1
"1260","2021-2022","BUREAU OF INDIAN EDUCATION","5900131",0,103,103,0,103,1
"1261","2021-2022","BUREAU OF INDIAN EDUCATION","5900132",0,101,101,0,101,1
"1262","2021-2022","BUREAU OF INDIAN EDUCATION","5900133",0,171,171,0,171,1
"1263","2021-2022","BUREAU OF INDIAN EDUCATION","5900134",0,38,38,0,38,1
"1264","2021-2022","BUREAU OF INDIAN EDUCATION","5900135",0,103,103,0,103,1
"1265","2021-2022","BUREAU OF INDIAN EDUCATION","5900136",0,110,110,0,110,1
"1266","2021-2022","BUREAU OF INDIAN EDUCATION","5900137",0,124,124,0,124,1
"1267","2021-2022","BUREAU OF INDIAN EDUCATION","5900138",0,71,71,0,71,1
"1268","2021-2022","BUREAU OF INDIAN EDUCATION","5900139",0,144,144,0,144,1
"1269","2021-2022","BUREAU OF INDIAN EDUCATION","5900140",0,138,138,0,138,1
"1270","2021-2022","BUREAU OF INDIAN EDUCATION","5900141",0,212,212,0,212,1
"1271","2021-2022","BUREAU OF INDIAN EDUCATION","5900142",0,276,276,0,276,1
"1272","2021-2022","BUREAU OF INDIAN EDUCATION","5900143",0,129,129,0,129,1
"1273","2021-2022","BUREAU OF INDIAN EDUCATION","5900144",0,167,167,0,167,1
"1274","2021-2022","BUREAU OF INDIAN EDUCATION","5900145",0,445,445,0,445,1
"1275","2021-2022","BUREAU OF INDIAN EDUCATION","5900146",0,102,102,0,102,1
"1276","2021-2022","BUREAU OF INDIAN EDUCATION","5900147",0,195,195,0,195,1
"1277","2021-2022","BUREAU OF INDIAN EDUCATION","5900148",0,221,221,0,221,1
"1278","2021-2022","BUREAU OF INDIAN EDUCATION","5900149",0,184,184,0,184,1
"1279","2021-2022","BUREAU OF INDIAN EDUCATION","5900150",0,75,75,0,75,1
"1280","2021-2022","BUREAU OF INDIAN EDUCATION","5900151",0,262,262,0,262,1
"1281","2021-2022","BUREAU OF INDIAN EDUCATION","5900152",0,43,43,0,43,1
"1282","2021-2022","BUREAU OF INDIAN EDUCATION","5900153",0,12,12,0,12,1
"1283","2021-2022","BUREAU OF INDIAN EDUCATION","5900154",0,138,138,0,138,1
"1284","2021-2022","BUREAU OF INDIAN EDUCATION","5900155",0,78,78,0,78,1
"1285","2021-2022","BUREAU OF INDIAN EDUCATION","5900156",0,244,244,0,244,1
"1286","2021-2022","BUREAU OF INDIAN EDUCATION","5900157",0,111,111,0,111,1
"1287","2021-2022","BUREAU OF INDIAN EDUCATION","5900158",0,522,522,0,522,1
"1288","2021-2022","BUREAU OF INDIAN EDUCATION","5900159",0,55,55,0,55,1
"1289","2021-2022","BUREAU OF INDIAN EDUCATION","5900160",0,62,62,0,62,1
"1290","2021-2022","BUREAU OF INDIAN EDUCATION","5900161",0,319,319,0,319,1
"1291","2021-2022","BUREAU OF INDIAN EDUCATION","5900162",0,88,88,0,88,1
"1292","2021-2022","BUREAU OF INDIAN EDUCATION","5900163",0,183,183,0,183,1
"1293","2021-2022","BUREAU OF INDIAN EDUCATION","5900164",0,128,128,0,128,1
"1294","2021-2022","BUREAU OF INDIAN EDUCATION","5900165",0,47,47,0,47,1
"1295","2021-2022","BUREAU OF INDIAN EDUCATION","5900166",0,128,128,0,128,1
"1296","2021-2022","BUREAU OF INDIAN EDUCATION","5900167",0,98,98,0,98,1
"1297","2021-2022","BUREAU OF INDIAN EDUCATION","5900168",0,69,69,0,69,1
"1298","2021-2022","BUREAU OF INDIAN EDUCATION","5900169",0,68,68,0,68,1
"1299","2021-2022","BUREAU OF INDIAN EDUCATION","5900170",0,130,130,0,130,1
"1300","2021-2022","BUREAU OF INDIAN EDUCATION","5900171",0,166,166,0,166,1
"1301","2021-2022","BUREAU OF INDIAN EDUCATION","5900172",0,169,169,0,169,1
"1302","2021-2022","BUREAU OF INDIAN EDUCATION","5900173",0,562,562,0,562,1
"1303","2021-2022","BUREAU OF INDIAN EDUCATION","5900174",0,84,84,0,84,1
"1304","2021-2022","BUREAU OF INDIAN EDUCATION","5900175",0,99,99,0,99,1
"1305","2021-2022","BUREAU OF INDIAN EDUCATION","5900176",0,252,252,0,252,1
"1306","2021-2022","BUREAU OF INDIAN EDUCATION","5900177",0,253,253,0,253,1
"1307","2021-2022","BUREAU OF INDIAN EDUCATION","5900178",0,62,62,0,62,1
"1308","2021-2022","BUREAU OF INDIAN EDUCATION","5900179",0,71,71,0,71,1
"1309","2021-2022","BUREAU OF INDIAN EDUCATION","5900180",0,150,150,0,150,1
"1310","2021-2022","BUREAU OF INDIAN EDUCATION","5900181",0,49,49,0,49,1
"1311","2021-2022","BUREAU OF INDIAN EDUCATION","5900182",0,104,104,0,104,1
"1312","2021-2022","BUREAU OF INDIAN EDUCATION","5900183",0,125,125,0,125,1
"1313","2021-2022","BUREAU OF INDIAN EDUCATION","5900184",0,234,234,0,234,1
"1314","2021-2022","BUREAU OF INDIAN EDUCATION","5900185",0,86,86,0,86,1
"1315","2021-2022","BUREAU OF INDIAN EDUCATION","5900186",0,252,252,0,252,1
"1316","2021-2022","BUREAU OF INDIAN EDUCATION","5900187",0,164,164,0,164,1
"1317","2021-2022","BUREAU OF INDIAN EDUCATION","5900188",0,53,53,0,53,1
"1318","2021-2022","BUREAU OF INDIAN EDUCATION","5900189",0,168,168,0,168,1
"1319","2021-2022","BUREAU OF INDIAN EDUCATION","5900190",0,134,134,0,134,1
"1320","2021-2022","BUREAU OF INDIAN EDUCATION","5900191",0,232,232,0,232,1
"1321","2021-2022","BUREAU OF INDIAN EDUCATION","5900192",0,297,297,0,297,1
"1322","2021-2022","BUREAU OF INDIAN EDUCATION","5900193",0,52,52,0,52,1
"1323","2021-2022","BUREAU OF INDIAN EDUCATION","5900194",0,179,179,0,179,1
"1324","2021-2022","BUREAU OF INDIAN EDUCATION","5900195",0,174,174,0,174,1
"1325","2021-2022","BUREAU OF INDIAN EDUCATION","5900196",0,271,271,0,271,1
"1326","2021-2022","BUREAU OF INDIAN EDUCATION","5900197",0,105,105,0,105,1
"1327","2021-2022","BUREAU OF INDIAN EDUCATION","5900200",0,29,29,0,29,1
"1328","2021-2022","CALIFORNIA","0600001",66,496,562,300,862,0.651972157772622
"1329","2021-2022","CALIFORNIA","0600002",0,59,59,15,74,0.797297297297297
"1330","2021-2022","CALIFORNIA","0600003",0,315,315,84,399,0.789473684210526
"1331","2021-2022","CALIFORNIA","0600006",13,173,186,153,339,0.548672566371681
"1332","2021-2022","CALIFORNIA","0600007",0,67,67,63,130,0.515384615384615
"1333","2021-2022","CALIFORNIA","0600009",7,118,125,81,206,0.606796116504854
"1334","2021-2022","CALIFORNIA","0600011",31,115,146,90,236,0.61864406779661
"1335","2021-2022","CALIFORNIA","0600012",5,65,70,59,129,0.542635658914729
"1336","2021-2022","CALIFORNIA","0600013",89,1779,1868,1575,3443,0.542550101655533
"1337","2021-2022","CALIFORNIA","0600014",963,13879,14842,11169,26011,0.570604744146707
"1338","2021-2022","CALIFORNIA","0600015",84,798,882,592,1474,0.598371777476255
"1339","2021-2022","CALIFORNIA","0600016",1548,5045,6593,3466,10059,0.655432945620837
"1340","2021-2022","CALIFORNIA","0600017",1521,8145,9666,6769,16435,0.588135077578339
"1341","2021-2022","CALIFORNIA","0600018",19,230,249,155,404,0.616336633663366
"1342","2021-2022","CALIFORNIA","0600019",0,997,997,981,1978,0.504044489383215
"1343","2021-2022","CALIFORNIA","0600020",84,1009,1093,759,1852,0.590172786177106
"1344","2021-2022","CALIFORNIA","0600021",0,24,24,24,48,0.5
"1345","2021-2022","CALIFORNIA","0600022",133,3576,3709,2601,6310,0.587797147385103
"1346","2021-2022","CALIFORNIA","0600025",5,258,263,229,492,0.534552845528455
"1347","2021-2022","CALIFORNIA","0600026",62,434,496,310,806,0.615384615384615
"1348","2021-2022","CALIFORNIA","0600027",1857,11089,12946,8160,21106,0.613380081493414
"1349","2021-2022","CALIFORNIA","0600028",825,6521,7346,5205,12551,0.585292008604892
"1350","2021-2022","CALIFORNIA","0600029",937,6724,7661,5252,12913,0.593278091845427
"1351","2021-2022","CALIFORNIA","0600031",3,9,12,5,17,0.705882352941177
"1352","2021-2022","CALIFORNIA","0600032",81,1250,1331,1045,2376,0.560185185185185
"1353","2021-2022","CALIFORNIA","0600033",306,1643,1949,1249,3198,0.609443402126329
"1354","2021-2022","CALIFORNIA","0600034",709,1629,2338,1030,3368,0.694180522565321
"1355","2021-2022","CALIFORNIA","0600035",96,2106,2202,1490,3692,0.596424702058505
"1356","2021-2022","CALIFORNIA","0600036",816,6405,7221,4796,12017,0.600898726803695
"1357","2021-2022","CALIFORNIA","0600037",29,219,248,191,439,0.564920273348519
"1358","2021-2022","CALIFORNIA","0600038",0,7,7,7,14,0.5
"1359","2021-2022","CALIFORNIA","0600039",157,1844,2001,1298,3299,0.606547438617763
"1360","2021-2022","CALIFORNIA","0600040",156,1103,1259,803,2062,0.610572259941804
"1361","2021-2022","CALIFORNIA","0600042",14,143,157,111,268,0.585820895522388
"1362","2021-2022","CALIFORNIA","0600043",0,197,197,189,386,0.510362694300518
"1363","2021-2022","CALIFORNIA","0600044",162,704,866,386,1252,0.691693290734824
"1364","2021-2022","CALIFORNIA","0600045",317,1526,1843,1164,3007,0.612903225806452
"1365","2021-2022","CALIFORNIA","0600046",177,1693,1870,1120,2990,0.625418060200669
"1366","2021-2022","CALIFORNIA","0600047",784,6295,7079,4537,11616,0.609418044077135
"1367","2021-2022","CALIFORNIA","0600048",851,3092,3943,2287,6230,0.632905296950241
"1368","2021-2022","CALIFORNIA","0600049",37,323,360,180,540,0.666666666666667
"1369","2021-2022","CALIFORNIA","0600051",213,1196,1409,654,2063,0.682985942801745
"1370","2021-2022","CALIFORNIA","0600052",177,2359,2536,1997,4533,0.559452900948599
"1371","2021-2022","CALIFORNIA","0600060",333,1029,1362,732,2094,0.650429799426934
"1372","2021-2022","CALIFORNIA","0600061",154,1817,1971,1541,3512,0.56121867881549
"1373","2021-2022","CALIFORNIA","0600062",55,1899,1954,1721,3675,0.531700680272109
"1374","2021-2022","CALIFORNIA","0600063",253,1319,1572,889,2461,0.63876472978464
"1375","2021-2022","CALIFORNIA","0600064",718,11385,12103,8284,20387,0.593662628145387
"1376","2021-2022","CALIFORNIA","0600065",644,5046,5690,3486,9176,0.620095902353967
"1377","2021-2022","CALIFORNIA","0600067",84,1228,1312,908,2220,0.590990990990991
"1378","2021-2022","CALIFORNIA","0600068",104,796,900,602,1502,0.599201065246338
"1379","2021-2022","CALIFORNIA","0600069",777,1481,2258,1328,3586,0.629670942554378
"1380","2021-2022","CALIFORNIA","0600075",0,0,0,0,0,NA
"1381","2021-2022","CALIFORNIA","0600076",0,0,0,0,0,NA
"1382","2021-2022","CALIFORNIA","0600077",0,0,0,0,0,NA
"1383","2021-2022","CALIFORNIA","0600078",0,0,0,0,0,NA
"1384","2021-2022","CALIFORNIA","0600079",0,0,0,0,0,NA
"1385","2021-2022","CALIFORNIA","0600080",0,0,0,0,0,NA
"1386","2021-2022","CALIFORNIA","0600081",0,0,0,0,0,NA
"1387","2021-2022","CALIFORNIA","0600082",0,0,0,0,0,NA
"1388","2021-2022","CALIFORNIA","0600083",0,0,0,0,0,NA
"1389","2021-2022","CALIFORNIA","0600084",0,0,0,0,0,NA
"1390","2021-2022","CALIFORNIA","0600085",0,0,0,0,0,NA
"1391","2021-2022","CALIFORNIA","0600086",0,0,0,0,0,NA
"1392","2021-2022","CALIFORNIA","0600089",0,0,0,0,0,NA
"1393","2021-2022","CALIFORNIA","0600090",0,0,0,0,0,NA
"1394","2021-2022","CALIFORNIA","0600092",0,0,0,0,0,NA
"1395","2021-2022","CALIFORNIA","0600093",0,0,0,0,0,NA
"1396","2021-2022","CALIFORNIA","0600094",0,0,0,0,0,NA
"1397","2021-2022","CALIFORNIA","0600095",0,0,0,0,0,NA
"1398","2021-2022","CALIFORNIA","0600096",0,0,0,0,0,NA
"1399","2021-2022","CALIFORNIA","0600097",0,0,0,0,0,NA
"1400","2021-2022","CALIFORNIA","0600098",0,0,0,0,0,NA
"1401","2021-2022","CALIFORNIA","0600099",0,0,0,0,0,NA
"1402","2021-2022","CALIFORNIA","0600100",0,0,0,0,0,NA
"1403","2021-2022","CALIFORNIA","0600101",0,0,0,0,0,NA
"1404","2021-2022","CALIFORNIA","0600105",0,0,0,0,0,NA
"1405","2021-2022","CALIFORNIA","0600106",0,0,0,0,0,NA
"1406","2021-2022","CALIFORNIA","0600107",0,0,0,0,0,NA
"1407","2021-2022","CALIFORNIA","0600108",0,0,0,0,0,NA
"1408","2021-2022","CALIFORNIA","0600110",0,0,0,0,0,NA
"1409","2021-2022","CALIFORNIA","0600111",0,0,0,0,0,NA
"1410","2021-2022","CALIFORNIA","0600112",0,0,0,0,0,NA
"1411","2021-2022","CALIFORNIA","0600113",0,0,0,0,0,NA
"1412","2021-2022","CALIFORNIA","0600114",0,0,0,0,0,NA
"1413","2021-2022","CALIFORNIA","0600116",46,620,666,517,1183,0.562975486052409
"1414","2021-2022","CALIFORNIA","0600117",0,0,0,0,0,NA
"1415","2021-2022","CALIFORNIA","0600118",0,0,0,0,0,NA
"1416","2021-2022","CALIFORNIA","0600119",0,0,0,0,0,NA
"1417","2021-2022","CALIFORNIA","0600120",0,0,0,0,0,NA
"1418","2021-2022","CALIFORNIA","0600121",0,0,0,0,0,NA
"1419","2021-2022","CALIFORNIA","0600122",0,0,0,0,0,NA
"1420","2021-2022","CALIFORNIA","0600123",0,0,0,0,0,NA
"1421","2021-2022","CALIFORNIA","0600124",0,0,0,0,0,NA
"1422","2021-2022","CALIFORNIA","0600125",0,0,0,0,0,NA
"1423","2021-2022","CALIFORNIA","0600126",0,0,0,0,0,NA
"1424","2021-2022","CALIFORNIA","0600127",0,0,0,0,0,NA
"1425","2021-2022","CALIFORNIA","0600129",0,0,0,0,0,NA
"1426","2021-2022","CALIFORNIA","0600130",0,0,0,0,0,NA
"1427","2021-2022","CALIFORNIA","0600131",0,0,0,0,0,NA
"1428","2021-2022","CALIFORNIA","0600132",0,0,0,0,0,NA
"1429","2021-2022","CALIFORNIA","0600133",0,0,0,0,0,NA
"1430","2021-2022","CALIFORNIA","0600135",0,0,0,0,0,NA
"1431","2021-2022","CALIFORNIA","0600137",0,0,0,0,0,NA
"1432","2021-2022","CALIFORNIA","0600138",0,0,0,0,0,NA
"1433","2021-2022","CALIFORNIA","0600139",0,0,0,0,0,NA
"1434","2021-2022","CALIFORNIA","0600140",0,0,0,0,0,NA
"1435","2021-2022","CALIFORNIA","0600143",0,0,0,0,0,NA
"1436","2021-2022","CALIFORNIA","0600144",0,0,0,0,0,NA
"1437","2021-2022","CALIFORNIA","0600145",0,0,0,0,0,NA
"1438","2021-2022","CALIFORNIA","0600146",0,0,0,0,0,NA
"1439","2021-2022","CALIFORNIA","0600148",0,0,0,0,0,NA
"1440","2021-2022","CALIFORNIA","0600149",0,0,0,0,0,NA
"1441","2021-2022","CALIFORNIA","0600153",812,7339,8151,5574,13725,0.593879781420765
"1442","2021-2022","CALIFORNIA","0600155",0,0,0,0,0,NA
"1443","2021-2022","CALIFORNIA","0600158",1040,6856,7896,5886,13782,0.572921201567262
"1444","2021-2022","CALIFORNIA","0600159",55,304,359,244,603,0.595356550580431
"1445","2021-2022","CALIFORNIA","0600160",117,651,768,538,1306,0.588055130168453
"1446","2021-2022","CALIFORNIA","0601331",92,303,395,240,635,0.622047244094488
"1447","2021-2022","CALIFORNIA","0601332",2453,17063,19516,13887,33403,0.584258898901296
"1448","2021-2022","CALIFORNIA","0601339",93,474,567,333,900,0.63
"1449","2021-2022","CALIFORNIA","0601343",0,0,0,0,0,NA
"1450","2021-2022","CALIFORNIA","0601409",277,992,1269,792,2061,0.615720524017467
"1451","2021-2022","CALIFORNIA","0601410",21,743,764,655,1419,0.538407329105004
"1452","2021-2022","CALIFORNIA","0601414",1430,6124,7554,3871,11425,0.661181619256017
"1453","2021-2022","CALIFORNIA","0601415",122,1939,2061,1637,3698,0.557328285559762
"1454","2021-2022","CALIFORNIA","0601418",222,1598,1820,1080,2900,0.627586206896552
"1455","2021-2022","CALIFORNIA","0601420",91,793,884,652,1536,0.575520833333333
"1456","2021-2022","CALIFORNIA","0601421",12,4021,4033,2162,6195,0.651008878127522
"1457","2021-2022","CALIFORNIA","0601422",0,44,44,28,72,0.611111111111111
"1458","2021-2022","CALIFORNIA","0601423",436,1287,1723,1253,2976,0.578965053763441
"1459","2021-2022","CALIFORNIA","0601426",194,635,829,425,1254,0.661084529505582
"1460","2021-2022","CALIFORNIA","0601427",24,261,285,222,507,0.562130177514793
"1461","2021-2022","CALIFORNIA","0601428",235,620,855,436,1291,0.662277304415182
"1462","2021-2022","CALIFORNIA","0601440",0,0,0,0,0,NA
"1463","2021-2022","CALIFORNIA","0601442",122,648,770,510,1280,0.6015625
"1464","2021-2022","CALIFORNIA","0601461",48,370,418,286,704,0.59375
"1465","2021-2022","CALIFORNIA","0601462",0,37,37,35,72,0.513888888888889
"1466","2021-2022","CALIFORNIA","0601463",27,125,152,84,236,0.644067796610169
"1467","2021-2022","CALIFORNIA","0601464",59,133,192,108,300,0.64
"1468","2021-2022","CALIFORNIA","0601465",24,278,302,212,514,0.587548638132296
"1469","2021-2022","CALIFORNIA","0601466",17,112,129,82,211,0.611374407582938
"1470","2021-2022","CALIFORNIA","0601467",5,29,34,13,47,0.723404255319149
"1471","2021-2022","CALIFORNIA","0601468",43,411,454,282,736,0.616847826086957
"1472","2021-2022","CALIFORNIA","0601469",10,109,119,87,206,0.577669902912621
"1473","2021-2022","CALIFORNIA","0601470",9,186,195,128,323,0.603715170278638
"1474","2021-2022","CALIFORNIA","0601471",28,471,499,336,835,0.597604790419162
"1475","2021-2022","CALIFORNIA","0601472",81,600,681,503,1184,0.575168918918919
"1476","2021-2022","CALIFORNIA","0601473",9,151,160,129,289,0.55363321799308
"1477","2021-2022","CALIFORNIA","0601474",30,170,200,97,297,0.673400673400673
"1478","2021-2022","CALIFORNIA","0601475",17,264,281,186,467,0.601713062098501
"1479","2021-2022","CALIFORNIA","0601477",18,390,408,248,656,0.621951219512195
"1480","2021-2022","CALIFORNIA","0601478",0,27,27,26,53,0.509433962264151
"1481","2021-2022","CALIFORNIA","0601479",0,132,132,126,258,0.511627906976744
"1482","2021-2022","CALIFORNIA","0601480",0,108,108,108,216,0.5
"1483","2021-2022","CALIFORNIA","0601481",43,293,336,234,570,0.589473684210526
"1484","2021-2022","CALIFORNIA","0601483",29,216,245,168,413,0.593220338983051
"1485","2021-2022","CALIFORNIA","0601484",108,609,717,373,1090,0.657798165137615
"1486","2021-2022","CALIFORNIA","0601485",40,442,482,344,826,0.583535108958838
"1487","2021-2022","CALIFORNIA","0601486",11,203,214,183,397,0.53904282115869
"1488","2021-2022","CALIFORNIA","0601487",24,377,401,306,707,0.567185289957567
"1489","2021-2022","CALIFORNIA","0601488",79,735,814,606,1420,0.573239436619718
"1490","2021-2022","CALIFORNIA","0601489",4,22,26,18,44,0.590909090909091
"1491","2021-2022","CALIFORNIA","0601490",7,146,153,120,273,0.56043956043956
"1492","2021-2022","CALIFORNIA","0601491",42,175,217,123,340,0.638235294117647
"1493","2021-2022","CALIFORNIA","0601493",19,164,183,151,334,0.547904191616767
"1494","2021-2022","CALIFORNIA","0601494",22,304,326,242,568,0.573943661971831
"1495","2021-2022","CALIFORNIA","0601495",18,106,124,72,196,0.63265306122449
"1496","2021-2022","CALIFORNIA","0601496",13,211,224,147,371,0.60377358490566
"1497","2021-2022","CALIFORNIA","0601497",12,70,82,63,145,0.56551724137931
"1498","2021-2022","CALIFORNIA","0601498",19,143,162,118,280,0.578571428571429
"1499","2021-2022","CALIFORNIA","0601499",10,37,47,27,74,0.635135135135135
"1500","2021-2022","CALIFORNIA","0601500",197,1051,1248,773,2021,0.617516081147947
"1501","2021-2022","CALIFORNIA","0601501",3,14,17,12,29,0.586206896551724
"1502","2021-2022","CALIFORNIA","0601502",198,723,921,410,1331,0.691960931630353
"1503","2021-2022","CALIFORNIA","0601503",75,100,175,72,247,0.708502024291498
"1504","2021-2022","CALIFORNIA","0601505",49,197,246,152,398,0.618090452261307
"1505","2021-2022","CALIFORNIA","0601507",0,437,437,414,851,0.513513513513513
"1506","2021-2022","CALIFORNIA","0601508",5,167,172,161,333,0.516516516516517
"1507","2021-2022","CALIFORNIA","0601509",27,196,223,139,362,0.616022099447514
"1508","2021-2022","CALIFORNIA","0601511",2,21,23,14,37,0.621621621621622
"1509","2021-2022","CALIFORNIA","0601512",53,141,194,127,321,0.604361370716511
"1510","2021-2022","CALIFORNIA","0601513",73,271,344,189,533,0.645403377110694
"1511","2021-2022","CALIFORNIA","0601514",11,102,113,85,198,0.570707070707071
"1512","2021-2022","CALIFORNIA","0601515",23,127,150,103,253,0.592885375494071
"1513","2021-2022","CALIFORNIA","0601516",23,115,138,96,234,0.58974358974359
"1514","2021-2022","CALIFORNIA","0601517",38,381,419,222,641,0.653666146645866
"1515","2021-2022","CALIFORNIA","0601519",36,512,548,457,1005,0.545273631840796
"1516","2021-2022","CALIFORNIA","0601520",16,137,153,89,242,0.632231404958678
"1517","2021-2022","CALIFORNIA","0601521",0,62,62,14,76,0.815789473684211
"1518","2021-2022","CALIFORNIA","0601522",32,161,193,128,321,0.601246105919003
"1519","2021-2022","CALIFORNIA","0601523",1,339,340,333,673,0.50520059435364
"1520","2021-2022","CALIFORNIA","0601524",28,260,288,197,485,0.593814432989691
"1521","2021-2022","CALIFORNIA","0601526",23,251,274,144,418,0.655502392344498
"1522","2021-2022","CALIFORNIA","0601527",0,349,349,349,698,0.5
"1523","2021-2022","CALIFORNIA","0601528",12,93,105,68,173,0.606936416184971
"1524","2021-2022","CALIFORNIA","0601529",63,262,325,146,471,0.690021231422505
"1525","2021-2022","CALIFORNIA","0601530",32,226,258,139,397,0.649874055415617
"1526","2021-2022","CALIFORNIA","0601531",12,53,65,29,94,0.691489361702128
"1527","2021-2022","CALIFORNIA","0601532",62,436,498,260,758,0.656992084432718
"1528","2021-2022","CALIFORNIA","0601533",16,164,180,115,295,0.610169491525424
"1529","2021-2022","CALIFORNIA","0601534",25,236,261,154,415,0.628915662650602
"1530","2021-2022","CALIFORNIA","0601535",3,43,46,34,80,0.575
"1531","2021-2022","CALIFORNIA","0601536",45,221,266,129,395,0.673417721518987
"1532","2021-2022","CALIFORNIA","0601537",29,383,412,291,703,0.586059743954481
"1533","2021-2022","CALIFORNIA","0601538",24,221,245,160,405,0.604938271604938
"1534","2021-2022","CALIFORNIA","0601540",37,289,326,172,498,0.654618473895582
"1535","2021-2022","CALIFORNIA","0601541",0,202,202,189,391,0.516624040920716
"1536","2021-2022","CALIFORNIA","0601542",22,415,437,312,749,0.583444592790387
"1537","2021-2022","CALIFORNIA","0601543",0,186,186,180,366,0.508196721311475
"1538","2021-2022","CALIFORNIA","0601544",138,832,970,544,1514,0.640686922060766
"1539","2021-2022","CALIFORNIA","0601545",71,382,453,257,710,0.638028169014085
"1540","2021-2022","CALIFORNIA","0601546",6,74,80,48,128,0.625
"1541","2021-2022","CALIFORNIA","0601547",56,294,350,179,529,0.661625708884688
"1542","2021-2022","CALIFORNIA","0601548",0,463,463,459,922,0.502169197396963
"1543","2021-2022","CALIFORNIA","0601549",5,43,48,38,86,0.558139534883721
"1544","2021-2022","CALIFORNIA","0601550",18,148,166,100,266,0.62406015037594
"1545","2021-2022","CALIFORNIA","0601551",15,204,219,183,402,0.544776119402985
"1546","2021-2022","CALIFORNIA","0601552",21,338,359,258,617,0.581847649918963
"1547","2021-2022","CALIFORNIA","0601553",34,413,447,289,736,0.607336956521739
"1548","2021-2022","CALIFORNIA","0601554",18,156,174,140,314,0.554140127388535
"1549","2021-2022","CALIFORNIA","0601555",0,32,32,27,59,0.542372881355932
"1550","2021-2022","CALIFORNIA","0601556",1,145,146,123,269,0.54275092936803
"1551","2021-2022","CALIFORNIA","0601557",23,273,296,215,511,0.579256360078278
"1552","2021-2022","CALIFORNIA","0601558",58,698,756,510,1266,0.597156398104265
"1553","2021-2022","CALIFORNIA","0601559",3,57,60,45,105,0.571428571428571
"1554","2021-2022","CALIFORNIA","0601560",65,303,368,242,610,0.60327868852459
"1555","2021-2022","CALIFORNIA","0601561",52,260,312,157,469,0.665245202558635
"1556","2021-2022","CALIFORNIA","0601562",8,130,138,99,237,0.582278481012658
"1557","2021-2022","CALIFORNIA","0601563",5,38,43,34,77,0.558441558441558
"1558","2021-2022","CALIFORNIA","0601564",53,566,619,359,978,0.632924335378323
"1559","2021-2022","CALIFORNIA","0601565",28,246,274,186,460,0.595652173913043
"1560","2021-2022","CALIFORNIA","0601567",18,115,133,106,239,0.556485355648536
"1561","2021-2022","CALIFORNIA","0601568",26,403,429,276,705,0.608510638297872
"1562","2021-2022","CALIFORNIA","0601569",10,81,91,66,157,0.579617834394904
"1563","2021-2022","CALIFORNIA","0601570",11,86,97,80,177,0.548022598870056
"1564","2021-2022","CALIFORNIA","0601571",5,79,84,55,139,0.60431654676259
"1565","2021-2022","CALIFORNIA","0601573",20,331,351,232,583,0.602058319039451
"1566","2021-2022","CALIFORNIA","0601574",5,89,94,86,180,0.522222222222222
"1567","2021-2022","CALIFORNIA","0601575",0,253,253,137,390,0.648717948717949
"1568","2021-2022","CALIFORNIA","0601576",30,305,335,198,533,0.628517823639775
"1569","2021-2022","CALIFORNIA","0601577",30,385,415,318,733,0.566166439290587
"1570","2021-2022","CALIFORNIA","0601578",115,945,1060,688,1748,0.606407322654462
"1571","2021-2022","CALIFORNIA","0601579",50,214,264,171,435,0.606896551724138
"1572","2021-2022","CALIFORNIA","0601580",27,233,260,163,423,0.614657210401891
"1573","2021-2022","CALIFORNIA","0601581",8,85,93,79,172,0.540697674418605
"1574","2021-2022","CALIFORNIA","0601582",66,485,551,347,898,0.61358574610245
"1575","2021-2022","CALIFORNIA","0601583",0,35,35,29,64,0.546875
"1576","2021-2022","CALIFORNIA","0601584",31,249,280,150,430,0.651162790697674
"1577","2021-2022","CALIFORNIA","0601585",30,213,243,140,383,0.634464751958224
"1578","2021-2022","CALIFORNIA","0601586",8,97,105,82,187,0.561497326203209
"1579","2021-2022","CALIFORNIA","0601587",16,56,72,45,117,0.615384615384615
"1580","2021-2022","CALIFORNIA","0601588",13,425,438,365,803,0.545454545454545
"1581","2021-2022","CALIFORNIA","0601589",13,351,364,265,629,0.578696343402226
"1582","2021-2022","CALIFORNIA","0601590",379,1487,1866,1074,2940,0.63469387755102
"1583","2021-2022","CALIFORNIA","0601591",1,42,43,38,81,0.530864197530864
"1584","2021-2022","CALIFORNIA","0601592",40,265,305,222,527,0.578747628083491
"1585","2021-2022","CALIFORNIA","0601593",3,40,43,31,74,0.581081081081081
"1586","2021-2022","CALIFORNIA","0601594",50,697,747,502,1249,0.598078462770216
"1587","2021-2022","CALIFORNIA","0601595",17,100,117,74,191,0.612565445026178
"1588","2021-2022","CALIFORNIA","0601596",380,2139,2519,1500,4019,0.626772829061956
"1589","2021-2022","CALIFORNIA","0601597",81,336,417,169,586,0.71160409556314
"1590","2021-2022","CALIFORNIA","0601598",6,154,160,142,302,0.529801324503311
"1591","2021-2022","CALIFORNIA","0601599",2,338,340,323,663,0.512820512820513
"1592","2021-2022","CALIFORNIA","0601600",43,258,301,164,465,0.647311827956989
"1593","2021-2022","CALIFORNIA","0601601",15,151,166,118,284,0.584507042253521
"1594","2021-2022","CALIFORNIA","0601602",19,63,82,51,133,0.616541353383459
"1595","2021-2022","CALIFORNIA","0601603",0,173,173,72,245,0.706122448979592
"1596","2021-2022","CALIFORNIA","0601604",40,361,401,291,692,0.579479768786127
"1597","2021-2022","CALIFORNIA","0601605",0,22,22,21,43,0.511627906976744
"1598","2021-2022","CALIFORNIA","0601606",5,92,97,80,177,0.548022598870056
"1599","2021-2022","CALIFORNIA","0601607",10,205,215,154,369,0.582655826558266
"1600","2021-2022","CALIFORNIA","0601609",31,217,248,187,435,0.570114942528736
"1601","2021-2022","CALIFORNIA","0601610",16,56,72,48,120,0.6
"1602","2021-2022","CALIFORNIA","0601611",7,145,152,123,275,0.552727272727273
"1603","2021-2022","CALIFORNIA","0601612",14,184,198,133,331,0.598187311178248
"1604","2021-2022","CALIFORNIA","0601613",52,218,270,159,429,0.629370629370629
"1605","2021-2022","CALIFORNIA","0601614",47,230,277,156,433,0.639722863741339
"1606","2021-2022","CALIFORNIA","0601616",88,795,883,660,1543,0.572261827608555
"1607","2021-2022","CALIFORNIA","0601617",71,450,521,273,794,0.656171284634761
"1608","2021-2022","CALIFORNIA","0601619",97,232,329,144,473,0.695560253699789
"1609","2021-2022","CALIFORNIA","0601620",2451,8130,10581,5667,16248,0.651218611521418
"1610","2021-2022","CALIFORNIA","0601621",48,278,326,167,493,0.661257606490872
"1611","2021-2022","CALIFORNIA","0601622",25,130,155,88,243,0.637860082304527
"1612","2021-2022","CALIFORNIA","0601624",60,769,829,517,1346,0.615898959881129
"1613","2021-2022","CALIFORNIA","0601625",103,1546,1649,1217,2866,0.575366364270761
"1614","2021-2022","CALIFORNIA","0601626",46,235,281,165,446,0.630044843049327
"1615","2021-2022","CALIFORNIA","0601627",21,104,125,88,213,0.586854460093897
"1616","2021-2022","CALIFORNIA","0601628",55,600,655,491,1146,0.571553228621291
"1617","2021-2022","CALIFORNIA","0601629",188,831,1019,683,1702,0.598707403055229
"1618","2021-2022","CALIFORNIA","0601630",36,297,333,226,559,0.595706618962433
"1619","2021-2022","CALIFORNIA","0601631",0,37,37,37,74,0.5
"1620","2021-2022","CALIFORNIA","0601632",9,105,114,90,204,0.558823529411765
"1621","2021-2022","CALIFORNIA","0601633",11,202,213,137,350,0.608571428571429
"1622","2021-2022","CALIFORNIA","0601635",21,113,134,63,197,0.680203045685279
"1623","2021-2022","CALIFORNIA","0601636",58,336,394,197,591,0.666666666666667
"1624","2021-2022","CALIFORNIA","0601637",52,336,388,212,600,0.646666666666667
"1625","2021-2022","CALIFORNIA","0601638",16,114,130,103,233,0.55793991416309
"1626","2021-2022","CALIFORNIA","0601639",5,100,105,77,182,0.576923076923077
"1627","2021-2022","CALIFORNIA","0601640",17,129,146,83,229,0.637554585152838
"1628","2021-2022","CALIFORNIA","0601641",0,198,198,195,393,0.50381679389313
"1629","2021-2022","CALIFORNIA","0601642",50,161,211,133,344,0.613372093023256
"1630","2021-2022","CALIFORNIA","0601644",0,47,47,20,67,0.701492537313433
"1631","2021-2022","CALIFORNIA","0601645",40,152,192,103,295,0.650847457627119
"1632","2021-2022","CALIFORNIA","0601647",136,360,496,235,731,0.678522571819425
"1633","2021-2022","CALIFORNIA","0601648",21,93,114,62,176,0.647727272727273
"1634","2021-2022","CALIFORNIA","0601649",37,438,475,312,787,0.603557814485388
"1635","2021-2022","CALIFORNIA","0601650",16,378,394,351,745,0.528859060402685
"1636","2021-2022","CALIFORNIA","0601652",18,233,251,174,425,0.590588235294118
"1637","2021-2022","CALIFORNIA","0601653",61,302,363,256,619,0.586429725363489
"1638","2021-2022","CALIFORNIA","0601654",14,381,395,286,681,0.580029368575624
"1639","2021-2022","CALIFORNIA","0601656",87,360,447,219,666,0.671171171171171
"1640","2021-2022","CALIFORNIA","0601657",30,555,585,382,967,0.604963805584281
"1641","2021-2022","CALIFORNIA","0601658",20,276,296,198,494,0.59919028340081
"1642","2021-2022","CALIFORNIA","0601660",125,382,507,311,818,0.619804400977995
"1643","2021-2022","CALIFORNIA","0601661",4,59,63,54,117,0.538461538461538
"1644","2021-2022","CALIFORNIA","0601662",24,84,108,73,181,0.596685082872928
"1645","2021-2022","CALIFORNIA","0601664",1,97,98,92,190,0.515789473684211
"1646","2021-2022","CALIFORNIA","0601665",17,118,135,109,244,0.55327868852459
"1647","2021-2022","CALIFORNIA","0601666",19,534,553,394,947,0.583949313621964
"1648","2021-2022","CALIFORNIA","0601667",49,456,505,326,831,0.607701564380265
"1649","2021-2022","CALIFORNIA","0601668",9,142,151,99,250,0.604
"1650","2021-2022","CALIFORNIA","0601669",15,68,83,57,140,0.592857142857143
"1651","2021-2022","CALIFORNIA","0601670",21,270,291,213,504,0.577380952380952
"1652","2021-2022","CALIFORNIA","0601671",46,216,262,132,394,0.66497461928934
"1653","2021-2022","CALIFORNIA","0601672",0,104,104,101,205,0.507317073170732
"1654","2021-2022","CALIFORNIA","0601674",0,16,16,15,31,0.516129032258065
"1655","2021-2022","CALIFORNIA","0601677",50,1256,1306,963,2269,0.575583957690613
"1656","2021-2022","CALIFORNIA","0601678",4,90,94,64,158,0.594936708860759
"1657","2021-2022","CALIFORNIA","0601679",76,409,485,192,677,0.716395864106352
"1658","2021-2022","CALIFORNIA","0601680",2,129,131,127,258,0.507751937984496
"1659","2021-2022","CALIFORNIA","0601681",14,135,149,89,238,0.626050420168067
"1660","2021-2022","CALIFORNIA","0601682",15,103,118,86,204,0.57843137254902
"1661","2021-2022","CALIFORNIA","0601683",49,584,633,399,1032,0.613372093023256
"1662","2021-2022","CALIFORNIA","0601684",9,148,157,107,264,0.59469696969697
"1663","2021-2022","CALIFORNIA","0601685",26,119,145,106,251,0.577689243027888
"1664","2021-2022","CALIFORNIA","0601686",0,239,239,238,477,0.50104821802935
"1665","2021-2022","CALIFORNIA","0601687",33,265,298,186,484,0.615702479338843
"1666","2021-2022","CALIFORNIA","0601688",4,41,45,36,81,0.555555555555556
"1667","2021-2022","CALIFORNIA","0601689",15,47,62,40,102,0.607843137254902
"1668","2021-2022","CALIFORNIA","0601690",29,275,304,179,483,0.629399585921325
"1669","2021-2022","CALIFORNIA","0601691",15,162,177,106,283,0.625441696113074
"1670","2021-2022","CALIFORNIA","0601693",25,408,433,278,711,0.609001406469761
"1671","2021-2022","CALIFORNIA","0601694",17,356,373,259,632,0.590189873417722
"1672","2021-2022","CALIFORNIA","0601695",143,450,593,297,890,0.666292134831461
"1673","2021-2022","CALIFORNIA","0601696",59,328,387,250,637,0.607535321821036
"1674","2021-2022","CALIFORNIA","0601697",17,65,82,39,121,0.677685950413223
"1675","2021-2022","CALIFORNIA","0601698",7,106,113,101,214,0.52803738317757
"1676","2021-2022","CALIFORNIA","0601699",17,359,376,255,631,0.595879556259905
"1677","2021-2022","CALIFORNIA","0601700",0,120,120,89,209,0.574162679425837
"1678","2021-2022","CALIFORNIA","0601701",138,570,708,435,1143,0.619422572178478
"1679","2021-2022","CALIFORNIA","0601702",7,223,230,182,412,0.558252427184466
"1680","2021-2022","CALIFORNIA","0601703",24,355,379,310,689,0.550072568940494
"1681","2021-2022","CALIFORNIA","0601704",2,219,221,199,420,0.526190476190476
"1682","2021-2022","CALIFORNIA","0601705",111,639,750,464,1214,0.617792421746293
"1683","2021-2022","CALIFORNIA","0601706",54,556,610,428,1038,0.58766859344894
"1684","2021-2022","CALIFORNIA","0601707",33,472,505,363,868,0.581797235023041
"1685","2021-2022","CALIFORNIA","0601708",34,290,324,191,515,0.629126213592233
"1686","2021-2022","CALIFORNIA","0601709",43,327,370,249,619,0.597738287560582
"1687","2021-2022","CALIFORNIA","0601710",431,5562,5993,4490,10483,0.571687494037966
"1688","2021-2022","CALIFORNIA","0601711",32,188,220,159,379,0.580474934036939
"1689","2021-2022","CALIFORNIA","0601712",13,55,68,39,107,0.635514018691589
"1690","2021-2022","CALIFORNIA","0601713",0,23,23,23,46,0.5
"1691","2021-2022","CALIFORNIA","0601714",10,241,251,210,461,0.544468546637744
"1692","2021-2022","CALIFORNIA","0601715",62,461,523,318,841,0.621878715814506
"1693","2021-2022","CALIFORNIA","0601716",401,4062,4463,3143,7606,0.58677359978964
"1694","2021-2022","CALIFORNIA","0601718",18,321,339,255,594,0.570707070707071
"1695","2021-2022","CALIFORNIA","0601719",46,173,219,147,366,0.598360655737705
"1696","2021-2022","CALIFORNIA","0601721",14,80,94,50,144,0.652777777777778
"1697","2021-2022","CALIFORNIA","0601722",34,261,295,216,511,0.577299412915851
"1698","2021-2022","CALIFORNIA","0601723",36,278,314,157,471,0.666666666666667
"1699","2021-2022","CALIFORNIA","0601724",0,71,71,70,141,0.50354609929078
"1700","2021-2022","CALIFORNIA","0601725",49,277,326,221,547,0.595978062157221
"1701","2021-2022","CALIFORNIA","0601726",98,532,630,355,985,0.639593908629442
"1702","2021-2022","CALIFORNIA","0601728",54,831,885,641,1526,0.579947575360419
"1703","2021-2022","CALIFORNIA","0601729",71,358,429,242,671,0.639344262295082
"1704","2021-2022","CALIFORNIA","0601730",66,646,712,592,1304,0.54601226993865
"1705","2021-2022","CALIFORNIA","0601731",55,298,353,219,572,0.617132867132867
"1706","2021-2022","CALIFORNIA","0601732",26,713,739,476,1215,0.608230452674897
"1707","2021-2022","CALIFORNIA","0601733",267,1638,1905,1202,3107,0.613131638236241
"1708","2021-2022","CALIFORNIA","0601734",44,163,207,141,348,0.594827586206897
"1709","2021-2022","CALIFORNIA","0601735",9,63,72,51,123,0.585365853658537
"1710","2021-2022","CALIFORNIA","0601736",14,220,234,164,398,0.587939698492462
"1711","2021-2022","CALIFORNIA","0601737",25,229,254,178,432,0.587962962962963
"1712","2021-2022","CALIFORNIA","0601738",82,274,356,202,558,0.637992831541219
"1713","2021-2022","CALIFORNIA","0601740",133,800,933,698,1631,0.572041692213366
"1714","2021-2022","CALIFORNIA","0601741",38,550,588,390,978,0.601226993865031
"1715","2021-2022","CALIFORNIA","0601742",42,215,257,192,449,0.572383073496659
"1716","2021-2022","CALIFORNIA","0601743",109,607,716,502,1218,0.587848932676519
"1717","2021-2022","CALIFORNIA","0601744",11,137,148,122,270,0.548148148148148
"1718","2021-2022","CALIFORNIA","0601745",21,221,242,165,407,0.594594594594595
"1719","2021-2022","CALIFORNIA","0601746",16,232,248,187,435,0.570114942528736
"1720","2021-2022","CALIFORNIA","0601747",5,65,70,55,125,0.56
"1721","2021-2022","CALIFORNIA","0601748",0,213,213,160,373,0.571045576407507
"1722","2021-2022","CALIFORNIA","0601751",15,151,166,132,298,0.557046979865772
"1723","2021-2022","CALIFORNIA","0601752",19,14,33,7,40,0.825
"1724","2021-2022","CALIFORNIA","0601753",19,147,166,123,289,0.57439446366782
"1725","2021-2022","CALIFORNIA","0601754",43,407,450,292,742,0.606469002695418
"1726","2021-2022","CALIFORNIA","0601755",83,488,571,265,836,0.683014354066986
"1727","2021-2022","CALIFORNIA","0601756",44,264,308,108,416,0.740384615384615
"1728","2021-2022","CALIFORNIA","0601757",0,25,25,24,49,0.510204081632653
"1729","2021-2022","CALIFORNIA","0601758",132,432,564,295,859,0.656577415599534
"1730","2021-2022","CALIFORNIA","0601759",79,161,240,132,372,0.645161290322581
"1731","2021-2022","CALIFORNIA","0601760",7,293,300,195,495,0.606060606060606
"1732","2021-2022","CALIFORNIA","0601761",9,207,216,173,389,0.555269922879177
"1733","2021-2022","CALIFORNIA","0601762",63,179,242,34,276,0.876811594202899
"1734","2021-2022","CALIFORNIA","0601763",34,234,268,179,447,0.599552572706935
"1735","2021-2022","CALIFORNIA","0601764",84,377,461,281,742,0.621293800539084
"1736","2021-2022","CALIFORNIA","0601765",138,329,467,318,785,0.594904458598726
"1737","2021-2022","CALIFORNIA","0601766",72,266,338,177,515,0.65631067961165
"1738","2021-2022","CALIFORNIA","0601767",53,223,276,198,474,0.582278481012658
"1739","2021-2022","CALIFORNIA","0601768",26,121,147,102,249,0.590361445783133
"1740","2021-2022","CALIFORNIA","0601769",24,171,195,144,339,0.575221238938053
"1741","2021-2022","CALIFORNIA","0601770",97,1914,2011,1710,3721,0.540446116635313
"1742","2021-2022","CALIFORNIA","0601771",53,239,292,142,434,0.672811059907834
"1743","2021-2022","CALIFORNIA","0601773",14,122,136,107,243,0.559670781893004
"1744","2021-2022","CALIFORNIA","0601775",29,330,359,263,622,0.577170418006431
"1745","2021-2022","CALIFORNIA","0601776",13,88,101,69,170,0.594117647058824
"1746","2021-2022","CALIFORNIA","0601777",0,291,291,255,546,0.532967032967033
"1747","2021-2022","CALIFORNIA","0601778",12,265,277,228,505,0.548514851485149
"1748","2021-2022","CALIFORNIA","0601779",53,249,302,208,510,0.592156862745098
"1749","2021-2022","CALIFORNIA","0601780",10,174,184,147,331,0.555891238670695
"1750","2021-2022","CALIFORNIA","0601781",47,429,476,225,701,0.679029957203994
"1751","2021-2022","CALIFORNIA","0601782",47,304,351,199,550,0.638181818181818
"1752","2021-2022","CALIFORNIA","0601783",34,183,217,115,332,0.653614457831325
"1753","2021-2022","CALIFORNIA","0601784",48,554,602,413,1015,0.593103448275862
"1754","2021-2022","CALIFORNIA","0601785",55,335,390,193,583,0.668953687821612
"1755","2021-2022","CALIFORNIA","0601786",113,338,451,232,683,0.660322108345534
"1756","2021-2022","CALIFORNIA","0601787",0,61,61,61,122,0.5
"1757","2021-2022","CALIFORNIA","0601788",146,903,1049,637,1686,0.622182680901542
"1758","2021-2022","CALIFORNIA","0601789",84,420,504,211,715,0.704895104895105
"1759","2021-2022","CALIFORNIA","0601790",44,407,451,324,775,0.581935483870968
"1760","2021-2022","CALIFORNIA","0601791",34,369,403,279,682,0.590909090909091
"1761","2021-2022","CALIFORNIA","0601792",22,193,215,148,363,0.59228650137741
"1762","2021-2022","CALIFORNIA","0601793",29,226,255,142,397,0.642317380352645
"1763","2021-2022","CALIFORNIA","0601794",100,522,622,416,1038,0.599229287090559
"1764","2021-2022","CALIFORNIA","0601795",8,246,254,179,433,0.586605080831409
"1765","2021-2022","CALIFORNIA","0601796",16,163,179,133,312,0.573717948717949
"1766","2021-2022","CALIFORNIA","0601797",10,232,242,176,418,0.578947368421053
"1767","2021-2022","CALIFORNIA","0601798",30,459,489,333,822,0.594890510948905
"1768","2021-2022","CALIFORNIA","0601799",32,357,389,234,623,0.624398073836276
"1769","2021-2022","CALIFORNIA","0601800",20,111,131,85,216,0.606481481481482
"1770","2021-2022","CALIFORNIA","0601801",21,408,429,346,775,0.553548387096774
"1771","2021-2022","CALIFORNIA","0601802",57,511,568,355,923,0.615384615384615
"1772","2021-2022","CALIFORNIA","0601803",0,18,18,17,35,0.514285714285714
"1773","2021-2022","CALIFORNIA","0601804",2,369,371,252,623,0.595505617977528
"1774","2021-2022","CALIFORNIA","0601805",266,2161,2427,1591,4018,0.604031856645097
"1775","2021-2022","CALIFORNIA","0601806",9,116,125,95,220,0.568181818181818
"1776","2021-2022","CALIFORNIA","0601808",10,110,120,96,216,0.555555555555556
"1777","2021-2022","CALIFORNIA","0601809",39,145,184,115,299,0.615384615384615
"1778","2021-2022","CALIFORNIA","0601810",98,923,1021,744,1765,0.578470254957507
"1779","2021-2022","CALIFORNIA","0601811",15,79,94,72,166,0.566265060240964
"1780","2021-2022","CALIFORNIA","0601812",0,26,26,26,52,0.5
"1781","2021-2022","CALIFORNIA","0601813",0,17,17,17,34,0.5
"1782","2021-2022","CALIFORNIA","0601814",0,31,31,27,58,0.53448275862069
"1783","2021-2022","CALIFORNIA","0601815",43,197,240,168,408,0.588235294117647
"1784","2021-2022","CALIFORNIA","0601816",6,86,92,77,169,0.544378698224852
"1785","2021-2022","CALIFORNIA","0601817",39,303,342,218,560,0.610714285714286
"1786","2021-2022","CALIFORNIA","0601818",19,155,174,107,281,0.619217081850534
"1787","2021-2022","CALIFORNIA","0601820",4,57,61,52,113,0.539823008849557
"1788","2021-2022","CALIFORNIA","0601821",52,305,357,230,587,0.608177172061329
"1789","2021-2022","CALIFORNIA","0601822",14,62,76,50,126,0.603174603174603
"1790","2021-2022","CALIFORNIA","0601823",78,464,542,382,924,0.586580086580087
"1791","2021-2022","CALIFORNIA","0601824",50,345,395,276,671,0.588673621460507
"1792","2021-2022","CALIFORNIA","0601825",11,54,65,39,104,0.625
"1793","2021-2022","CALIFORNIA","0601826",18,329,347,272,619,0.560581583198708
"1794","2021-2022","CALIFORNIA","0601827",18,204,222,158,380,0.58421052631579
"1795","2021-2022","CALIFORNIA","0601828",48,374,422,315,737,0.572591587516961
"1796","2021-2022","CALIFORNIA","0601829",5,278,283,268,551,0.513611615245009
"1797","2021-2022","CALIFORNIA","0601830",9,291,300,253,553,0.54249547920434
"1798","2021-2022","CALIFORNIA","0601831",18,194,212,155,367,0.577656675749319
"1799","2021-2022","CALIFORNIA","0601832",3,68,71,53,124,0.57258064516129
"1800","2021-2022","CALIFORNIA","0601833",35,334,369,203,572,0.645104895104895
"1801","2021-2022","CALIFORNIA","0601834",2,85,87,79,166,0.524096385542169
"1802","2021-2022","CALIFORNIA","0601835",104,792,896,502,1398,0.640915593705293
"1803","2021-2022","CALIFORNIA","0601837",24,521,545,348,893,0.61030235162374
"1804","2021-2022","CALIFORNIA","0601838",303,709,1012,540,1552,0.652061855670103
"1805","2021-2022","CALIFORNIA","0601839",12,68,80,61,141,0.567375886524823
"1806","2021-2022","CALIFORNIA","0601840",11,68,79,46,125,0.632
"1807","2021-2022","CALIFORNIA","0601841",17,104,121,73,194,0.623711340206186
"1808","2021-2022","CALIFORNIA","0601842",0,11,11,9,20,0.55
"1809","2021-2022","CALIFORNIA","0601843",60,300,360,239,599,0.601001669449082
"1810","2021-2022","CALIFORNIA","0601844",20,169,189,157,346,0.546242774566474
"1811","2021-2022","CALIFORNIA","0601845",2,59,61,49,110,0.554545454545455
"1812","2021-2022","CALIFORNIA","0601846",16,448,464,392,856,0.542056074766355
"1813","2021-2022","CALIFORNIA","0601847",28,198,226,154,380,0.594736842105263
"1814","2021-2022","CALIFORNIA","0601848",63,324,387,204,591,0.654822335025381
"1815","2021-2022","CALIFORNIA","0601849",23,393,416,273,689,0.60377358490566
"1816","2021-2022","CALIFORNIA","0601850",116,551,667,388,1055,0.632227488151659
"1817","2021-2022","CALIFORNIA","0601851",112,2061,2173,1853,4026,0.539741679085941
"1818","2021-2022","CALIFORNIA","0601852",12,137,149,81,230,0.647826086956522
"1819","2021-2022","CALIFORNIA","0601853",47,353,400,227,627,0.637958532695375
"1820","2021-2022","CALIFORNIA","0601854",72,845,917,632,1549,0.591994835377663
"1821","2021-2022","CALIFORNIA","0601855",7,88,95,67,162,0.58641975308642
"1822","2021-2022","CALIFORNIA","0601856",4,73,77,64,141,0.546099290780142
"1823","2021-2022","CALIFORNIA","0601857",27,475,502,313,815,0.615950920245399
"1824","2021-2022","CALIFORNIA","0601858",34,143,177,95,272,0.650735294117647
"1825","2021-2022","CALIFORNIA","0601859",15,136,151,101,252,0.599206349206349
"1826","2021-2022","CALIFORNIA","0601860",279,656,935,503,1438,0.650208623087622
"1827","2021-2022","CALIFORNIA","0601861",27,95,122,79,201,0.606965174129353
"1828","2021-2022","CALIFORNIA","0601862",15,268,283,240,523,0.541108986615679
"1829","2021-2022","CALIFORNIA","0601863",2,145,147,131,278,0.528776978417266
"1830","2021-2022","CALIFORNIA","0601864",5,183,188,138,326,0.576687116564417
"1831","2021-2022","CALIFORNIA","0601865",17,384,401,282,683,0.587115666178624
"1832","2021-2022","CALIFORNIA","0601866",26,266,292,179,471,0.619957537154989
"1833","2021-2022","CALIFORNIA","0601867",20,526,546,334,880,0.620454545454545
"1834","2021-2022","CALIFORNIA","0601868",6,35,41,31,72,0.569444444444444
"1835","2021-2022","CALIFORNIA","0601869",9,174,183,125,308,0.594155844155844
"1836","2021-2022","CALIFORNIA","0601870",77,601,678,429,1107,0.612466124661247
"1837","2021-2022","CALIFORNIA","0601871",20,290,310,209,519,0.597302504816956
"1838","2021-2022","CALIFORNIA","0601872",20,190,210,131,341,0.6158357771261
"1839","2021-2022","CALIFORNIA","0601873",22,140,162,69,231,0.701298701298701
"1840","2021-2022","CALIFORNIA","0601875",13,80,93,64,157,0.592356687898089
"1841","2021-2022","CALIFORNIA","0601876",103,882,985,641,1626,0.605781057810578
"1842","2021-2022","CALIFORNIA","0601877",13,93,106,74,180,0.588888888888889
"1843","2021-2022","CALIFORNIA","0601878",27,119,146,98,244,0.598360655737705
"1844","2021-2022","CALIFORNIA","0601879",0,48,48,46,94,0.51063829787234
"1845","2021-2022","CALIFORNIA","0601880",14,392,406,356,762,0.532808398950131
"1846","2021-2022","CALIFORNIA","0601881",28,380,408,291,699,0.583690987124464
"1847","2021-2022","CALIFORNIA","0601882",7,60,67,48,115,0.582608695652174
"1848","2021-2022","CALIFORNIA","0601883",55,467,522,330,852,0.612676056338028
"1849","2021-2022","CALIFORNIA","0601884",32,374,406,306,712,0.570224719101124
"1850","2021-2022","CALIFORNIA","0601885",14,211,225,131,356,0.632022471910112
"1851","2021-2022","CALIFORNIA","0601886",15,244,259,174,433,0.598152424942263
"1852","2021-2022","CALIFORNIA","0601887",7,186,193,173,366,0.527322404371585
"1853","2021-2022","CALIFORNIA","0601888",12,79,91,71,162,0.561728395061728
"1854","2021-2022","CALIFORNIA","0601889",51,389,440,261,701,0.627674750356633
"1855","2021-2022","CALIFORNIA","0601890",5,31,36,16,52,0.692307692307692
"1856","2021-2022","CALIFORNIA","0601891",18,131,149,103,252,0.591269841269841
"1857","2021-2022","CALIFORNIA","0601892",30,305,335,253,588,0.569727891156463
"1858","2021-2022","CALIFORNIA","0601893",12,236,248,175,423,0.58628841607565
"1859","2021-2022","CALIFORNIA","0601894",26,493,519,423,942,0.550955414012739
"1860","2021-2022","CALIFORNIA","0601895",2,53,55,36,91,0.604395604395604
"1861","2021-2022","CALIFORNIA","0601896",38,495,533,428,961,0.554630593132154
"1862","2021-2022","CALIFORNIA","0601897",49,527,576,400,976,0.590163934426229
"1863","2021-2022","CALIFORNIA","0601898",346,2601,2947,1523,4470,0.659284116331096
"1864","2021-2022","CALIFORNIA","0601899",33,571,604,426,1030,0.586407766990291
"1865","2021-2022","CALIFORNIA","0601900",12,438,450,314,764,0.589005235602094
"1866","2021-2022","CALIFORNIA","0601901",13,190,203,157,360,0.563888888888889
"1867","2021-2022","CALIFORNIA","0601902",105,1047,1152,888,2040,0.564705882352941
"1868","2021-2022","CALIFORNIA","0601903",0,87,87,65,152,0.572368421052632
"1869","2021-2022","CALIFORNIA","0601904",49,541,590,477,1067,0.552952202436738
"1870","2021-2022","CALIFORNIA","0601905",12,231,243,152,395,0.615189873417721
"1871","2021-2022","CALIFORNIA","0601906",23,290,313,131,444,0.704954954954955
"1872","2021-2022","CALIFORNIA","0601907",23,358,381,262,643,0.59253499222395
"1873","2021-2022","CALIFORNIA","0601908",6,104,110,68,178,0.617977528089888
"1874","2021-2022","CALIFORNIA","0601909",44,186,230,149,379,0.606860158311346
"1875","2021-2022","CALIFORNIA","0601911",116,456,572,352,924,0.619047619047619
"1876","2021-2022","CALIFORNIA","0601912",60,297,357,184,541,0.659889094269871
"1877","2021-2022","CALIFORNIA","0601913",1,49,50,40,90,0.555555555555556
"1878","2021-2022","CALIFORNIA","0601914",17,149,166,132,298,0.557046979865772
"1879","2021-2022","CALIFORNIA","0601915",7,102,109,90,199,0.547738693467337
"1880","2021-2022","CALIFORNIA","0601916",0,57,57,57,114,0.5
"1881","2021-2022","CALIFORNIA","0601917",11,86,97,72,169,0.57396449704142
"1882","2021-2022","CALIFORNIA","0601918",15,182,197,127,324,0.608024691358025
"1883","2021-2022","CALIFORNIA","0601919",5,138,143,102,245,0.583673469387755
"1884","2021-2022","CALIFORNIA","0601920",143,727,870,523,1393,0.624551328068916
"1885","2021-2022","CALIFORNIA","0601921",39,135,174,81,255,0.682352941176471
"1886","2021-2022","CALIFORNIA","0601922",7,61,68,43,111,0.612612612612613
"1887","2021-2022","CALIFORNIA","0601923",0,411,411,245,656,0.626524390243902
"1888","2021-2022","CALIFORNIA","0601924",48,102,150,80,230,0.652173913043478
"1889","2021-2022","CALIFORNIA","0601925",22,189,211,140,351,0.601139601139601
"1890","2021-2022","CALIFORNIA","0601926",19,397,416,276,692,0.601156069364162
"1891","2021-2022","CALIFORNIA","0601927",32,144,176,109,285,0.617543859649123
"1892","2021-2022","CALIFORNIA","0601928",41,304,345,181,526,0.655893536121673
"1893","2021-2022","CALIFORNIA","0601929",1,42,43,27,70,0.614285714285714
"1894","2021-2022","CALIFORNIA","0601931",0,82,82,77,159,0.515723270440252
"1895","2021-2022","CALIFORNIA","0601932",86,262,348,128,476,0.73109243697479
"1896","2021-2022","CALIFORNIA","0601933",10,73,83,65,148,0.560810810810811
"1897","2021-2022","CALIFORNIA","0601934",26,581,607,386,993,0.611278952668681
"1898","2021-2022","CALIFORNIA","0601935",34,362,396,282,678,0.584070796460177
"1899","2021-2022","CALIFORNIA","0601936",4,33,37,31,68,0.544117647058823
"1900","2021-2022","CALIFORNIA","0601937",58,414,472,222,694,0.680115273775216
"1901","2021-2022","CALIFORNIA","0601938",0,37,37,37,74,0.5
"1902","2021-2022","CALIFORNIA","0601939",26,217,243,142,385,0.631168831168831
"1903","2021-2022","CALIFORNIA","0601940",24,157,181,128,309,0.585760517799353
"1904","2021-2022","CALIFORNIA","0601941",0,70,70,60,130,0.538461538461538
"1905","2021-2022","CALIFORNIA","0601942",0,29,29,29,58,0.5
"1906","2021-2022","CALIFORNIA","0601943",0,108,108,104,212,0.509433962264151
"1907","2021-2022","CALIFORNIA","0601944",44,417,461,251,712,0.64747191011236
"1908","2021-2022","CALIFORNIA","0601945",357,1590,1947,1041,2988,0.651606425702811
"1909","2021-2022","CALIFORNIA","0601946",60,344,404,213,617,0.654781199351702
"1910","2021-2022","CALIFORNIA","0601947",3,65,68,58,126,0.53968253968254
"1911","2021-2022","CALIFORNIA","0601948",20,125,145,92,237,0.611814345991561
"1912","2021-2022","CALIFORNIA","0601950",749,6459,7208,3993,11201,0.643513971966789
"1913","2021-2022","CALIFORNIA","0601952",39,479,518,335,853,0.607268464243845
"1914","2021-2022","CALIFORNIA","0601953",2,55,57,52,109,0.522935779816514
"1915","2021-2022","CALIFORNIA","0601954",26,74,100,58,158,0.632911392405063
"1916","2021-2022","CALIFORNIA","0601955",34,307,341,247,588,0.579931972789116
"1917","2021-2022","CALIFORNIA","0601956",0,259,259,259,518,0.5
"1918","2021-2022","CALIFORNIA","0601957",68,274,342,187,529,0.646502835538752
"1919","2021-2022","CALIFORNIA","0601958",43,241,284,177,461,0.616052060737527
"1920","2021-2022","CALIFORNIA","0601959",47,752,799,572,1371,0.582786287381473
"1921","2021-2022","CALIFORNIA","0601960",22,424,446,311,757,0.589167767503302
"1922","2021-2022","CALIFORNIA","0601961",316,1396,1712,1032,2744,0.623906705539359
"1923","2021-2022","CALIFORNIA","0601962",5,118,123,109,232,0.530172413793103
"1924","2021-2022","CALIFORNIA","0601963",131,814,945,654,1599,0.590994371482176
"1925","2021-2022","CALIFORNIA","0601964",96,945,1041,755,1796,0.579621380846325
"1926","2021-2022","CALIFORNIA","0601965",16,161,177,126,303,0.584158415841584
"1927","2021-2022","CALIFORNIA","0601966",3,43,46,41,87,0.528735632183908
"1928","2021-2022","CALIFORNIA","0601967",23,381,404,193,597,0.676716917922948
"1929","2021-2022","CALIFORNIA","0601968",42,298,340,179,519,0.655105973025048
"1930","2021-2022","CALIFORNIA","0601969",14,130,144,112,256,0.5625
"1931","2021-2022","CALIFORNIA","0601970",16,195,211,166,377,0.559681697612732
"1932","2021-2022","CALIFORNIA","0601971",14,283,297,264,561,0.529411764705882
"1933","2021-2022","CALIFORNIA","0601972",19,60,79,50,129,0.612403100775194
"1934","2021-2022","CALIFORNIA","0601973",59,191,250,138,388,0.644329896907217
"1935","2021-2022","CALIFORNIA","0601974",0,112,112,109,221,0.506787330316742
"1936","2021-2022","CALIFORNIA","0601975",100,409,509,323,832,0.611778846153846
"1937","2021-2022","CALIFORNIA","0601976",7,68,75,60,135,0.555555555555556
"1938","2021-2022","CALIFORNIA","0601977",83,312,395,236,631,0.625990491283677
"1939","2021-2022","CALIFORNIA","0601978",0,37,37,36,73,0.506849315068493
"1940","2021-2022","CALIFORNIA","0601979",11,98,109,73,182,0.598901098901099
"1941","2021-2022","CALIFORNIA","0601980",0,76,76,50,126,0.603174603174603
"1942","2021-2022","CALIFORNIA","0601982",0,17,17,14,31,0.548387096774194
"1943","2021-2022","CALIFORNIA","0601983",0,5,5,5,10,0.5
"1944","2021-2022","CALIFORNIA","0601986",40,194,234,173,407,0.574938574938575
"1945","2021-2022","CALIFORNIA","0601988",0,98,98,72,170,0.576470588235294
"1946","2021-2022","CALIFORNIA","0601989",0,56,56,14,70,0.8
"1947","2021-2022","CALIFORNIA","0601990",162,1538,1700,1200,2900,0.586206896551724
"1948","2021-2022","CALIFORNIA","0601991",46,161,207,128,335,0.617910447761194
"1949","2021-2022","CALIFORNIA","0601992",20,102,122,66,188,0.648936170212766
"1950","2021-2022","CALIFORNIA","0601993",52,227,279,130,409,0.682151589242054
"1951","2021-2022","CALIFORNIA","0601995",20,54,74,49,123,0.601626016260163
"1952","2021-2022","CALIFORNIA","0601996",10,199,209,146,355,0.588732394366197
"1953","2021-2022","CALIFORNIA","0601997",4,63,67,45,112,0.598214285714286
"1954","2021-2022","CALIFORNIA","0601998",0,13,13,6,19,0.684210526315789
"1955","2021-2022","CALIFORNIA","0601999",0,69,69,47,116,0.594827586206897
"1956","2021-2022","CALIFORNIA","0602000",11,454,465,303,768,0.60546875
"1957","2021-2022","CALIFORNIA","0602001",53,262,315,123,438,0.719178082191781
"1958","2021-2022","CALIFORNIA","0602002",0,30,30,30,60,0.5
"1959","2021-2022","CALIFORNIA","0602003",27,363,390,228,618,0.631067961165049
"1960","2021-2022","CALIFORNIA","0602004",19,289,308,248,556,0.553956834532374
"1961","2021-2022","CALIFORNIA","0602005",15,67,82,59,141,0.581560283687943
"1962","2021-2022","CALIFORNIA","0602006",8,42,50,40,90,0.555555555555556
"1963","2021-2022","CALIFORNIA","0602007",15,103,118,83,201,0.587064676616915
"1964","2021-2022","CALIFORNIA","0602008",1,32,33,25,58,0.568965517241379
"1965","2021-2022","CALIFORNIA","0602009",4,234,238,176,414,0.57487922705314
"1966","2021-2022","CALIFORNIA","0602010",6,291,297,228,525,0.565714285714286
"1967","2021-2022","CALIFORNIA","0602011",54,248,302,183,485,0.622680412371134
"1968","2021-2022","CALIFORNIA","0602012",17,159,176,129,305,0.577049180327869
"1969","2021-2022","CALIFORNIA","0602013",17,139,156,109,265,0.588679245283019
"1970","2021-2022","CALIFORNIA","0602014",7,53,60,34,94,0.638297872340426
"1971","2021-2022","CALIFORNIA","0602015",30,258,288,186,474,0.607594936708861
"1972","2021-2022","CALIFORNIA","0602016",15,47,62,30,92,0.673913043478261
"1973","2021-2022","CALIFORNIA","0602017",55,380,435,263,698,0.623209169054441
"1974","2021-2022","CALIFORNIA","0602018",30,333,363,307,670,0.541791044776119
"1975","2021-2022","CALIFORNIA","0602019",0,12,12,7,19,0.631578947368421
"1976","2021-2022","CALIFORNIA","0602020",82,386,468,254,722,0.64819944598338
"1977","2021-2022","CALIFORNIA","0602021",8,64,72,58,130,0.553846153846154
"1978","2021-2022","CALIFORNIA","0602022",2,46,48,45,93,0.516129032258065
"1979","2021-2022","CALIFORNIA","0602023",36,278,314,174,488,0.64344262295082
"1980","2021-2022","CALIFORNIA","0602024",10,54,64,36,100,0.64
"1981","2021-2022","CALIFORNIA","0602025",22,427,449,308,757,0.593130779392338
"1982","2021-2022","CALIFORNIA","0602026",47,285,332,181,513,0.647173489278752
"1983","2021-2022","CALIFORNIA","0602027",5,50,55,41,96,0.572916666666667
"1984","2021-2022","CALIFORNIA","0602030",111,592,703,349,1052,0.668250950570342
"1985","2021-2022","CALIFORNIA","0602032",9,62,71,43,114,0.62280701754386
"1986","2021-2022","CALIFORNIA","0602034",37,337,374,304,678,0.551622418879056
"1987","2021-2022","CALIFORNIA","0602035",47,170,217,121,338,0.642011834319527
"1988","2021-2022","CALIFORNIA","0602036",40,136,176,104,280,0.628571428571429
"1989","2021-2022","CALIFORNIA","0602037",11,105,116,71,187,0.620320855614973
"1990","2021-2022","CALIFORNIA","0602038",25,178,203,99,302,0.672185430463576
"1991","2021-2022","CALIFORNIA","0602039",39,311,350,268,618,0.566343042071197
"1992","2021-2022","CALIFORNIA","0602040",0,140,140,131,271,0.516605166051661
"1993","2021-2022","CALIFORNIA","0602041",54,463,517,352,869,0.594936708860759
"1994","2021-2022","CALIFORNIA","0602042",13,114,127,98,225,0.564444444444444
"1995","2021-2022","CALIFORNIA","0602043",45,202,247,149,396,0.623737373737374
"1996","2021-2022","CALIFORNIA","0602044",1,321,322,319,641,0.502340093603744
"1997","2021-2022","CALIFORNIA","0602045",22,267,289,224,513,0.563352826510721
"1998","2021-2022","CALIFORNIA","0602046",30,325,355,259,614,0.578175895765472
"1999","2021-2022","CALIFORNIA","0602047",86,288,374,173,547,0.683729433272395
"2000","2021-2022","CALIFORNIA","0602048",0,62,62,50,112,0.553571428571429
"2001","2021-2022","CALIFORNIA","0602049",19,109,128,73,201,0.63681592039801
"2002","2021-2022","CALIFORNIA","0602050",19,174,193,132,325,0.593846153846154
"2003","2021-2022","CALIFORNIA","0602051",55,390,445,309,754,0.590185676392573
"2004","2021-2022","CALIFORNIA","0602052",82,531,613,320,933,0.657020364415863
"2005","2021-2022","CALIFORNIA","0602053",12,28,40,17,57,0.701754385964912
"2006","2021-2022","CALIFORNIA","0602054",36,356,392,232,624,0.628205128205128
"2007","2021-2022","CALIFORNIA","0602055",0,101,101,101,202,0.5
"2008","2021-2022","CALIFORNIA","0602056",13,260,273,209,482,0.566390041493776
"2009","2021-2022","CALIFORNIA","0602057",19,112,131,91,222,0.59009009009009
"2010","2021-2022","CALIFORNIA","0602058",3,46,49,38,87,0.563218390804598
"2011","2021-2022","CALIFORNIA","0602059",42,264,306,199,505,0.605940594059406
"2012","2021-2022","CALIFORNIA","0602060",20,519,539,437,976,0.552254098360656
"2013","2021-2022","CALIFORNIA","0602061",43,212,255,159,414,0.615942028985507
"2014","2021-2022","CALIFORNIA","0602062",260,2308,2568,1861,4429,0.579814856626778
"2015","2021-2022","CALIFORNIA","0602063",0,115,115,111,226,0.508849557522124
"2016","2021-2022","CALIFORNIA","0602064",36,204,240,130,370,0.648648648648649
"2017","2021-2022","CALIFORNIA","0602065",45,178,223,99,322,0.692546583850932
"2018","2021-2022","CALIFORNIA","0602068",0,62,62,62,124,0.5
"2019","2021-2022","CALIFORNIA","0602069",43,235,278,186,464,0.599137931034483
"2020","2021-2022","CALIFORNIA","0602070",2,36,38,32,70,0.542857142857143
"2021","2021-2022","CALIFORNIA","0602071",148,658,806,442,1248,0.645833333333333
"2022","2021-2022","CALIFORNIA","0602072",55,260,315,218,533,0.590994371482176
"2023","2021-2022","CALIFORNIA","0602073",5,99,104,90,194,0.536082474226804
"2024","2021-2022","CALIFORNIA","0602074",1,61,62,53,115,0.539130434782609
"2025","2021-2022","CALIFORNIA","0602075",49,636,685,537,1222,0.560556464811784
"2026","2021-2022","CALIFORNIA","0602076",38,357,395,240,635,0.622047244094488
"2027","2021-2022","CALIFORNIA","0602077",6,632,638,367,1005,0.634825870646766
"2028","2021-2022","CALIFORNIA","0602078",12,424,436,267,703,0.620199146514936
"2029","2021-2022","CALIFORNIA","0602079",23,296,319,197,516,0.618217054263566
"2030","2021-2022","CALIFORNIA","0602080",7,87,94,77,171,0.549707602339181
"2031","2021-2022","CALIFORNIA","0602081",92,1009,1101,917,2018,0.545589692765114
"2032","2021-2022","CALIFORNIA","0602082",13,190,203,106,309,0.656957928802589
"2033","2021-2022","CALIFORNIA","0602083",12,383,395,296,691,0.571635311143271
"2034","2021-2022","CALIFORNIA","0602084",37,165,202,146,348,0.580459770114943
"2035","2021-2022","CALIFORNIA","0602085",16,206,222,142,364,0.60989010989011
"2036","2021-2022","CALIFORNIA","0602087",67,259,326,170,496,0.657258064516129
"2037","2021-2022","CALIFORNIA","0602088",17,144,161,117,278,0.579136690647482
"2038","2021-2022","CALIFORNIA","0602089",658,2978,3636,2354,5990,0.607011686143573
"2039","2021-2022","CALIFORNIA","0602090",11,77,88,68,156,0.564102564102564
"2040","2021-2022","CALIFORNIA","0602091",170,455,625,321,946,0.660676532769556
"2041","2021-2022","CALIFORNIA","0602092",49,1202,1251,739,1990,0.628643216080402
"2042","2021-2022","CALIFORNIA","0602093",42,232,274,183,457,0.599562363238512
"2043","2021-2022","CALIFORNIA","0602094",35,418,453,376,829,0.546441495778046
"2044","2021-2022","CALIFORNIA","0602095",31,217,248,188,436,0.568807339449541
"2045","2021-2022","CALIFORNIA","0602096",21,411,432,285,717,0.602510460251046
"2046","2021-2022","CALIFORNIA","0602097",43,179,222,123,345,0.643478260869565
"2047","2021-2022","CALIFORNIA","0602098",2,1088,1090,853,1943,0.5609881626351
"2048","2021-2022","CALIFORNIA","0602099",1,81,82,73,155,0.529032258064516
"2049","2021-2022","CALIFORNIA","0602100",16,464,480,383,863,0.556199304750869
"2050","2021-2022","CALIFORNIA","0602101",15,288,303,255,558,0.543010752688172
"2051","2021-2022","CALIFORNIA","0602102",26,265,291,180,471,0.617834394904459
"2052","2021-2022","CALIFORNIA","0602103",13,108,121,95,216,0.560185185185185
"2053","2021-2022","CALIFORNIA","0602104",4,69,73,61,134,0.544776119402985
"2054","2021-2022","CALIFORNIA","0602105",35,221,256,157,413,0.619854721549637
"2055","2021-2022","CALIFORNIA","0602106",8,44,52,36,88,0.590909090909091
"2056","2021-2022","CALIFORNIA","0602108",160,1609,1769,1182,2951,0.599457810911555
"2057","2021-2022","CALIFORNIA","0602109",42,393,435,185,620,0.701612903225806
"2058","2021-2022","CALIFORNIA","0602110",5,75,80,47,127,0.62992125984252
"2059","2021-2022","CALIFORNIA","0602111",11,241,252,184,436,0.577981651376147
"2060","2021-2022","CALIFORNIA","0602112",17,164,181,119,300,0.603333333333333
"2061","2021-2022","CALIFORNIA","0602113",0,39,39,39,78,0.5
"2062","2021-2022","CALIFORNIA","0602115",74,281,355,239,594,0.597643097643098
"2063","2021-2022","CALIFORNIA","0602116",15,158,173,95,268,0.645522388059702
"2064","2021-2022","CALIFORNIA","0602117",75,490,565,411,976,0.578893442622951
"2065","2021-2022","CALIFORNIA","0602118",18,588,606,205,811,0.747225647348952
"2066","2021-2022","CALIFORNIA","0602119",12,423,435,339,774,0.562015503875969
"2067","2021-2022","CALIFORNIA","0602120",37,200,237,154,391,0.60613810741688
"2068","2021-2022","CALIFORNIA","0602121",23,148,171,105,276,0.619565217391304
"2069","2021-2022","CALIFORNIA","0602122",33,176,209,110,319,0.655172413793103
"2070","2021-2022","CALIFORNIA","0602123",29,327,356,248,604,0.589403973509934
"2071","2021-2022","CALIFORNIA","0602124",15,107,122,89,211,0.578199052132701
"2072","2021-2022","CALIFORNIA","0602126",69,418,487,295,782,0.622762148337596
"2073","2021-2022","CALIFORNIA","0602127",6,81,87,75,162,0.537037037037037
"2074","2021-2022","CALIFORNIA","0602128",29,291,320,182,502,0.637450199203187
"2075","2021-2022","CALIFORNIA","0602129",17,66,83,54,137,0.605839416058394
"2076","2021-2022","CALIFORNIA","0602130",37,336,373,248,621,0.600644122383253
"2077","2021-2022","CALIFORNIA","0602131",33,351,384,238,622,0.617363344051447
"2078","2021-2022","CALIFORNIA","0602132",3,68,71,59,130,0.546153846153846
"2079","2021-2022","CALIFORNIA","0602133",13,30,43,25,68,0.632352941176471
"2080","2021-2022","CALIFORNIA","0602134",0,19,19,19,38,0.5
"2081","2021-2022","CALIFORNIA","0602135",8,211,219,136,355,0.616901408450704
"2082","2021-2022","CALIFORNIA","0602136",152,872,1024,673,1697,0.603417796110784
"2083","2021-2022","CALIFORNIA","0602137",5,217,222,189,411,0.54014598540146
"2084","2021-2022","CALIFORNIA","0602138",20,156,176,90,266,0.661654135338346
"2085","2021-2022","CALIFORNIA","0602140",55,470,525,301,826,0.635593220338983
"2086","2021-2022","CALIFORNIA","0602142",75,405,480,275,755,0.635761589403974
"2087","2021-2022","CALIFORNIA","0602143",15,236,251,161,412,0.609223300970874
"2088","2021-2022","CALIFORNIA","0602144",26,350,376,164,540,0.696296296296296
"2089","2021-2022","CALIFORNIA","0602145",36,313,349,218,567,0.615520282186949
"2090","2021-2022","CALIFORNIA","0602147",11,168,179,156,335,0.534328358208955
"2091","2021-2022","CALIFORNIA","0602148",94,691,785,521,1306,0.601071975497703
"2092","2021-2022","CALIFORNIA","0602149",6,34,40,21,61,0.655737704918033
"2093","2021-2022","CALIFORNIA","0602150",4,100,104,77,181,0.574585635359116
"2094","2021-2022","CALIFORNIA","0602152",148,307,455,208,663,0.686274509803922
"2095","2021-2022","CALIFORNIA","0602153",45,500,545,404,949,0.574288724973656
"2096","2021-2022","CALIFORNIA","0602154",35,318,353,242,595,0.59327731092437
"2097","2021-2022","CALIFORNIA","0602155",11,87,98,77,175,0.56
"2098","2021-2022","CALIFORNIA","0602156",11,58,69,55,124,0.556451612903226
"2099","2021-2022","CALIFORNIA","0602157",22,134,156,107,263,0.593155893536122
"2100","2021-2022","CALIFORNIA","0602159",17,107,124,93,217,0.571428571428571
"2101","2021-2022","CALIFORNIA","0602160",214,1645,1859,1329,3188,0.583124215809285
"2102","2021-2022","CALIFORNIA","0602161",4,50,54,48,102,0.529411764705882
"2103","2021-2022","CALIFORNIA","0602162",44,384,428,254,682,0.627565982404692
"2104","2021-2022","CALIFORNIA","0602163",11,32,43,19,62,0.693548387096774
"2105","2021-2022","CALIFORNIA","0602164",0,140,140,136,276,0.507246376811594
"2106","2021-2022","CALIFORNIA","0602165",8,290,298,239,537,0.554934823091248
"2107","2021-2022","CALIFORNIA","0602166",40,202,242,108,350,0.691428571428571
"2108","2021-2022","CALIFORNIA","0602167",6,234,240,188,428,0.560747663551402
"2109","2021-2022","CALIFORNIA","0602168",9,118,127,97,224,0.566964285714286
"2110","2021-2022","CALIFORNIA","0602169",40,128,168,85,253,0.66403162055336
"2111","2021-2022","CALIFORNIA","0602170",89,375,464,318,782,0.593350383631714
"2112","2021-2022","CALIFORNIA","0602171",17,110,127,87,214,0.593457943925234
"2113","2021-2022","CALIFORNIA","0602172",33,188,221,123,344,0.642441860465116
"2114","2021-2022","CALIFORNIA","0602173",95,746,841,540,1381,0.608979000724113
"2115","2021-2022","CALIFORNIA","0602174",2,116,118,97,215,0.548837209302326
"2116","2021-2022","CALIFORNIA","0602175",0,239,239,235,474,0.5042194092827
"2117","2021-2022","CALIFORNIA","0602176",32,899,931,602,1533,0.607305936073059
"2118","2021-2022","CALIFORNIA","0602177",17,136,153,126,279,0.548387096774194
"2119","2021-2022","CALIFORNIA","0602178",9,98,107,84,191,0.56020942408377
"2120","2021-2022","CALIFORNIA","0602179",32,105,137,81,218,0.628440366972477
"2121","2021-2022","CALIFORNIA","0602180",3,617,620,313,933,0.664523043944266
"2122","2021-2022","CALIFORNIA","0602181",1,72,73,65,138,0.528985507246377
"2123","2021-2022","CALIFORNIA","0602182",104,620,724,332,1056,0.685606060606061
"2124","2021-2022","CALIFORNIA","0602183",29,102,131,78,209,0.626794258373206
"2125","2021-2022","CALIFORNIA","0602184",61,188,249,115,364,0.684065934065934
"2126","2021-2022","CALIFORNIA","0602185",31,290,321,169,490,0.655102040816327
"2127","2021-2022","CALIFORNIA","0602186",49,232,281,156,437,0.643020594965675
"2128","2021-2022","CALIFORNIA","0602187",11,254,265,184,449,0.590200445434298
"2129","2021-2022","CALIFORNIA","0602188",0,6,6,3,9,0.666666666666667
"2130","2021-2022","CALIFORNIA","0602189",12,177,189,107,296,0.638513513513513
"2131","2021-2022","CALIFORNIA","0602190",17,313,330,206,536,0.615671641791045
"2132","2021-2022","CALIFORNIA","0602191",33,303,336,186,522,0.64367816091954
"2133","2021-2022","CALIFORNIA","0602192",31,171,202,129,331,0.610271903323263
"2134","2021-2022","CALIFORNIA","0602193",0,149,149,85,234,0.636752136752137
"2135","2021-2022","CALIFORNIA","0602194",43,282,325,199,524,0.620229007633588
"2136","2021-2022","CALIFORNIA","0602195",0,10,10,10,20,0.5
"2137","2021-2022","CALIFORNIA","0602196",3,312,315,192,507,0.621301775147929
"2138","2021-2022","CALIFORNIA","0602197",6,24,30,21,51,0.588235294117647
"2139","2021-2022","CALIFORNIA","0602199",12,250,262,216,478,0.548117154811716
"2140","2021-2022","CALIFORNIA","0602200",12,54,66,34,100,0.66
"2141","2021-2022","CALIFORNIA","0602201",4,38,42,33,75,0.56
"2142","2021-2022","CALIFORNIA","0602202",0,400,400,256,656,0.609756097560976
"2143","2021-2022","CALIFORNIA","0602203",6,83,89,62,151,0.589403973509934
"2144","2021-2022","CALIFORNIA","0602204",9,19,28,14,42,0.666666666666667
"2145","2021-2022","CALIFORNIA","0602205",2,77,79,54,133,0.593984962406015
"2146","2021-2022","CALIFORNIA","0602206",443,1910,2353,1052,3405,0.691042584434655
"2147","2021-2022","CALIFORNIA","0602207",24,258,282,234,516,0.546511627906977
"2148","2021-2022","CALIFORNIA","0602208",4,147,151,132,283,0.53356890459364
"2149","2021-2022","CALIFORNIA","0602209",46,522,568,449,1017,0.55850540806293
"2150","2021-2022","CALIFORNIA","0602210",9,79,88,53,141,0.624113475177305
"2151","2021-2022","CALIFORNIA","0602211",699,706,1405,664,2069,0.679072015466409
"2152","2021-2022","CALIFORNIA","0602212",59,316,375,180,555,0.675675675675676
"2153","2021-2022","CALIFORNIA","0602213",17,134,151,105,256,0.58984375
"2154","2021-2022","CALIFORNIA","0602214",7,68,75,56,131,0.572519083969466
"2155","2021-2022","CALIFORNIA","0602215",4,161,165,119,284,0.580985915492958
"2156","2021-2022","CALIFORNIA","0602216",1,41,42,39,81,0.518518518518518
"2157","2021-2022","CALIFORNIA","0602217",10,153,163,77,240,0.679166666666667
"2158","2021-2022","CALIFORNIA","0602218",7,235,242,161,403,0.600496277915633
"2159","2021-2022","CALIFORNIA","0602219",35,522,557,349,906,0.614790286975717
"2160","2021-2022","CALIFORNIA","0602220",0,437,437,356,793,0.551071878940731
"2161","2021-2022","CALIFORNIA","0602221",49,270,319,153,472,0.675847457627119
"2162","2021-2022","CALIFORNIA","0602222",19,77,96,54,150,0.64
"2163","2021-2022","CALIFORNIA","0602225",3,15,18,12,30,0.6
"2164","2021-2022","CALIFORNIA","0602226",1,105,106,89,195,0.543589743589744
"2165","2021-2022","CALIFORNIA","0602227",2,267,269,259,528,0.509469696969697
"2166","2021-2022","CALIFORNIA","0602228",24,268,292,156,448,0.651785714285714
"2167","2021-2022","CALIFORNIA","0602229",44,201,245,122,367,0.667574931880109
"2168","2021-2022","CALIFORNIA","0602230",48,641,689,292,981,0.702344546381244
"2169","2021-2022","CALIFORNIA","0602231",22,174,196,116,312,0.628205128205128
"2170","2021-2022","CALIFORNIA","0602232",12,105,117,74,191,0.612565445026178
"2171","2021-2022","CALIFORNIA","0602233",84,145,229,109,338,0.677514792899408
"2172","2021-2022","CALIFORNIA","0602234",4,64,68,39,107,0.635514018691589
"2173","2021-2022","CALIFORNIA","0602235",47,536,583,351,934,0.624197002141328
"2174","2021-2022","CALIFORNIA","0602236",76,285,361,168,529,0.68241965973535
"2175","2021-2022","CALIFORNIA","0602237",0,488,488,328,816,0.598039215686274
"2176","2021-2022","CALIFORNIA","0602238",22,153,175,91,266,0.657894736842105
"2177","2021-2022","CALIFORNIA","0602239",8,38,46,32,78,0.58974358974359
"2178","2021-2022","CALIFORNIA","0602240",67,244,311,143,454,0.685022026431718
"2179","2021-2022","CALIFORNIA","0602241",1,222,223,221,444,0.502252252252252
"2180","2021-2022","CALIFORNIA","0602242",61,440,501,323,824,0.608009708737864
"2181","2021-2022","CALIFORNIA","0602243",2,39,41,29,70,0.585714285714286
"2182","2021-2022","CALIFORNIA","0602244",34,211,245,169,414,0.591787439613527
"2183","2021-2022","CALIFORNIA","0602245",74,320,394,234,628,0.627388535031847
"2184","2021-2022","CALIFORNIA","0602246",1,54,55,49,104,0.528846153846154
"2185","2021-2022","CALIFORNIA","0602247",8,41,49,37,86,0.569767441860465
"2186","2021-2022","CALIFORNIA","0602248",9,63,72,42,114,0.631578947368421
"2187","2021-2022","CALIFORNIA","0602249",27,234,261,161,422,0.618483412322275
"2188","2021-2022","CALIFORNIA","0602250",0,37,37,35,72,0.513888888888889
"2189","2021-2022","CALIFORNIA","0602251",54,274,328,159,487,0.673511293634497
"2190","2021-2022","CALIFORNIA","0602252",46,92,138,71,209,0.660287081339713
"2191","2021-2022","CALIFORNIA","0602253",9,73,82,66,148,0.554054054054054
"2192","2021-2022","CALIFORNIA","0602254",25,190,215,142,357,0.602240896358543
"2193","2021-2022","CALIFORNIA","0602255",6,129,135,87,222,0.608108108108108
"2194","2021-2022","CALIFORNIA","0602256",1,92,93,90,183,0.508196721311475
"2195","2021-2022","CALIFORNIA","0602257",39,569,608,413,1021,0.595494613124388
"2196","2021-2022","CALIFORNIA","0602258",69,385,454,317,771,0.588845654993515
"2197","2021-2022","CALIFORNIA","0602259",81,217,298,137,435,0.685057471264368
"2198","2021-2022","CALIFORNIA","0602260",0,71,71,60,131,0.541984732824427
"2199","2021-2022","CALIFORNIA","0602261",49,490,539,422,961,0.560874089490114
"2200","2021-2022","CALIFORNIA","0602262",50,250,300,176,476,0.630252100840336
"2201","2021-2022","CALIFORNIA","0602263",24,237,261,165,426,0.612676056338028
"2202","2021-2022","CALIFORNIA","0602264",87,609,696,410,1106,0.629294755877034
"2203","2021-2022","CALIFORNIA","0602265",7,176,183,95,278,0.658273381294964
"2204","2021-2022","CALIFORNIA","0602266",78,813,891,564,1455,0.612371134020619
"2205","2021-2022","CALIFORNIA","0602267",2,39,41,36,77,0.532467532467532
"2206","2021-2022","CALIFORNIA","0602268",7,94,101,79,180,0.561111111111111
"2207","2021-2022","CALIFORNIA","0602269",50,73,123,56,179,0.687150837988827
"2208","2021-2022","CALIFORNIA","0602270",72,369,441,292,733,0.601637107776262
"2209","2021-2022","CALIFORNIA","0602271",0,36,36,35,71,0.507042253521127
"2210","2021-2022","CALIFORNIA","0602272",6,95,101,70,171,0.590643274853801
"2211","2021-2022","CALIFORNIA","0602274",204,1187,1391,881,2272,0.612235915492958
"2212","2021-2022","CALIFORNIA","0602275",14,86,100,64,164,0.609756097560976
"2213","2021-2022","CALIFORNIA","0602276",56,395,451,319,770,0.585714285714286
"2214","2021-2022","CALIFORNIA","0602277",6,85,91,73,164,0.554878048780488
"2215","2021-2022","CALIFORNIA","0602278",42,156,198,74,272,0.727941176470588
"2216","2021-2022","CALIFORNIA","0602279",22,449,471,299,770,0.611688311688312
"2217","2021-2022","CALIFORNIA","0602280",17,208,225,136,361,0.623268698060942
"2218","2021-2022","CALIFORNIA","0602281",0,6,6,6,12,0.5
"2219","2021-2022","CALIFORNIA","0602282",2,48,50,45,95,0.526315789473684
"2220","2021-2022","CALIFORNIA","0602284",0,288,288,238,526,0.547528517110266
"2221","2021-2022","CALIFORNIA","0602285",8,107,115,86,201,0.572139303482587
"2222","2021-2022","CALIFORNIA","0602286",22,345,367,284,651,0.563748079877112
"2223","2021-2022","CALIFORNIA","0602287",32,181,213,127,340,0.626470588235294
"2224","2021-2022","CALIFORNIA","0602288",25,247,272,218,490,0.555102040816327
"2225","2021-2022","CALIFORNIA","0602289",14,194,208,135,343,0.606413994169096
"2226","2021-2022","CALIFORNIA","0602290",20,176,196,154,350,0.56
"2227","2021-2022","CALIFORNIA","0602291",14,207,221,155,376,0.587765957446808
"2228","2021-2022","CALIFORNIA","0602292",38,267,305,141,446,0.683856502242152
"2229","2021-2022","CALIFORNIA","0602293",49,170,219,135,354,0.61864406779661
"2230","2021-2022","CALIFORNIA","0602294",6,62,68,54,122,0.557377049180328
"2231","2021-2022","CALIFORNIA","0602295",16,79,95,69,164,0.579268292682927
"2232","2021-2022","CALIFORNIA","0602296",24,126,150,106,256,0.5859375
"2233","2021-2022","CALIFORNIA","0602297",7,108,115,84,199,0.577889447236181
"2234","2021-2022","CALIFORNIA","0602298",0,84,84,77,161,0.521739130434783
"2235","2021-2022","CALIFORNIA","0602299",27,106,133,89,222,0.599099099099099
"2236","2021-2022","CALIFORNIA","0602300",25,250,275,188,463,0.593952483801296
"2237","2021-2022","CALIFORNIA","0602301",10,133,143,90,233,0.613733905579399
"2238","2021-2022","CALIFORNIA","0602302",6,91,97,70,167,0.580838323353293
"2239","2021-2022","CALIFORNIA","0602303",27,252,279,229,508,0.549212598425197
"2240","2021-2022","CALIFORNIA","0602304",5,51,56,49,105,0.533333333333333
"2241","2021-2022","CALIFORNIA","0602305",15,69,84,53,137,0.613138686131387
"2242","2021-2022","CALIFORNIA","0602306",4,76,80,70,150,0.533333333333333
"2243","2021-2022","CALIFORNIA","0602307",35,263,298,176,474,0.628691983122363
"2244","2021-2022","CALIFORNIA","0602308",0,333,333,267,600,0.555
"2245","2021-2022","CALIFORNIA","0602309",30,266,296,208,504,0.587301587301587
"2246","2021-2022","CALIFORNIA","0602310",1215,4877,6092,2759,8851,0.688283809739012
"2247","2021-2022","CALIFORNIA","0602311",12,37,49,27,76,0.644736842105263
"2248","2021-2022","CALIFORNIA","0602312",0,36,36,31,67,0.537313432835821
"2249","2021-2022","CALIFORNIA","0602313",55,938,993,848,1841,0.539380771319935
"2250","2021-2022","CALIFORNIA","0602314",15,244,259,208,467,0.554603854389722
"2251","2021-2022","CALIFORNIA","0602315",166,1505,1671,1139,2810,0.594661921708185
"2252","2021-2022","CALIFORNIA","0602316",43,472,515,372,887,0.580608793686584
"2253","2021-2022","CALIFORNIA","0602317",45,184,229,148,377,0.607427055702918
"2254","2021-2022","CALIFORNIA","0602318",5,69,74,58,132,0.560606060606061
"2255","2021-2022","CALIFORNIA","0602319",22,367,389,302,691,0.562952243125905
"2256","2021-2022","CALIFORNIA","0602320",20,247,267,191,458,0.58296943231441
"2257","2021-2022","CALIFORNIA","0602321",5,207,212,187,399,0.531328320802005
"2258","2021-2022","CALIFORNIA","0602322",33,180,213,111,324,0.657407407407407
"2259","2021-2022","CALIFORNIA","0602323",9,35,44,23,67,0.656716417910448
"2260","2021-2022","CALIFORNIA","0602324",2,36,38,29,67,0.567164179104478
"2261","2021-2022","CALIFORNIA","0602325",34,342,376,255,631,0.595879556259905
"2262","2021-2022","CALIFORNIA","0602326",53,491,544,375,919,0.591947769314472
"2263","2021-2022","CALIFORNIA","0602328",20,125,145,103,248,0.584677419354839
"2264","2021-2022","CALIFORNIA","0602330",13,151,164,128,292,0.561643835616438
"2265","2021-2022","CALIFORNIA","0602331",3,67,70,64,134,0.522388059701492
"2266","2021-2022","CALIFORNIA","0602333",0,90,90,55,145,0.620689655172414
"2267","2021-2022","CALIFORNIA","0602334",12,566,578,467,1045,0.55311004784689
"2268","2021-2022","CALIFORNIA","0602335",3,329,332,210,542,0.612546125461255
"2269","2021-2022","CALIFORNIA","0602336",13,134,147,115,262,0.561068702290076
"2270","2021-2022","CALIFORNIA","0602337",2,21,23,18,41,0.560975609756098
"2271","2021-2022","CALIFORNIA","0602338",12,109,121,91,212,0.570754716981132
"2272","2021-2022","CALIFORNIA","0602339",13,66,79,55,134,0.58955223880597
"2273","2021-2022","CALIFORNIA","0602340",23,401,424,185,609,0.696223316912972
"2274","2021-2022","CALIFORNIA","0602341",17,120,137,94,231,0.593073593073593
"2275","2021-2022","CALIFORNIA","0602342",101,491,592,345,937,0.631803628601921
"2276","2021-2022","CALIFORNIA","0602343",1,122,123,115,238,0.516806722689076
"2277","2021-2022","CALIFORNIA","0602344",19,496,515,356,871,0.591274397244546
"2278","2021-2022","CALIFORNIA","0602345",33,351,384,267,651,0.589861751152074
"2279","2021-2022","CALIFORNIA","0602346",6,84,90,50,140,0.642857142857143
"2280","2021-2022","CALIFORNIA","0602348",32,552,584,443,1027,0.568646543330088
"2281","2021-2022","CALIFORNIA","0602350",44,236,280,164,444,0.630630630630631
"2282","2021-2022","CALIFORNIA","0602351",11,256,267,170,437,0.610983981693364
"2283","2021-2022","CALIFORNIA","0602352",7,154,161,141,302,0.533112582781457
"2284","2021-2022","CALIFORNIA","0602353",448,2949,3397,2462,5859,0.57979177334016
"2285","2021-2022","CALIFORNIA","0602354",32,190,222,158,380,0.58421052631579
"2286","2021-2022","CALIFORNIA","0602356",33,246,279,133,412,0.677184466019418
"2287","2021-2022","CALIFORNIA","0602357",12,81,93,65,158,0.588607594936709
"2288","2021-2022","CALIFORNIA","0602358",3,36,39,31,70,0.557142857142857
"2289","2021-2022","CALIFORNIA","0602359",73,552,625,437,1062,0.588512241054614
"2290","2021-2022","CALIFORNIA","0602360",12,207,219,188,407,0.538083538083538
"2291","2021-2022","CALIFORNIA","0602361",24,335,359,244,603,0.595356550580431
"2292","2021-2022","CALIFORNIA","0602362",14,516,530,380,910,0.582417582417582
"2293","2021-2022","CALIFORNIA","0602363",18,293,311,268,579,0.53713298791019
"2294","2021-2022","CALIFORNIA","0602364",31,359,390,265,655,0.595419847328244
"2295","2021-2022","CALIFORNIA","0602365",12,107,119,99,218,0.545871559633027
"2296","2021-2022","CALIFORNIA","0602366",23,65,88,57,145,0.606896551724138
"2297","2021-2022","CALIFORNIA","0602367",14,195,209,157,366,0.57103825136612
"2298","2021-2022","CALIFORNIA","0602368",28,250,278,184,462,0.601731601731602
"2299","2021-2022","CALIFORNIA","0602369",64,353,417,247,664,0.628012048192771
"2300","2021-2022","CALIFORNIA","0602370",11,127,138,101,239,0.577405857740586
"2301","2021-2022","CALIFORNIA","0602371",111,400,511,387,898,0.569042316258352
"2302","2021-2022","CALIFORNIA","0602372",0,587,587,576,1163,0.504729148753224
"2303","2021-2022","CALIFORNIA","0602374",48,381,429,304,733,0.585266030013643
"2304","2021-2022","CALIFORNIA","0602375",10,79,89,55,144,0.618055555555556
"2305","2021-2022","CALIFORNIA","0602376",37,221,258,174,432,0.597222222222222
"2306","2021-2022","CALIFORNIA","0602377",9,242,251,175,426,0.589201877934272
"2307","2021-2022","CALIFORNIA","0602378",27,117,144,99,243,0.592592592592593
"2308","2021-2022","CALIFORNIA","0602379",58,338,396,211,607,0.652388797364086
"2309","2021-2022","CALIFORNIA","0602380",1,145,146,103,249,0.586345381526104
"2310","2021-2022","CALIFORNIA","0602381",13,83,96,69,165,0.581818181818182
"2311","2021-2022","CALIFORNIA","0602383",12,316,328,262,590,0.555932203389831
"2312","2021-2022","CALIFORNIA","0602384",75,359,434,258,692,0.627167630057804
"2313","2021-2022","CALIFORNIA","0602385",4,140,144,130,274,0.525547445255474
"2314","2021-2022","CALIFORNIA","0602386",24,276,300,216,516,0.581395348837209
"2315","2021-2022","CALIFORNIA","0602387",30,123,153,90,243,0.62962962962963
"2316","2021-2022","CALIFORNIA","0602388",26,638,664,591,1255,0.529083665338645
"2317","2021-2022","CALIFORNIA","0602389",17,342,359,199,558,0.64336917562724
"2318","2021-2022","CALIFORNIA","0602390",92,638,730,535,1265,0.577075098814229
"2319","2021-2022","CALIFORNIA","0602392",0,50,50,11,61,0.819672131147541
"2320","2021-2022","CALIFORNIA","0602393",38,261,299,170,469,0.637526652452026
"2321","2021-2022","CALIFORNIA","0602395",80,907,987,691,1678,0.588200238379023
"2322","2021-2022","CALIFORNIA","0602396",7,162,169,120,289,0.58477508650519
"2323","2021-2022","CALIFORNIA","0602397",30,197,227,109,336,0.675595238095238
"2324","2021-2022","CALIFORNIA","0602398",44,216,260,173,433,0.600461893764434
"2325","2021-2022","CALIFORNIA","0602399",1,83,84,74,158,0.531645569620253
"2326","2021-2022","CALIFORNIA","0602400",133,557,690,427,1117,0.617726051924799
"2327","2021-2022","CALIFORNIA","0602401",0,49,49,49,98,0.5
"2328","2021-2022","CALIFORNIA","0602403",56,319,375,220,595,0.630252100840336
"2329","2021-2022","CALIFORNIA","0602405",2,227,229,203,432,0.530092592592593
"2330","2021-2022","CALIFORNIA","0602406",73,236,309,198,507,0.609467455621302
"2331","2021-2022","CALIFORNIA","0602407",17,403,420,269,689,0.609579100145138
"2332","2021-2022","CALIFORNIA","0602408",7,84,91,63,154,0.590909090909091
"2333","2021-2022","CALIFORNIA","0602410",3,52,55,45,100,0.55
"2334","2021-2022","CALIFORNIA","0602411",16,373,389,337,726,0.535812672176309
"2335","2021-2022","CALIFORNIA","0602412",23,67,90,56,146,0.616438356164384
"2336","2021-2022","CALIFORNIA","0602413",16,461,477,314,791,0.603034134007585
"2337","2021-2022","CALIFORNIA","0602414",11,81,92,78,170,0.541176470588235
"2338","2021-2022","CALIFORNIA","0602415",1,13,14,12,26,0.538461538461538
"2339","2021-2022","CALIFORNIA","0602416",41,130,171,89,260,0.657692307692308
"2340","2021-2022","CALIFORNIA","0602417",9,334,343,225,568,0.60387323943662
"2341","2021-2022","CALIFORNIA","0602418",32,198,230,150,380,0.605263157894737
"2342","2021-2022","CALIFORNIA","0602419",39,314,353,201,554,0.637184115523466
"2343","2021-2022","CALIFORNIA","0602420",0,77,77,77,154,0.5
"2344","2021-2022","CALIFORNIA","0602421",41,294,335,108,443,0.756207674943567
"2345","2021-2022","CALIFORNIA","0602422",13,89,102,78,180,0.566666666666667
"2346","2021-2022","CALIFORNIA","0602423",39,267,306,214,520,0.588461538461538
"2347","2021-2022","CALIFORNIA","0602424",10,193,203,170,373,0.544235924932976
"2348","2021-2022","CALIFORNIA","0602425",42,384,426,241,667,0.638680659670165
"2349","2021-2022","CALIFORNIA","0602426",61,183,244,146,390,0.625641025641026
"2350","2021-2022","CALIFORNIA","0602427",15,242,257,201,458,0.561135371179039
"2351","2021-2022","CALIFORNIA","0602428",28,278,306,206,512,0.59765625
"2352","2021-2022","CALIFORNIA","0602429",19,163,182,112,294,0.619047619047619
"2353","2021-2022","CALIFORNIA","0602430",2825,11894,14719,7901,22620,0.650707338638373
"2354","2021-2022","CALIFORNIA","0602431",22,201,223,128,351,0.635327635327635
"2355","2021-2022","CALIFORNIA","0602432",70,1297,1367,1060,2427,0.563246806757314
"2356","2021-2022","CALIFORNIA","0602433",25,367,392,294,686,0.571428571428571
"2357","2021-2022","CALIFORNIA","0602434",13,327,340,206,546,0.622710622710623
"2358","2021-2022","CALIFORNIA","0602435",33,573,606,348,954,0.635220125786163
"2359","2021-2022","CALIFORNIA","0602436",30,201,231,161,392,0.589285714285714
"2360","2021-2022","CALIFORNIA","0602437",103,2012,2115,1702,3817,0.554100078595756
"2361","2021-2022","CALIFORNIA","0602439",3,120,123,68,191,0.643979057591623
"2362","2021-2022","CALIFORNIA","0602442",215,3283,3498,10,3508,0.99714937286203
"2363","2021-2022","CALIFORNIA","0602443",87,313,400,252,652,0.613496932515337
"2364","2021-2022","CALIFORNIA","0602444",65,317,382,199,581,0.657487091222031
"2365","2021-2022","CALIFORNIA","0602445",42,227,269,187,456,0.589912280701754
"2366","2021-2022","CALIFORNIA","0602446",43,451,494,281,775,0.63741935483871
"2367","2021-2022","CALIFORNIA","0602447",23,324,347,253,600,0.578333333333333
"2368","2021-2022","CALIFORNIA","0602448",48,284,332,177,509,0.652259332023576
"2369","2021-2022","CALIFORNIA","0602449",51,222,273,153,426,0.640845070422535
"2370","2021-2022","CALIFORNIA","0602450",54,1584,1638,1359,2997,0.546546546546547
"2371","2021-2022","CALIFORNIA","0602451",51,695,746,589,1335,0.558801498127341
"2372","2021-2022","CALIFORNIA","0602452",48,259,307,194,501,0.612774451097804
"2373","2021-2022","CALIFORNIA","0602453",27,428,455,336,791,0.575221238938053
"2374","2021-2022","CALIFORNIA","0602454",123,598,721,428,1149,0.627502175805048
"2375","2021-2022","CALIFORNIA","0602455",19,163,182,130,312,0.583333333333333
"2376","2021-2022","CALIFORNIA","0602456",45,205,250,147,397,0.629722921914358
"2377","2021-2022","CALIFORNIA","0602457",89,212,301,147,448,0.671875
"2378","2021-2022","CALIFORNIA","0602458",8,172,180,162,342,0.526315789473684
"2379","2021-2022","CALIFORNIA","0602459",13,135,148,84,232,0.637931034482759
"2380","2021-2022","CALIFORNIA","0602460",161,928,1089,768,1857,0.586429725363489
"2381","2021-2022","CALIFORNIA","0602461",39,416,455,269,724,0.628453038674033
"2382","2021-2022","CALIFORNIA","0602462",0,178,178,178,356,0.5
"2383","2021-2022","CALIFORNIA","0602463",10,105,115,95,210,0.547619047619048
"2384","2021-2022","CALIFORNIA","0602464",67,383,450,309,759,0.592885375494071
"2385","2021-2022","CALIFORNIA","0602465",44,866,910,715,1625,0.56
"2386","2021-2022","CALIFORNIA","0602467",20,109,129,95,224,0.575892857142857
"2387","2021-2022","CALIFORNIA","0602468",20,144,164,106,270,0.607407407407407
"2388","2021-2022","CALIFORNIA","0602469",3,23,26,17,43,0.604651162790698
"2389","2021-2022","CALIFORNIA","0602470",0,449,449,294,743,0.604306864064603
"2390","2021-2022","CALIFORNIA","0602471",79,504,583,319,902,0.646341463414634
"2391","2021-2022","CALIFORNIA","0602472",43,259,302,165,467,0.646680942184154
"2392","2021-2022","CALIFORNIA","0602473",7,86,93,77,170,0.547058823529412
"2393","2021-2022","CALIFORNIA","0602475",19,138,157,88,245,0.640816326530612
"2394","2021-2022","CALIFORNIA","0602476",28,182,210,135,345,0.608695652173913
"2395","2021-2022","CALIFORNIA","0602477",2,68,70,60,130,0.538461538461538
"2396","2021-2022","CALIFORNIA","0602478",39,118,157,111,268,0.585820895522388
"2397","2021-2022","CALIFORNIA","0602480",8,49,57,37,94,0.606382978723404
"2398","2021-2022","CALIFORNIA","0602481",89,514,603,278,881,0.684449489216799
"2399","2021-2022","CALIFORNIA","0602482",159,1258,1417,1022,2439,0.580975809758098
"2400","2021-2022","CALIFORNIA","0602483",32,223,255,139,394,0.647208121827411
"2401","2021-2022","CALIFORNIA","0602484",26,331,357,208,565,0.631858407079646
"2402","2021-2022","CALIFORNIA","0602485",30,380,410,291,701,0.584878744650499
"2403","2021-2022","CALIFORNIA","0602486",1,30,31,29,60,0.516666666666667
"2404","2021-2022","CALIFORNIA","0602487",53,195,248,159,407,0.609336609336609
"2405","2021-2022","CALIFORNIA","0602488",5,30,35,24,59,0.593220338983051
"2406","2021-2022","CALIFORNIA","0602489",4,30,34,21,55,0.618181818181818
"2407","2021-2022","CALIFORNIA","0602491",3,70,73,43,116,0.629310344827586
"2408","2021-2022","CALIFORNIA","0602493",40,233,273,148,421,0.648456057007126
"2409","2021-2022","CALIFORNIA","0602494",12,191,203,180,383,0.530026109660574
"2410","2021-2022","CALIFORNIA","0602495",0,195,195,186,381,0.511811023622047
"2411","2021-2022","CALIFORNIA","0602496",49,329,378,241,619,0.610662358642973
"2412","2021-2022","CALIFORNIA","0602497",15,195,210,166,376,0.558510638297872
"2413","2021-2022","CALIFORNIA","0602498",31,179,210,146,356,0.589887640449438
"2414","2021-2022","CALIFORNIA","0602500",49,347,396,265,661,0.599092284417549
"2415","2021-2022","CALIFORNIA","0602501",34,280,314,76,390,0.805128205128205
"2416","2021-2022","CALIFORNIA","0602502",91,722,813,541,1354,0.600443131462334
"2417","2021-2022","CALIFORNIA","0602503",0,83,83,68,151,0.549668874172185
"2418","2021-2022","CALIFORNIA","0602504",16,104,120,62,182,0.659340659340659
"2419","2021-2022","CALIFORNIA","0602505",22,94,116,64,180,0.644444444444444
"2420","2021-2022","CALIFORNIA","0602506",46,159,205,125,330,0.621212121212121
"2421","2021-2022","CALIFORNIA","0602507",13,64,77,46,123,0.626016260162602
"2422","2021-2022","CALIFORNIA","0602508",86,377,463,302,765,0.605228758169935
"2423","2021-2022","CALIFORNIA","0602509",59,650,709,3,712,0.995786516853933
"2424","2021-2022","CALIFORNIA","0602510",12,87,99,71,170,0.582352941176471
"2425","2021-2022","CALIFORNIA","0602511",8,82,90,63,153,0.588235294117647
"2426","2021-2022","CALIFORNIA","0602512",25,97,122,75,197,0.619289340101523
"2427","2021-2022","CALIFORNIA","0602513",289,1464,1753,1202,2955,0.593231810490694
"2428","2021-2022","CALIFORNIA","0602515",0,41,41,40,81,0.506172839506173
"2429","2021-2022","CALIFORNIA","0602516",284,1192,1476,988,2464,0.599025974025974
"2430","2021-2022","CALIFORNIA","0602517",6,121,127,97,224,0.566964285714286
"2431","2021-2022","CALIFORNIA","0602518",1,80,81,62,143,0.566433566433566
"2432","2021-2022","CALIFORNIA","0602520",58,287,345,251,596,0.578859060402685
"2433","2021-2022","CALIFORNIA","0602521",22,194,216,176,392,0.551020408163265
"2434","2021-2022","CALIFORNIA","0602522",5,103,108,75,183,0.590163934426229
"2435","2021-2022","CALIFORNIA","0602523",24,69,93,35,128,0.7265625
"2436","2021-2022","CALIFORNIA","0602524",142,906,1048,677,1725,0.607536231884058
"2437","2021-2022","CALIFORNIA","0602528",2,34,36,18,54,0.666666666666667
"2438","2021-2022","CALIFORNIA","0602529",1,37,38,35,73,0.520547945205479
"2439","2021-2022","CALIFORNIA","0602530",14,91,105,65,170,0.617647058823529
"2440","2021-2022","CALIFORNIA","0602531",21,32,53,26,79,0.670886075949367
"2441","2021-2022","CALIFORNIA","0602532",9,59,68,46,114,0.596491228070175
"2442","2021-2022","CALIFORNIA","0602533",37,147,184,79,263,0.699619771863118
"2443","2021-2022","CALIFORNIA","0602534",16,49,65,40,105,0.619047619047619
"2444","2021-2022","CALIFORNIA","0602535",8,44,52,39,91,0.571428571428571
"2445","2021-2022","CALIFORNIA","0602538",10,88,98,85,183,0.53551912568306
"2446","2021-2022","CALIFORNIA","0602539",0,29,29,27,56,0.517857142857143
"2447","2021-2022","CALIFORNIA","0602540",0,117,117,116,233,0.502145922746781
"2448","2021-2022","CALIFORNIA","0602541",1,27,28,21,49,0.571428571428571
"2449","2021-2022","CALIFORNIA","0602542",3,62,65,50,115,0.565217391304348
"2450","2021-2022","CALIFORNIA","0602543",7,56,63,49,112,0.5625
"2451","2021-2022","CALIFORNIA","0602544",4,78,82,65,147,0.557823129251701
"2452","2021-2022","CALIFORNIA","0602545",10,43,53,36,89,0.595505617977528
"2453","2021-2022","CALIFORNIA","0602546",4,35,39,28,67,0.582089552238806
"2454","2021-2022","CALIFORNIA","0602547",1,74,75,61,136,0.551470588235294
"2455","2021-2022","CALIFORNIA","0602548",11,81,92,62,154,0.597402597402597
"2456","2021-2022","CALIFORNIA","0602551",3,48,51,37,88,0.579545454545455
"2457","2021-2022","CALIFORNIA","0602552",4,38,42,30,72,0.583333333333333
"2458","2021-2022","CALIFORNIA","0602553",12,77,89,49,138,0.644927536231884
"2459","2021-2022","CALIFORNIA","0602554",1,25,26,23,49,0.530612244897959
"2460","2021-2022","CALIFORNIA","0602555",0,81,81,80,161,0.503105590062112
"2461","2021-2022","CALIFORNIA","0602556",5,174,179,126,305,0.586885245901639
"2462","2021-2022","CALIFORNIA","0602557",6,89,95,64,159,0.59748427672956
"2463","2021-2022","CALIFORNIA","0602558",12,87,99,73,172,0.575581395348837
"2464","2021-2022","CALIFORNIA","0602559",4,102,106,88,194,0.54639175257732
"2465","2021-2022","CALIFORNIA","0602560",29,133,162,100,262,0.618320610687023
"2466","2021-2022","CALIFORNIA","0602561",6,31,37,26,63,0.587301587301587
"2467","2021-2022","CALIFORNIA","0602562",12,360,372,310,682,0.545454545454545
"2468","2021-2022","CALIFORNIA","0602563",4,40,44,31,75,0.586666666666667
"2469","2021-2022","CALIFORNIA","0602564",3,67,70,46,116,0.603448275862069
"2470","2021-2022","CALIFORNIA","0602565",13,138,151,131,282,0.535460992907801
"2471","2021-2022","CALIFORNIA","0602566",103,1441,1544,1229,2773,0.556797692030292
"2472","2021-2022","CALIFORNIA","0602567",7,22,29,19,48,0.604166666666667
"2473","2021-2022","CALIFORNIA","0602568",0,5,5,5,10,0.5
"2474","2021-2022","CALIFORNIA","0602569",8,67,75,56,131,0.572519083969466
"2475","2021-2022","CALIFORNIA","0602570",9,67,76,58,134,0.567164179104478
"2476","2021-2022","CALIFORNIA","0602571",15,146,161,131,292,0.551369863013699
"2477","2021-2022","CALIFORNIA","0602610",1213,10025,11238,7764,19002,0.59141143037575
"2478","2021-2022","CALIFORNIA","0602630",3212,17635,20847,12063,32910,0.633454876937101
"2479","2021-2022","CALIFORNIA","0602670",180,470,650,350,1000,0.65
"2480","2021-2022","CALIFORNIA","0602700",186,823,1009,689,1698,0.594228504122497
"2481","2021-2022","CALIFORNIA","0602730",24,346,370,178,548,0.675182481751825
"2482","2021-2022","CALIFORNIA","0602760",98,470,568,374,942,0.602972399150743
"2483","2021-2022","CALIFORNIA","0602820",824,12450,13274,10137,23411,0.566998419546367
"2484","2021-2022","CALIFORNIA","0602850",1023,8928,9951,6742,16693,0.596118133349308
"2485","2021-2022","CALIFORNIA","0602970",276,2121,2397,1746,4143,0.578566256335988
"2486","2021-2022","CALIFORNIA","0603000",24,292,316,249,565,0.55929203539823
"2487","2021-2022","CALIFORNIA","0603030",17,682,699,646,1345,0.519702602230483
"2488","2021-2022","CALIFORNIA","0603060",0,145,145,143,288,0.503472222222222
"2489","2021-2022","CALIFORNIA","0603090",13,130,143,94,237,0.60337552742616
"2490","2021-2022","CALIFORNIA","0603180",88,881,969,725,1694,0.572018890200708
"2491","2021-2022","CALIFORNIA","0603270",179,2669,2848,1992,4840,0.588429752066116
"2492","2021-2022","CALIFORNIA","0603300",581,1358,1939,824,2763,0.701773434672457
"2493","2021-2022","CALIFORNIA","0603420",385,3447,3832,2668,6500,0.589538461538462
"2494","2021-2022","CALIFORNIA","0603480",64,709,773,635,1408,0.549005681818182
"2495","2021-2022","CALIFORNIA","0603600",565,4952,5517,3814,9331,0.591254956596292
"2496","2021-2022","CALIFORNIA","0603610",0,99,99,72,171,0.578947368421053
"2497","2021-2022","CALIFORNIA","0603630",786,23285,24071,19587,43658,0.551353703788538
"2498","2021-2022","CALIFORNIA","0603690",1569,8372,9941,5674,15615,0.63663144412424
"2499","2021-2022","CALIFORNIA","0603720",0,10,10,10,20,0.5
"2500","2021-2022","CALIFORNIA","0603750",0,164,164,163,327,0.501529051987768
"2501","2021-2022","CALIFORNIA","0603780",9,48,57,40,97,0.587628865979381
"2502","2021-2022","CALIFORNIA","0603840",487,3576,4063,2527,6590,0.616540212443096
"2503","2021-2022","CALIFORNIA","0604020",0,4878,4878,4076,8954,0.544784453875363
"2504","2021-2022","CALIFORNIA","0604080",67,454,521,390,911,0.571899012074643
"2505","2021-2022","CALIFORNIA","0604110",221,2455,2676,1653,4329,0.618156618156618
"2506","2021-2022","CALIFORNIA","0604200",10,176,186,138,324,0.574074074074074
"2507","2021-2022","CALIFORNIA","0604230",124,1300,1424,956,2380,0.598319327731092
"2508","2021-2022","CALIFORNIA","0604260",121,1619,1740,1355,3095,0.562197092084006
"2509","2021-2022","CALIFORNIA","0604290",1588,4732,6320,3333,9653,0.654718740287993
"2510","2021-2022","CALIFORNIA","0604350",5,179,184,159,343,0.536443148688047
"2511","2021-2022","CALIFORNIA","0604380",127,1013,1140,649,1789,0.637227501397429
"2512","2021-2022","CALIFORNIA","0604440",1445,6001,7446,4309,11755,0.633432581880051
"2513","2021-2022","CALIFORNIA","0604500",3,62,65,55,120,0.541666666666667
"2514","2021-2022","CALIFORNIA","0604530",2,279,281,264,545,0.515596330275229
"2515","2021-2022","CALIFORNIA","0604620",165,946,1111,724,1835,0.605449591280654
"2516","2021-2022","CALIFORNIA","0604650",11,195,206,180,386,0.533678756476684
"2517","2021-2022","CALIFORNIA","0604740",245,2495,2740,1666,4406,0.621879255560599
"2518","2021-2022","CALIFORNIA","0604800",252,1497,1749,1219,2968,0.589285714285714
"2519","2021-2022","CALIFORNIA","0604830",6,472,478,455,933,0.512325830653805
"2520","2021-2022","CALIFORNIA","0604860",0,31,31,8,39,0.794871794871795
"2521","2021-2022","CALIFORNIA","0604890",1,7,8,5,13,0.615384615384615
"2522","2021-2022","CALIFORNIA","0604950",5,99,104,92,196,0.530612244897959
"2523","2021-2022","CALIFORNIA","0604980",0,88,88,82,170,0.517647058823529
"2524","2021-2022","CALIFORNIA","0605010",2,50,52,35,87,0.597701149425287
"2525","2021-2022","CALIFORNIA","0605040",0,311,311,296,607,0.512355848434926
"2526","2021-2022","CALIFORNIA","0605190",5,12,17,8,25,0.68
"2527","2021-2022","CALIFORNIA","0605220",16,123,139,98,237,0.586497890295359
"2528","2021-2022","CALIFORNIA","0605240",67,488,555,405,960,0.578125
"2529","2021-2022","CALIFORNIA","0605250",0,3,3,3,6,0.5
"2530","2021-2022","CALIFORNIA","0605280",13,70,83,60,143,0.58041958041958
"2531","2021-2022","CALIFORNIA","0605400",9,97,106,86,192,0.552083333333333
"2532","2021-2022","CALIFORNIA","0605490",0,12,12,9,21,0.571428571428571
"2533","2021-2022","CALIFORNIA","0605520",4,36,40,25,65,0.615384615384615
"2534","2021-2022","CALIFORNIA","0605580",1081,12931,14012,9471,23483,0.596686965038538
"2535","2021-2022","CALIFORNIA","0605610",532,2830,3362,2119,5481,0.613391716839993
"2536","2021-2022","CALIFORNIA","0605640",1,17,18,11,29,0.620689655172414
"2537","2021-2022","CALIFORNIA","0605700",53,255,308,162,470,0.65531914893617
"2538","2021-2022","CALIFORNIA","0605730",9,18,27,13,40,0.675
"2539","2021-2022","CALIFORNIA","0605790",312,3041,3353,2339,5692,0.589072382290935
"2540","2021-2022","CALIFORNIA","0605820",173,1425,1598,1088,2686,0.594936708860759
"2541","2021-2022","CALIFORNIA","0605880",86,1288,1374,1134,2508,0.547846889952153
"2542","2021-2022","CALIFORNIA","0605910",158,1860,2018,1546,3564,0.5662177328844
"2543","2021-2022","CALIFORNIA","0605940",1,212,213,204,417,0.510791366906475
"2544","2021-2022","CALIFORNIA","0606000",2,24,26,17,43,0.604651162790698
"2545","2021-2022","CALIFORNIA","0606030",30,244,274,161,435,0.629885057471264
"2546","2021-2022","CALIFORNIA","0606060",6,83,89,72,161,0.552795031055901
"2547","2021-2022","CALIFORNIA","0606090",13,162,175,156,331,0.528700906344411
"2548","2021-2022","CALIFORNIA","0606100",6,63,69,28,97,0.711340206185567
"2549","2021-2022","CALIFORNIA","0606270",80,560,640,448,1088,0.588235294117647
"2550","2021-2022","CALIFORNIA","0606330",67,229,296,147,443,0.668171557562077
"2551","2021-2022","CALIFORNIA","0606360",331,2660,2991,1941,4932,0.606447688564477
"2552","2021-2022","CALIFORNIA","0606390",2430,11672,14102,8708,22810,0.618237615081105
"2553","2021-2022","CALIFORNIA","0606420",13,106,119,93,212,0.561320754716981
"2554","2021-2022","CALIFORNIA","0606450",373,4002,4375,3359,7734,0.565683992759245
"2555","2021-2022","CALIFORNIA","0606480",0,503,503,288,791,0.63590391908976
"2556","2021-2022","CALIFORNIA","0606510",11,32,43,21,64,0.671875
"2557","2021-2022","CALIFORNIA","0606540",8,105,113,58,171,0.660818713450292
"2558","2021-2022","CALIFORNIA","0606570",147,2913,3060,2269,5329,0.574216550947645
"2559","2021-2022","CALIFORNIA","0606580",23,203,226,126,352,0.642045454545455
"2560","2021-2022","CALIFORNIA","0606690",5,56,61,56,117,0.521367521367521
"2561","2021-2022","CALIFORNIA","0606720",25,285,310,196,506,0.612648221343874
"2562","2021-2022","CALIFORNIA","0606750",42,343,385,259,644,0.597826086956522
"2563","2021-2022","CALIFORNIA","0606780",108,1002,1110,658,1768,0.627828054298643
"2564","2021-2022","CALIFORNIA","0606810",384,7690,8074,6905,14979,0.539021296481741
"2565","2021-2022","CALIFORNIA","0606870",73,1267,1340,1134,2474,0.541632983023444
"2566","2021-2022","CALIFORNIA","0606900",698,6413,7111,4317,11428,0.622243612180609
"2567","2021-2022","CALIFORNIA","0606960",0,29,29,29,58,0.5
"2568","2021-2022","CALIFORNIA","0606990",100,905,1005,697,1702,0.59048178613396
"2569","2021-2022","CALIFORNIA","0607020",125,544,669,347,1016,0.658464566929134
"2570","2021-2022","CALIFORNIA","0607140",1,353,354,350,704,0.502840909090909
"2571","2021-2022","CALIFORNIA","0607170",20,169,189,135,324,0.583333333333333
"2572","2021-2022","CALIFORNIA","0607200",247,2194,2441,1436,3877,0.629610523600722
"2573","2021-2022","CALIFORNIA","0607230",873,2224,3097,1368,4465,0.693617021276596
"2574","2021-2022","CALIFORNIA","0607260",1,23,24,15,39,0.615384615384615
"2575","2021-2022","CALIFORNIA","0607350",0,5,5,4,9,0.555555555555556
"2576","2021-2022","CALIFORNIA","0607410",12,71,83,54,137,0.605839416058394
"2577","2021-2022","CALIFORNIA","0607440",472,9917,10389,7451,17840,0.582343049327354
"2578","2021-2022","CALIFORNIA","0607470",8,83,91,80,171,0.532163742690059
"2579","2021-2022","CALIFORNIA","0607500",85,2085,2170,1793,3963,0.547564976028261
"2580","2021-2022","CALIFORNIA","0607530",162,360,522,279,801,0.651685393258427
"2581","2021-2022","CALIFORNIA","0607560",343,1067,1410,640,2050,0.68780487804878
"2582","2021-2022","CALIFORNIA","0607680",48,757,805,694,1499,0.537024683122081
"2583","2021-2022","CALIFORNIA","0607740",235,594,829,411,1240,0.668548387096774
"2584","2021-2022","CALIFORNIA","0607770",2,25,27,22,49,0.551020408163265
"2585","2021-2022","CALIFORNIA","0607800",154,1691,1845,1471,3316,0.556393244873341
"2586","2021-2022","CALIFORNIA","0607840",5,58,63,50,113,0.557522123893805
"2587","2021-2022","CALIFORNIA","0607900",287,2489,2776,1758,4534,0.612262902514336
"2588","2021-2022","CALIFORNIA","0607920",333,4285,4618,2866,7484,0.617049706039551
"2589","2021-2022","CALIFORNIA","0607950",684,2186,2870,1660,4530,0.63355408388521
"2590","2021-2022","CALIFORNIA","0607970",191,8991,9182,8089,17271,0.531642637948005
"2591","2021-2022","CALIFORNIA","0607980",319,580,899,316,1215,0.739917695473251
"2592","2021-2022","CALIFORNIA","0608010",499,2545,3044,1820,4864,0.625822368421053
"2593","2021-2022","CALIFORNIA","0608070",627,2016,2643,1413,4056,0.651627218934911
"2594","2021-2022","CALIFORNIA","0608130",1028,10457,11485,7114,18599,0.617506317543954
"2595","2021-2022","CALIFORNIA","0608160",1726,10669,12395,7475,19870,0.623804730749874
"2596","2021-2022","CALIFORNIA","0608190",628,2308,2936,1459,4395,0.668031854379977
"2597","2021-2022","CALIFORNIA","0608250",6,393,399,280,679,0.587628865979381
"2598","2021-2022","CALIFORNIA","0608340",6,74,80,62,142,0.563380281690141
"2599","2021-2022","CALIFORNIA","0608370",1474,5413,6887,4441,11328,0.607962570621469
"2600","2021-2022","CALIFORNIA","0608460",668,9284,9952,7456,17408,0.571691176470588
"2601","2021-2022","CALIFORNIA","0608520",178,1688,1866,1414,3280,0.56890243902439
"2602","2021-2022","CALIFORNIA","0608550",129,797,926,511,1437,0.644398051496173
"2603","2021-2022","CALIFORNIA","0608580",25,229,254,142,396,0.641414141414141
"2604","2021-2022","CALIFORNIA","0608610",1608,8545,10153,6097,16250,0.6248
"2605","2021-2022","CALIFORNIA","0608640",0,12,12,7,19,0.631578947368421
"2606","2021-2022","CALIFORNIA","0608700",35,125,160,78,238,0.672268907563025
"2607","2021-2022","CALIFORNIA","0608760",91,1694,1785,1344,3129,0.570469798657718
"2608","2021-2022","CALIFORNIA","0608850",2,54,56,45,101,0.554455445544555
"2609","2021-2022","CALIFORNIA","0608880",2,53,55,50,105,0.523809523809524
"2610","2021-2022","CALIFORNIA","0608970",135,583,718,434,1152,0.623263888888889
"2611","2021-2022","CALIFORNIA","0609030",6744,13797,20541,11576,32117,0.63956783012112
"2612","2021-2022","CALIFORNIA","0609070",783,13258,14041,9641,23682,0.592897559327759
"2613","2021-2022","CALIFORNIA","0609120",544,3262,3806,2605,6411,0.593667134612385
"2614","2021-2022","CALIFORNIA","0609240",2,5,7,3,10,0.7
"2615","2021-2022","CALIFORNIA","0609270",0,6,6,6,12,0.5
"2616","2021-2022","CALIFORNIA","0609300",3,135,138,124,262,0.526717557251908
"2617","2021-2022","CALIFORNIA","0609330",11,85,96,71,167,0.574850299401198
"2618","2021-2022","CALIFORNIA","0609390",775,11442,12217,9441,21658,0.564087173330871
"2619","2021-2022","CALIFORNIA","0609450",7,243,250,228,478,0.523012552301255
"2620","2021-2022","CALIFORNIA","0609480",47,205,252,172,424,0.594339622641509
"2621","2021-2022","CALIFORNIA","0609510",13,90,103,61,164,0.628048780487805
"2622","2021-2022","CALIFORNIA","0609570",77,812,889,634,1523,0.583716349310571
"2623","2021-2022","CALIFORNIA","0609620",984,14569,15553,10197,25750,0.604
"2624","2021-2022","CALIFORNIA","0609640",148,3209,3357,2641,5998,0.559686562187396
"2625","2021-2022","CALIFORNIA","0609665",1,49,50,41,91,0.549450549450549
"2626","2021-2022","CALIFORNIA","0609690",160,2661,2821,2157,4978,0.566693451185215
"2627","2021-2022","CALIFORNIA","0609780",42,1352,1394,1170,2564,0.543681747269891
"2628","2021-2022","CALIFORNIA","0609810",89,685,774,470,1244,0.622186495176849
"2629","2021-2022","CALIFORNIA","0609850",11351,20688,32039,12943,44982,0.712262682850918
"2630","2021-2022","CALIFORNIA","0609870",0,206,206,205,411,0.501216545012166
"2631","2021-2022","CALIFORNIA","0609940",268,1937,2205,1631,3836,0.574817518248175
"2632","2021-2022","CALIFORNIA","0609990",48,386,434,334,768,0.565104166666667
"2633","2021-2022","CALIFORNIA","0610050",1354,6216,7570,4081,11651,0.649729636941035
"2634","2021-2022","CALIFORNIA","0610230",14,77,91,61,152,0.598684210526316
"2635","2021-2022","CALIFORNIA","0610260",697,1900,2597,1256,3853,0.674020243965741
"2636","2021-2022","CALIFORNIA","0610290",814,994,1808,697,2505,0.721756487025948
"2637","2021-2022","CALIFORNIA","0610320",23,208,231,160,391,0.59079283887468
"2638","2021-2022","CALIFORNIA","0610350",288,3308,3596,2347,5943,0.605081608615178
"2639","2021-2022","CALIFORNIA","0610380",48,199,247,162,409,0.603911980440098
"2640","2021-2022","CALIFORNIA","0610440",389,1083,1472,764,2236,0.658318425760286
"2641","2021-2022","CALIFORNIA","0610620",36,1479,1515,1264,2779,0.545160129543001
"2642","2021-2022","CALIFORNIA","0610680",0,6,6,6,12,0.5
"2643","2021-2022","CALIFORNIA","0610710",2,41,43,29,72,0.597222222222222
"2644","2021-2022","CALIFORNIA","0610740",28,316,344,274,618,0.55663430420712
"2645","2021-2022","CALIFORNIA","0610770",154,2209,2363,1756,4119,0.573682932750668
"2646","2021-2022","CALIFORNIA","0610860",380,3319,3699,2230,5929,0.623882610895598
"2647","2021-2022","CALIFORNIA","0610890",0,3886,3886,3474,7360,0.527989130434783
"2648","2021-2022","CALIFORNIA","0610980",5,29,34,22,56,0.607142857142857
"2649","2021-2022","CALIFORNIA","0611040",64,599,663,497,1160,0.571551724137931
"2650","2021-2022","CALIFORNIA","0611100",3,21,24,20,44,0.545454545454545
"2651","2021-2022","CALIFORNIA","0611110",3662,16876,20538,11719,32257,0.636699011067365
"2652","2021-2022","CALIFORNIA","0611130",0,208,208,127,335,0.62089552238806
"2653","2021-2022","CALIFORNIA","0611220",2,258,260,230,490,0.530612244897959
"2654","2021-2022","CALIFORNIA","0611280",0,1111,1111,942,2053,0.541159279103751
"2655","2021-2022","CALIFORNIA","0611430",7,77,84,63,147,0.571428571428571
"2656","2021-2022","CALIFORNIA","0611460",2593,11856,14449,7092,21541,0.670767373845225
"2657","2021-2022","CALIFORNIA","0611490",284,2146,2430,1807,4237,0.573518999291952
"2658","2021-2022","CALIFORNIA","0611520",131,1538,1669,1178,2847,0.586231120477696
"2659","2021-2022","CALIFORNIA","0611550",0,65,65,60,125,0.52
"2660","2021-2022","CALIFORNIA","0611610",8,34,42,26,68,0.617647058823529
"2661","2021-2022","CALIFORNIA","0611670",5,70,75,66,141,0.531914893617021
"2662","2021-2022","CALIFORNIA","0611700",2,50,52,42,94,0.553191489361702
"2663","2021-2022","CALIFORNIA","0611730",56,359,415,286,701,0.592011412268188
"2664","2021-2022","CALIFORNIA","0611760",95,1261,1356,781,2137,0.634534394010295
"2665","2021-2022","CALIFORNIA","0611780",11,82,93,67,160,0.58125
"2666","2021-2022","CALIFORNIA","0611820",761,7444,8205,5680,13885,0.590925459128556
"2667","2021-2022","CALIFORNIA","0611850",1263,3404,4667,2311,6978,0.668816279736314
"2668","2021-2022","CALIFORNIA","0611870",30,147,177,114,291,0.608247422680412
"2669","2021-2022","CALIFORNIA","0611910",195,2517,2712,1760,4472,0.606440071556351
"2670","2021-2022","CALIFORNIA","0611940",118,808,926,623,1549,0.597805035506779
"2671","2021-2022","CALIFORNIA","0612030",532,3701,4233,3061,7294,0.580340005483959
"2672","2021-2022","CALIFORNIA","0612070",0,1269,1269,1144,2413,0.525901367592209
"2673","2021-2022","CALIFORNIA","0612090",1723,4572,6295,3648,9943,0.633108719702303
"2674","2021-2022","CALIFORNIA","0612120",1073,5894,6967,4471,11438,0.609109984262983
"2675","2021-2022","CALIFORNIA","0612150",22,119,141,88,229,0.615720524017467
"2676","2021-2022","CALIFORNIA","0612180",727,4366,5093,3148,8241,0.618007523358816
"2677","2021-2022","CALIFORNIA","0612210",11,373,384,351,735,0.522448979591837
"2678","2021-2022","CALIFORNIA","0612330",2698,24928,27626,20355,47981,0.575769575456952
"2679","2021-2022","CALIFORNIA","0612360",6,123,129,85,214,0.602803738317757
"2680","2021-2022","CALIFORNIA","0612600",11,129,140,95,235,0.595744680851064
"2681","2021-2022","CALIFORNIA","0612630",18,365,383,302,685,0.559124087591241
"2682","2021-2022","CALIFORNIA","0612690",211,1987,2198,1540,3738,0.588014981273408
"2683","2021-2022","CALIFORNIA","0612750",204,694,898,517,1415,0.634628975265018
"2684","2021-2022","CALIFORNIA","0612810",317,2239,2556,1890,4446,0.574898785425101
"2685","2021-2022","CALIFORNIA","0612840",142,1083,1225,850,2075,0.590361445783133
"2686","2021-2022","CALIFORNIA","0612880",773,8734,9507,6304,15811,0.601290240971476
"2687","2021-2022","CALIFORNIA","0612910",839,4699,5538,2929,8467,0.654068737451281
"2688","2021-2022","CALIFORNIA","0612930",137,599,736,331,1067,0.689784442361762
"2689","2021-2022","CALIFORNIA","0612960",1932,4575,6507,2708,9215,0.70613130765057
"2690","2021-2022","CALIFORNIA","0613080",11,373,384,343,727,0.528198074277854
"2691","2021-2022","CALIFORNIA","0613140",306,2133,2439,1632,4071,0.599115696389094
"2692","2021-2022","CALIFORNIA","0613170",77,544,621,413,1034,0.600580270793037
"2693","2021-2022","CALIFORNIA","0613290",131,2089,2220,1597,3817,0.581608593135971
"2694","2021-2022","CALIFORNIA","0613360",422,7924,8346,6844,15190,0.549440421329822
"2695","2021-2022","CALIFORNIA","0613470",72,610,682,496,1178,0.578947368421053
"2696","2021-2022","CALIFORNIA","0613500",669,2455,3124,1786,4910,0.636252545824847
"2697","2021-2022","CALIFORNIA","0613530",280,1235,1515,768,2283,0.663600525624179
"2698","2021-2022","CALIFORNIA","0613740",9,41,50,34,84,0.595238095238095
"2699","2021-2022","CALIFORNIA","0613800",499,2303,2802,1542,4344,0.645027624309392
"2700","2021-2022","CALIFORNIA","0613840",39,1809,1848,1172,3020,0.611920529801324
"2701","2021-2022","CALIFORNIA","0613860",4,28,32,21,53,0.60377358490566
"2702","2021-2022","CALIFORNIA","0613890",688,5429,6117,4968,11085,0.551826792963464
"2703","2021-2022","CALIFORNIA","0613920",3933,22459,26392,14861,41253,0.63975953264005
"2704","2021-2022","CALIFORNIA","0613980",18,153,171,110,281,0.608540925266904
"2705","2021-2022","CALIFORNIA","0614010",9,76,85,68,153,0.555555555555556
"2706","2021-2022","CALIFORNIA","0614040",0,0,0,0,0,NA
"2707","2021-2022","CALIFORNIA","0614070",249,1062,1311,812,2123,0.617522373999058
"2708","2021-2022","CALIFORNIA","0614130",0,7,7,6,13,0.538461538461538
"2709","2021-2022","CALIFORNIA","0614190",51,535,586,454,1040,0.563461538461538
"2710","2021-2022","CALIFORNIA","0614220",33,1253,1286,1196,2482,0.518130539887188
"2711","2021-2022","CALIFORNIA","0614250",335,1691,2026,1256,3282,0.617306520414381
"2712","2021-2022","CALIFORNIA","0614340",10,115,125,89,214,0.58411214953271
"2713","2021-2022","CALIFORNIA","0614370",509,3612,4121,2455,6576,0.626672749391727
"2714","2021-2022","CALIFORNIA","0614400",422,5742,6164,4439,10603,0.581344902386117
"2715","2021-2022","CALIFORNIA","0614430",25,1097,1122,947,2069,0.542290961817303
"2716","2021-2022","CALIFORNIA","0614490",0,16,16,10,26,0.615384615384615
"2717","2021-2022","CALIFORNIA","0614520",19,100,119,83,202,0.589108910891089
"2718","2021-2022","CALIFORNIA","0614550",8772,51689,60461,44592,105053,0.575528542735572
"2719","2021-2022","CALIFORNIA","0614700",464,1363,1827,1074,2901,0.629782833505688
"2720","2021-2022","CALIFORNIA","0614730",1501,5032,6533,3713,10246,0.637614678899083
"2721","2021-2022","CALIFORNIA","0614760",1668,5877,7545,4137,11682,0.645865434001027
"2722","2021-2022","CALIFORNIA","0614790",234,1614,1848,1179,3027,0.610505450941526
"2723","2021-2022","CALIFORNIA","0614820",112,940,1052,687,1739,0.604945370902818
"2724","2021-2022","CALIFORNIA","0614880",2911,24749,27660,17441,45101,0.613290170949646
"2725","2021-2022","CALIFORNIA","0614910",2,18,20,14,34,0.588235294117647
"2726","2021-2022","CALIFORNIA","0614940",120,2626,2746,2272,5018,0.547229972100438
"2727","2021-2022","CALIFORNIA","0614950",114,1479,1593,1286,2879,0.553317124001389
"2728","2021-2022","CALIFORNIA","0614970",0,20,20,17,37,0.540540540540541
"2729","2021-2022","CALIFORNIA","0615000",5,92,97,78,175,0.554285714285714
"2730","2021-2022","CALIFORNIA","0615090",30,331,361,240,601,0.600665557404326
"2731","2021-2022","CALIFORNIA","0615150",8,110,118,73,191,0.617801047120419
"2732","2021-2022","CALIFORNIA","0615180",757,4948,5705,3253,8958,0.636860906452333
"2733","2021-2022","CALIFORNIA","0615240",1244,8782,10026,5881,15907,0.630288552209719
"2734","2021-2022","CALIFORNIA","0615270",854,1972,2826,1431,4257,0.66384778012685
"2735","2021-2022","CALIFORNIA","0615390",7,160,167,136,303,0.551155115511551
"2736","2021-2022","CALIFORNIA","0615450",0,124,124,119,243,0.510288065843621
"2737","2021-2022","CALIFORNIA","0615480",0,62,62,48,110,0.563636363636364
"2738","2021-2022","CALIFORNIA","0615510",69,972,1041,749,1790,0.581564245810056
"2739","2021-2022","CALIFORNIA","0615600",4,36,40,29,69,0.579710144927536
"2740","2021-2022","CALIFORNIA","0615690",5,112,117,97,214,0.546728971962617
"2741","2021-2022","CALIFORNIA","0615780",64,765,829,681,1510,0.549006622516556
"2742","2021-2022","CALIFORNIA","0615810",0,30,30,27,57,0.526315789473684
"2743","2021-2022","CALIFORNIA","0615840",24,174,198,118,316,0.626582278481013
"2744","2021-2022","CALIFORNIA","0615870",3,12,15,11,26,0.576923076923077
"2745","2021-2022","CALIFORNIA","0615990",0,7,7,5,12,0.583333333333333
"2746","2021-2022","CALIFORNIA","0616050",333,6561,6894,5694,12588,0.547664442326025
"2747","2021-2022","CALIFORNIA","0616080",43,2542,2585,2282,4867,0.531128004931169
"2748","2021-2022","CALIFORNIA","0616110",15,60,75,44,119,0.630252100840336
"2749","2021-2022","CALIFORNIA","0616230",3468,6938,10406,6563,16969,0.61323590076021
"2750","2021-2022","CALIFORNIA","0616260",223,943,1166,644,1810,0.644198895027624
"2751","2021-2022","CALIFORNIA","0616300",176,1448,1624,1129,2753,0.589901925172539
"2752","2021-2022","CALIFORNIA","0616320",31,122,153,98,251,0.609561752988048
"2753","2021-2022","CALIFORNIA","0616323",104,1244,1348,963,2311,0.583297273907399
"2754","2021-2022","CALIFORNIA","0616325",2066,9234,11300,6979,18279,0.618195743749658
"2755","2021-2022","CALIFORNIA","0616470",20,4290,4310,3089,7399,0.582511150155426
"2756","2021-2022","CALIFORNIA","0616500",466,2324,2790,1857,4647,0.600387346675274
"2757","2021-2022","CALIFORNIA","0616530",0,50,50,49,99,0.505050505050505
"2758","2021-2022","CALIFORNIA","0616560",0,12,12,12,24,0.5
"2759","2021-2022","CALIFORNIA","0616570",8,232,240,211,451,0.532150776053215
"2760","2021-2022","CALIFORNIA","0616620",0,51,51,49,100,0.51
"2761","2021-2022","CALIFORNIA","0616650",73,378,451,317,768,0.587239583333333
"2762","2021-2022","CALIFORNIA","0616680",286,4814,5100,3829,8929,0.571172583715982
"2763","2021-2022","CALIFORNIA","0616740",929,8935,9864,6900,16764,0.58840372226199
"2764","2021-2022","CALIFORNIA","0616830",126,701,827,497,1324,0.624622356495468
"2765","2021-2022","CALIFORNIA","0616860",80,571,651,410,1061,0.613572101790763
"2766","2021-2022","CALIFORNIA","0616920",3124,15839,18963,11679,30642,0.618856471509693
"2767","2021-2022","CALIFORNIA","0617040",1,92,93,69,162,0.574074074074074
"2768","2021-2022","CALIFORNIA","0617160",94,296,390,249,639,0.610328638497653
"2769","2021-2022","CALIFORNIA","0617190",0,30,30,30,60,0.5
"2770","2021-2022","CALIFORNIA","0617220",205,1077,1282,840,2122,0.604147031102733
"2771","2021-2022","CALIFORNIA","0617340",12,3413,3425,2004,5429,0.630871247006815
"2772","2021-2022","CALIFORNIA","0617430",162,1099,1261,733,1994,0.632397191574724
"2773","2021-2022","CALIFORNIA","0617490",56,226,282,199,481,0.586278586278586
"2774","2021-2022","CALIFORNIA","0617520",19,148,167,119,286,0.583916083916084
"2775","2021-2022","CALIFORNIA","0617580",3,47,50,11,61,0.819672131147541
"2776","2021-2022","CALIFORNIA","0617620",1,36,37,19,56,0.660714285714286
"2777","2021-2022","CALIFORNIA","0617640",0,0,0,0,0,NA
"2778","2021-2022","CALIFORNIA","0617760",9,43,52,25,77,0.675324675324675
"2779","2021-2022","CALIFORNIA","0617850",708,5175,5883,3494,9377,0.627386157619708
"2780","2021-2022","CALIFORNIA","0617880",12,64,76,45,121,0.628099173553719
"2781","2021-2022","CALIFORNIA","0618030",48,904,952,796,1748,0.544622425629291
"2782","2021-2022","CALIFORNIA","0618060",1912,5767,7679,4149,11828,0.649222184646601
"2783","2021-2022","CALIFORNIA","0618120",10,61,71,48,119,0.596638655462185
"2784","2021-2022","CALIFORNIA","0618160",1,22,23,12,35,0.657142857142857
"2785","2021-2022","CALIFORNIA","0618210",399,2037,2436,1299,3735,0.652208835341365
"2786","2021-2022","CALIFORNIA","0618240",0,12,12,9,21,0.571428571428571
"2787","2021-2022","CALIFORNIA","0618270",0,8,8,3,11,0.727272727272727
"2788","2021-2022","CALIFORNIA","0618390",505,5770,6275,4103,10378,0.604644440161881
"2789","2021-2022","CALIFORNIA","0618510",21,148,169,122,291,0.580756013745705
"2790","2021-2022","CALIFORNIA","0618660",2,118,120,102,222,0.540540540540541
"2791","2021-2022","CALIFORNIA","0618690",16,251,267,166,433,0.61662817551963
"2792","2021-2022","CALIFORNIA","0618730",0,253,253,193,446,0.567264573991031
"2793","2021-2022","CALIFORNIA","0618780",19,143,162,86,248,0.653225806451613
"2794","2021-2022","CALIFORNIA","0618810",0,0,0,0,0,NA
"2795","2021-2022","CALIFORNIA","0618840",296,534,830,365,1195,0.694560669456067
"2796","2021-2022","CALIFORNIA","0618870",357,2137,2494,1610,4104,0.607699805068226
"2797","2021-2022","CALIFORNIA","0618930",46,1045,1091,993,2084,0.523512476007678
"2798","2021-2022","CALIFORNIA","0618990",118,675,793,500,1293,0.613302397525135
"2799","2021-2022","CALIFORNIA","0619050",13,93,106,67,173,0.61271676300578
"2800","2021-2022","CALIFORNIA","0619110",0,46,46,38,84,0.547619047619048
"2801","2021-2022","CALIFORNIA","0619140",1,158,159,122,281,0.565836298932384
"2802","2021-2022","CALIFORNIA","0619170",2,45,47,22,69,0.681159420289855
"2803","2021-2022","CALIFORNIA","0619200",4,109,113,95,208,0.543269230769231
"2804","2021-2022","CALIFORNIA","0619230",0,6,6,6,12,0.5
"2805","2021-2022","CALIFORNIA","0619260",2117,11487,13604,7868,21472,0.633569299552906
"2806","2021-2022","CALIFORNIA","0619320",135,1144,1279,920,2199,0.581628012733061
"2807","2021-2022","CALIFORNIA","0619380",0,111,111,103,214,0.518691588785047
"2808","2021-2022","CALIFORNIA","0619410",1,23,24,15,39,0.615384615384615
"2809","2021-2022","CALIFORNIA","0619440",238,1838,2076,1431,3507,0.591958939264329
"2810","2021-2022","CALIFORNIA","0619490",441,3801,4242,2917,7159,0.592540857661685
"2811","2021-2022","CALIFORNIA","0619540",2353,28061,30414,21114,51528,0.590242198416395
"2812","2021-2022","CALIFORNIA","0619590",56,601,657,517,1174,0.559625212947189
"2813","2021-2022","CALIFORNIA","0619620",50,669,719,535,1254,0.573365231259968
"2814","2021-2022","CALIFORNIA","0619650",147,2162,2309,1661,3970,0.581612090680101
"2815","2021-2022","CALIFORNIA","0619680",116,2124,2240,1643,3883,0.576873551377801
"2816","2021-2022","CALIFORNIA","0619700",896,7397,8293,6070,14363,0.577386339901135
"2817","2021-2022","CALIFORNIA","0619740",22,323,345,224,569,0.606326889279438
"2818","2021-2022","CALIFORNIA","0619770",0,176,176,170,346,0.508670520231214
"2819","2021-2022","CALIFORNIA","0619800",330,1211,1541,927,2468,0.624392220421394
"2820","2021-2022","CALIFORNIA","0619830",182,611,793,442,1235,0.642105263157895
"2821","2021-2022","CALIFORNIA","0619860",1,46,47,39,86,0.546511627906977
"2822","2021-2022","CALIFORNIA","0619890",34,267,301,197,498,0.604417670682731
"2823","2021-2022","CALIFORNIA","0619920",0,0,0,0,0,NA
"2824","2021-2022","CALIFORNIA","0619950",49,705,754,523,1277,0.590446358653093
"2825","2021-2022","CALIFORNIA","0619980",0,12,12,12,24,0.5
"2826","2021-2022","CALIFORNIA","0620010",0,26,26,26,52,0.5
"2827","2021-2022","CALIFORNIA","0620040",18,218,236,104,340,0.694117647058824
"2828","2021-2022","CALIFORNIA","0620070",162,2785,2947,2426,5373,0.548483156523358
"2829","2021-2022","CALIFORNIA","0620130",2,191,193,179,372,0.518817204301075
"2830","2021-2022","CALIFORNIA","0620190",393,2542,2935,2025,4960,0.591733870967742
"2831","2021-2022","CALIFORNIA","0620220",11,91,102,68,170,0.6
"2832","2021-2022","CALIFORNIA","0620250",1751,5100,6851,4019,10870,0.630266789328427
"2833","2021-2022","CALIFORNIA","0620310",0,111,111,111,222,0.5
"2834","2021-2022","CALIFORNIA","0620370",113,358,471,276,747,0.630522088353414
"2835","2021-2022","CALIFORNIA","0620430",0,3,3,3,6,0.5
"2836","2021-2022","CALIFORNIA","0620460",36,454,490,406,896,0.546875
"2837","2021-2022","CALIFORNIA","0620490",0,18,18,16,34,0.529411764705882
"2838","2021-2022","CALIFORNIA","0620520",0,38,38,37,75,0.506666666666667
"2839","2021-2022","CALIFORNIA","0620610",12,72,84,54,138,0.608695652173913
"2840","2021-2022","CALIFORNIA","0620640",45,1474,1519,1333,2852,0.532608695652174
"2841","2021-2022","CALIFORNIA","0620670",57,811,868,738,1606,0.540473225404732
"2842","2021-2022","CALIFORNIA","0620700",0,6,6,5,11,0.545454545454545
"2843","2021-2022","CALIFORNIA","0620730",16,789,805,682,1487,0.541358439811701
"2844","2021-2022","CALIFORNIA","0620760",13,205,218,165,383,0.569190600522193
"2845","2021-2022","CALIFORNIA","0620790",466,1220,1686,1203,2889,0.583592938733126
"2846","2021-2022","CALIFORNIA","0620850",132,2367,2499,1918,4417,0.565768621236133
"2847","2021-2022","CALIFORNIA","0620880",1615,10640,12255,8034,20289,0.604021883779388
"2848","2021-2022","CALIFORNIA","0620910",9,106,115,86,201,0.572139303482587
"2849","2021-2022","CALIFORNIA","0621000",279,1190,1469,1076,2545,0.57721021611002
"2850","2021-2022","CALIFORNIA","0621060",20,274,294,233,527,0.557874762808349
"2851","2021-2022","CALIFORNIA","0621090",0,132,132,115,247,0.534412955465587
"2852","2021-2022","CALIFORNIA","0621150",49,451,500,307,807,0.619578686493185
"2853","2021-2022","CALIFORNIA","0621180",0,21,21,21,42,0.5
"2854","2021-2022","CALIFORNIA","0621210",547,3403,3950,2286,6236,0.633418858242463
"2855","2021-2022","CALIFORNIA","0621240",25,236,261,181,442,0.590497737556561
"2856","2021-2022","CALIFORNIA","0621270",42,397,439,297,736,0.596467391304348
"2857","2021-2022","CALIFORNIA","0621330",184,2046,2230,1455,3685,0.605156037991859
"2858","2021-2022","CALIFORNIA","0621360",454,1894,2348,1488,3836,0.612095933263817
"2859","2021-2022","CALIFORNIA","0621400",168,838,1006,675,1681,0.598453301606187
"2860","2021-2022","CALIFORNIA","0621420",402,3535,3937,2186,6123,0.642985464641516
"2861","2021-2022","CALIFORNIA","0621450",177,1983,2160,1689,3849,0.561184723304754
"2862","2021-2022","CALIFORNIA","0621480",0,45,45,23,68,0.661764705882353
"2863","2021-2022","CALIFORNIA","0621540",4,32,36,30,66,0.545454545454545
"2864","2021-2022","CALIFORNIA","0621570",81,309,390,209,599,0.651085141903172
"2865","2021-2022","CALIFORNIA","0621600",162,1684,1846,1569,3415,0.540556368960469
"2866","2021-2022","CALIFORNIA","0621690",586,4385,4971,3436,8407,0.591292970143928
"2867","2021-2022","CALIFORNIA","0621810",71,1104,1175,906,2081,0.564632388274868
"2868","2021-2022","CALIFORNIA","0621870",234,3302,3536,2466,6002,0.589136954348551
"2869","2021-2022","CALIFORNIA","0621900",1,15,16,10,26,0.615384615384615
"2870","2021-2022","CALIFORNIA","0621930",4,2145,2149,1393,3542,0.606719367588933
"2871","2021-2022","CALIFORNIA","0621960",0,5,5,5,10,0.5
"2872","2021-2022","CALIFORNIA","0621990",113,917,1030,658,1688,0.610189573459716
"2873","2021-2022","CALIFORNIA","0622050",55,1267,1322,1035,2357,0.560882477725923
"2874","2021-2022","CALIFORNIA","0622110",134,2486,2620,1992,4612,0.568083261058109
"2875","2021-2022","CALIFORNIA","0622170",199,1687,1886,1390,3276,0.575702075702076
"2876","2021-2022","CALIFORNIA","0622230",2376,16136,18512,12236,30748,0.602055418238585
"2877","2021-2022","CALIFORNIA","0622320",12,89,101,65,166,0.608433734939759
"2878","2021-2022","CALIFORNIA","0622350",8,27,35,26,61,0.573770491803279
"2879","2021-2022","CALIFORNIA","0622380",6,61,67,54,121,0.553719008264463
"2880","2021-2022","CALIFORNIA","0622410",445,4799,5244,3819,9063,0.578616352201258
"2881","2021-2022","CALIFORNIA","0622440",8,179,187,128,315,0.593650793650794
"2882","2021-2022","CALIFORNIA","0622500",1349,34725,36074,27618,63692,0.56638196319789
"2883","2021-2022","CALIFORNIA","0622560",17,346,363,320,683,0.531478770131772
"2884","2021-2022","CALIFORNIA","0622590",190,1274,1464,1034,2498,0.586068855084067
"2885","2021-2022","CALIFORNIA","0622650",23,208,231,156,387,0.596899224806202
"2886","2021-2022","CALIFORNIA","0622710",19565,332925,352490,208530,561020,0.628302021318313
"2887","2021-2022","CALIFORNIA","0622740",1228,6629,7857,5187,13044,0.602345906163753
"2888","2021-2022","CALIFORNIA","0622800",6,190,196,163,359,0.545961002785515
"2889","2021-2022","CALIFORNIA","0622830",0,115,115,112,227,0.506607929515419
"2890","2021-2022","CALIFORNIA","0622860",34,377,411,292,703,0.584637268847795
"2891","2021-2022","CALIFORNIA","0622890",98,929,1027,674,1701,0.603762492651381
"2892","2021-2022","CALIFORNIA","0622920",9,27,36,19,55,0.654545454545455
"2893","2021-2022","CALIFORNIA","0622950",0,243,243,141,384,0.6328125
"2894","2021-2022","CALIFORNIA","0623010",482,1140,1622,756,2378,0.682085786375105
"2895","2021-2022","CALIFORNIA","0623040",19,230,249,195,444,0.560810810810811
"2896","2021-2022","CALIFORNIA","0623080",1232,4292,5524,2970,8494,0.650341417471156
"2897","2021-2022","CALIFORNIA","0623130",58,306,364,191,555,0.655855855855856
"2898","2021-2022","CALIFORNIA","0623160",1277,10041,11318,6722,18040,0.627383592017738
"2899","2021-2022","CALIFORNIA","0623340",1748,16379,18127,12399,30526,0.593821660224071
"2900","2021-2022","CALIFORNIA","0623430",392,3789,4181,2652,6833,0.611883506512513
"2901","2021-2022","CALIFORNIA","0623460",0,13,13,13,26,0.5
"2902","2021-2022","CALIFORNIA","0623530",55,487,542,313,855,0.633918128654971
"2903","2021-2022","CALIFORNIA","0623550",2,14,16,12,28,0.571428571428571
"2904","2021-2022","CALIFORNIA","0623610",1803,10969,12772,7946,20718,0.616468771116903
"2905","2021-2022","CALIFORNIA","0623700",45,106,151,82,233,0.648068669527897
"2906","2021-2022","CALIFORNIA","0623730",0,0,0,0,0,NA
"2907","2021-2022","CALIFORNIA","0623760",43,116,159,79,238,0.668067226890756
"2908","2021-2022","CALIFORNIA","0623800",17,57,74,46,120,0.616666666666667
"2909","2021-2022","CALIFORNIA","0623820",1,308,309,223,532,0.580827067669173
"2910","2021-2022","CALIFORNIA","0623940",143,930,1073,757,1830,0.586338797814208
"2911","2021-2022","CALIFORNIA","0623970",3,374,377,353,730,0.516438356164384
"2912","2021-2022","CALIFORNIA","0624000",142,376,518,290,808,0.641089108910891
"2913","2021-2022","CALIFORNIA","0624030",428,1077,1505,524,2029,0.741744701823558
"2914","2021-2022","CALIFORNIA","0624090",376,6377,6753,5463,12216,0.552799607072692
"2915","2021-2022","CALIFORNIA","0624150",22,192,214,113,327,0.654434250764526
"2916","2021-2022","CALIFORNIA","0624180",62,362,424,266,690,0.614492753623188
"2917","2021-2022","CALIFORNIA","0624210",0,48,48,44,92,0.521739130434783
"2918","2021-2022","CALIFORNIA","0624230",258,2752,3010,2161,5171,0.582092438599884
"2919","2021-2022","CALIFORNIA","0624300",2,458,460,437,897,0.512820512820513
"2920","2021-2022","CALIFORNIA","0624330",6,31,37,23,60,0.616666666666667
"2921","2021-2022","CALIFORNIA","0624360",30,284,314,198,512,0.61328125
"2922","2021-2022","CALIFORNIA","0624390",23,294,317,220,537,0.590316573556797
"2923","2021-2022","CALIFORNIA","0624480",0,221,221,123,344,0.642441860465116
"2924","2021-2022","CALIFORNIA","0624500",459,2422,2881,1736,4617,0.623998267273121
"2925","2021-2022","CALIFORNIA","0624540",1996,4554,6550,3140,9690,0.675954592363261
"2926","2021-2022","CALIFORNIA","0624570",16,236,252,183,435,0.579310344827586
"2927","2021-2022","CALIFORNIA","0624600",583,7547,8130,6817,14947,0.543921857228875
"2928","2021-2022","CALIFORNIA","0624630",28,170,198,113,311,0.636655948553055
"2929","2021-2022","CALIFORNIA","0624660",1142,7560,8702,5796,14498,0.600220720099324
"2930","2021-2022","CALIFORNIA","0624690",0,41,41,37,78,0.525641025641026
"2931","2021-2022","CALIFORNIA","0624720",1,171,172,155,327,0.525993883792049
"2932","2021-2022","CALIFORNIA","0624750",155,626,781,461,1242,0.628824476650564
"2933","2021-2022","CALIFORNIA","0624780",0,27,27,27,54,0.5
"2934","2021-2022","CALIFORNIA","0624870",2,130,132,120,252,0.523809523809524
"2935","2021-2022","CALIFORNIA","0624900",90,439,529,365,894,0.5917225950783
"2936","2021-2022","CALIFORNIA","0624930",13,94,107,75,182,0.587912087912088
"2937","2021-2022","CALIFORNIA","0625110",0,25,25,25,50,0.5
"2938","2021-2022","CALIFORNIA","0625130",939,10945,11884,8127,20011,0.593873369646694
"2939","2021-2022","CALIFORNIA","0625150",1149,8951,10100,6584,16684,0.605370414768641
"2940","2021-2022","CALIFORNIA","0625190",26,472,498,418,916,0.543668122270742
"2941","2021-2022","CALIFORNIA","0625230",170,2422,2592,1994,4586,0.565198430004361
"2942","2021-2022","CALIFORNIA","0625290",19,133,152,106,258,0.589147286821705
"2943","2021-2022","CALIFORNIA","0625320",253,2425,2678,1752,4430,0.60451467268623
"2944","2021-2022","CALIFORNIA","0625350",25,349,374,268,642,0.582554517133956
"2945","2021-2022","CALIFORNIA","0625380",16,109,125,92,217,0.576036866359447
"2946","2021-2022","CALIFORNIA","0625410",10,40,50,22,72,0.694444444444444
"2947","2021-2022","CALIFORNIA","0625470",1022,15072,16094,11357,27451,0.586281009799279
"2948","2021-2022","CALIFORNIA","0625500",0,19,19,19,38,0.5
"2949","2021-2022","CALIFORNIA","0625530",468,5625,6093,4216,10309,0.591036957997866
"2950","2021-2022","CALIFORNIA","0625650",2,8,10,5,15,0.666666666666667
"2951","2021-2022","CALIFORNIA","0625690",100,1577,1677,1232,2909,0.576486765211413
"2952","2021-2022","CALIFORNIA","0625740",0,65,65,62,127,0.511811023622047
"2953","2021-2022","CALIFORNIA","0625770",172,1069,1241,768,2009,0.617720258835241
"2954","2021-2022","CALIFORNIA","0625800",2090,21956,24046,14158,38204,0.629410532928489
"2955","2021-2022","CALIFORNIA","0625830",341,2816,3157,1854,5011,0.630013969267611
"2956","2021-2022","CALIFORNIA","0625860",474,4409,4883,3724,8607,0.567328918322296
"2957","2021-2022","CALIFORNIA","0625980",38,375,413,314,727,0.56808803301238
"2958","2021-2022","CALIFORNIA","0626040",13,198,211,161,372,0.567204301075269
"2959","2021-2022","CALIFORNIA","0626070",2,25,27,23,50,0.54
"2960","2021-2022","CALIFORNIA","0626100",69,928,997,711,1708,0.583723653395785
"2961","2021-2022","CALIFORNIA","0626130",0,17,17,10,27,0.62962962962963
"2962","2021-2022","CALIFORNIA","0626190",150,3774,3924,3291,7215,0.543866943866944
"2963","2021-2022","CALIFORNIA","0626220",300,1162,1462,866,2328,0.628006872852234
"2964","2021-2022","CALIFORNIA","0626280",95,1006,1101,656,1757,0.626636311895276
"2965","2021-2022","CALIFORNIA","0626310",13,490,503,413,916,0.549126637554585
"2966","2021-2022","CALIFORNIA","0626340",0,29,29,20,49,0.591836734693878
"2967","2021-2022","CALIFORNIA","0626370",2572,10760,13332,8130,21462,0.621190942130277
"2968","2021-2022","CALIFORNIA","0626400",205,798,1003,516,1519,0.660302830809743
"2969","2021-2022","CALIFORNIA","0626430",0,21,21,16,37,0.567567567567568
"2970","2021-2022","CALIFORNIA","0626460",0,83,83,44,127,0.653543307086614
"2971","2021-2022","CALIFORNIA","0626490",60,433,493,384,877,0.562143671607754
"2972","2021-2022","CALIFORNIA","0626640",1114,7144,8258,5266,13524,0.610618160307601
"2973","2021-2022","CALIFORNIA","0626670",276,3025,3301,2032,5333,0.618976186011626
"2974","2021-2022","CALIFORNIA","0626760",27,645,672,467,1139,0.589991220368745
"2975","2021-2022","CALIFORNIA","0626820",12,204,216,194,410,0.526829268292683
"2976","2021-2022","CALIFORNIA","0626880",50,885,935,741,1676,0.557875894988067
"2977","2021-2022","CALIFORNIA","0626910",942,3565,4507,2446,6953,0.648209406011793
"2978","2021-2022","CALIFORNIA","0626970",24,142,166,111,277,0.59927797833935
"2979","2021-2022","CALIFORNIA","0627030",108,1011,1119,796,1915,0.584334203655352
"2980","2021-2022","CALIFORNIA","0627040",7,64,71,40,111,0.63963963963964
"2981","2021-2022","CALIFORNIA","0627060",206,1885,2091,1275,3366,0.621212121212121
"2982","2021-2022","CALIFORNIA","0627120",1,88,89,82,171,0.52046783625731
"2983","2021-2022","CALIFORNIA","0627180",625,1965,2590,1477,4067,0.636833046471601
"2984","2021-2022","CALIFORNIA","0627200",387,1750,2137,1331,3468,0.616205305651672
"2985","2021-2022","CALIFORNIA","0627240",108,5920,6028,5140,11168,0.539756446991404
"2986","2021-2022","CALIFORNIA","0627300",0,15,15,11,26,0.576923076923077
"2987","2021-2022","CALIFORNIA","0627450",234,1011,1245,787,2032,0.612696850393701
"2988","2021-2022","CALIFORNIA","0627480",35,278,313,202,515,0.607766990291262
"2989","2021-2022","CALIFORNIA","0627510",0,51,51,49,100,0.51
"2990","2021-2022","CALIFORNIA","0627590",344,3469,3813,2411,6224,0.61262853470437
"2991","2021-2022","CALIFORNIA","0627690",631,9296,9927,6135,16062,0.61804258498319
"2992","2021-2022","CALIFORNIA","0627720",134,2189,2323,1875,4198,0.553358742258218
"2993","2021-2022","CALIFORNIA","0627750",1,77,78,49,127,0.614173228346457
"2994","2021-2022","CALIFORNIA","0627780",320,1317,1637,939,2576,0.635481366459627
"2995","2021-2022","CALIFORNIA","0627810",0,2218,2218,2075,4293,0.516655019799674
"2996","2021-2022","CALIFORNIA","0627840",64,186,250,157,407,0.614250614250614
"2997","2021-2022","CALIFORNIA","0627850",76,446,522,259,781,0.668373879641485
"2998","2021-2022","CALIFORNIA","0627870",0,42,42,35,77,0.545454545454545
"2999","2021-2022","CALIFORNIA","0627900",82,353,435,238,673,0.646359583952452
"3000","2021-2022","CALIFORNIA","0627930",0,116,116,116,232,0.5
"3001","2021-2022","CALIFORNIA","0628050",3070,22853,25923,15367,41290,0.627827561152821
"3002","2021-2022","CALIFORNIA","0628080",150,1524,1674,1252,2926,0.572112098427888
"3003","2021-2022","CALIFORNIA","0628140",667,3291,3958,2423,6381,0.620278953142141
"3004","2021-2022","CALIFORNIA","0628170",205,1340,1545,893,2438,0.633716160787531
"3005","2021-2022","CALIFORNIA","0628250",2971,8543,11514,5483,16997,0.677413661234335
"3006","2021-2022","CALIFORNIA","0628270",96,810,906,696,1602,0.565543071161049
"3007","2021-2022","CALIFORNIA","0628320",76,515,591,400,991,0.596367305751766
"3008","2021-2022","CALIFORNIA","0628470",2203,12267,14470,8307,22777,0.6352899855117
"3009","2021-2022","CALIFORNIA","0628530",16,242,258,192,450,0.573333333333333
"3010","2021-2022","CALIFORNIA","0628650",537,9272,9809,7923,17732,0.553180690277465
"3011","2021-2022","CALIFORNIA","0628680",44,275,319,199,518,0.615830115830116
"3012","2021-2022","CALIFORNIA","0628710",144,1631,1775,1384,3159,0.561886672997784
"3013","2021-2022","CALIFORNIA","0628830",0,15,15,15,30,0.5
"3014","2021-2022","CALIFORNIA","0628860",0,72,72,65,137,0.525547445255474
"3015","2021-2022","CALIFORNIA","0628950",3,73,76,59,135,0.562962962962963
"3016","2021-2022","CALIFORNIA","0629100",107,1594,1701,1362,3063,0.555337904015671
"3017","2021-2022","CALIFORNIA","0629130",276,1639,1915,1375,3290,0.582066869300912
"3018","2021-2022","CALIFORNIA","0629160",3,106,109,58,167,0.652694610778443
"3019","2021-2022","CALIFORNIA","0629190",0,27,27,25,52,0.519230769230769
"3020","2021-2022","CALIFORNIA","0629220",2027,10291,12318,7057,19375,0.635767741935484
"3021","2021-2022","CALIFORNIA","0629270",1170,10079,11249,7381,18630,0.603811057434246
"3022","2021-2022","CALIFORNIA","0629280",69,292,361,247,608,0.59375
"3023","2021-2022","CALIFORNIA","0629340",14,44,58,30,88,0.659090909090909
"3024","2021-2022","CALIFORNIA","0629370",14,301,315,283,598,0.526755852842809
"3025","2021-2022","CALIFORNIA","0629400",11,297,308,228,536,0.574626865671642
"3026","2021-2022","CALIFORNIA","0629430",17,266,283,219,502,0.563745019920319
"3027","2021-2022","CALIFORNIA","0629490",2086,12165,14251,8306,22557,0.631777275346899
"3028","2021-2022","CALIFORNIA","0629540",85,904,989,714,1703,0.580739870816207
"3029","2021-2022","CALIFORNIA","0629550",149,20316,20465,12081,32546,0.6288023105758
"3030","2021-2022","CALIFORNIA","0629580",1836,13888,15724,9566,25290,0.621747726374061
"3031","2021-2022","CALIFORNIA","0629610",137,1043,1180,776,1956,0.603271983640082
"3032","2021-2022","CALIFORNIA","0629640",210,1753,1963,1459,3422,0.57364114552893
"3033","2021-2022","CALIFORNIA","0629670",24,354,378,258,636,0.594339622641509
"3034","2021-2022","CALIFORNIA","0629700",24,738,762,652,1414,0.538896746817539
"3035","2021-2022","CALIFORNIA","0629770",0,8,8,4,12,0.666666666666667
"3036","2021-2022","CALIFORNIA","0629790",0,74,74,69,143,0.517482517482518
"3037","2021-2022","CALIFORNIA","0629820",77,862,939,758,1697,0.553329404832057
"3038","2021-2022","CALIFORNIA","0629850",1596,10747,12343,6983,19326,0.638673289868571
"3039","2021-2022","CALIFORNIA","0629910",134,2925,3059,2198,5257,0.581890812250333
"3040","2021-2022","CALIFORNIA","0629940",1730,8104,9834,5758,15592,0.630708055413032
"3041","2021-2022","CALIFORNIA","0630030",691,3921,4612,2539,7151,0.644944762970214
"3042","2021-2022","CALIFORNIA","0630090",0,44,44,42,86,0.511627906976744
"3043","2021-2022","CALIFORNIA","0630180",321,3897,4218,3098,7316,0.576544559868781
"3044","2021-2022","CALIFORNIA","0630210",920,6034,6954,4493,11447,0.607495413645497
"3045","2021-2022","CALIFORNIA","0630230",171,618,789,445,1234,0.639384116693679
"3046","2021-2022","CALIFORNIA","0630250",570,1476,2046,927,2973,0.688193743693239
"3047","2021-2022","CALIFORNIA","0630330",0,67,67,57,124,0.540322580645161
"3048","2021-2022","CALIFORNIA","0630360",142,912,1054,508,1562,0.674775928297055
"3049","2021-2022","CALIFORNIA","0630390",0,15,15,12,27,0.555555555555556
"3050","2021-2022","CALIFORNIA","0630450",27,114,141,87,228,0.618421052631579
"3051","2021-2022","CALIFORNIA","0630480",0,148,148,121,269,0.550185873605948
"3052","2021-2022","CALIFORNIA","0630510",88,529,617,441,1058,0.583175803402647
"3053","2021-2022","CALIFORNIA","0630520",0,28,28,25,53,0.528301886792453
"3054","2021-2022","CALIFORNIA","0630600",668,6403,7071,4587,11658,0.606536284096758
"3055","2021-2022","CALIFORNIA","0630630",16,846,862,529,1391,0.619698058950395
"3056","2021-2022","CALIFORNIA","0630660",2475,8220,10695,5550,16245,0.658356417359187
"3057","2021-2022","CALIFORNIA","0630720",6,209,215,181,396,0.542929292929293
"3058","2021-2022","CALIFORNIA","0630750",400,1005,1405,761,2166,0.648661126500462
"3059","2021-2022","CALIFORNIA","0630780",97,566,663,467,1130,0.586725663716814
"3060","2021-2022","CALIFORNIA","0630810",18,41,59,39,98,0.602040816326531
"3061","2021-2022","CALIFORNIA","0630840",58,693,751,577,1328,0.565512048192771
"3062","2021-2022","CALIFORNIA","0630870",8,81,89,65,154,0.577922077922078
"3063","2021-2022","CALIFORNIA","0630900",5,44,49,38,87,0.563218390804598
"3064","2021-2022","CALIFORNIA","0630930",4,340,344,325,669,0.514200298953662
"3065","2021-2022","CALIFORNIA","0630990",236,1290,1526,976,2502,0.609912070343725
"3066","2021-2022","CALIFORNIA","0631020",2,18,20,18,38,0.526315789473684
"3067","2021-2022","CALIFORNIA","0631050",12,374,386,264,650,0.593846153846154
"3068","2021-2022","CALIFORNIA","0631170",133,818,951,693,1644,0.578467153284672
"3069","2021-2022","CALIFORNIA","0631180",152,381,533,288,821,0.649208282582217
"3070","2021-2022","CALIFORNIA","0631230",8,69,77,53,130,0.592307692307692
"3071","2021-2022","CALIFORNIA","0631290",0,243,243,236,479,0.507306889352818
"3072","2021-2022","CALIFORNIA","0631320",2810,16888,19698,10117,29815,0.660674157303371
"3073","2021-2022","CALIFORNIA","0631350",8,153,161,106,267,0.602996254681648
"3074","2021-2022","CALIFORNIA","0631380",2,42,44,24,68,0.647058823529412
"3075","2021-2022","CALIFORNIA","0631400",9,137,146,100,246,0.59349593495935
"3076","2021-2022","CALIFORNIA","0631470",1,29,30,23,53,0.566037735849057
"3077","2021-2022","CALIFORNIA","0631530",244,4731,4975,3930,8905,0.558674901740595
"3078","2021-2022","CALIFORNIA","0631620",10,92,102,78,180,0.566666666666667
"3079","2021-2022","CALIFORNIA","0631680",6,256,262,191,453,0.578366445916115
"3080","2021-2022","CALIFORNIA","0631710",474,1591,2065,1420,3485,0.592539454806313
"3081","2021-2022","CALIFORNIA","0631740",0,27,27,26,53,0.509433962264151
"3082","2021-2022","CALIFORNIA","0631830",0,11,11,11,22,0.5
"3083","2021-2022","CALIFORNIA","0631860",7,1164,1171,854,2025,0.578271604938272
"3084","2021-2022","CALIFORNIA","0631920",5,35,40,27,67,0.597014925373134
"3085","2021-2022","CALIFORNIA","0631980",103,1261,1364,1090,2454,0.555827220863896
"3086","2021-2022","CALIFORNIA","0632010",129,1018,1147,770,1917,0.598330725091288
"3087","2021-2022","CALIFORNIA","0632040",104,1697,1801,1480,3281,0.548918012800975
"3088","2021-2022","CALIFORNIA","0632070",1458,10661,12119,6356,18475,0.655967523680649
"3089","2021-2022","CALIFORNIA","0632130",370,3005,3375,2030,5405,0.624421831637373
"3090","2021-2022","CALIFORNIA","0632160",0,45,45,42,87,0.517241379310345
"3091","2021-2022","CALIFORNIA","0632250",15,69,84,55,139,0.60431654676259
"3092","2021-2022","CALIFORNIA","0632270",156,2449,2605,1612,4217,0.617737728242827
"3093","2021-2022","CALIFORNIA","0632310",29,490,519,440,959,0.54118873826903
"3094","2021-2022","CALIFORNIA","0632340",0,6,6,3,9,0.666666666666667
"3095","2021-2022","CALIFORNIA","0632370",2486,17876,20362,12104,32466,0.627179202858375
"3096","2021-2022","CALIFORNIA","0632400",7,106,113,77,190,0.594736842105263
"3097","2021-2022","CALIFORNIA","0632430",14,462,476,381,857,0.555425904317386
"3098","2021-2022","CALIFORNIA","0632520",0,20,20,11,31,0.645161290322581
"3099","2021-2022","CALIFORNIA","0632550",788,11086,11874,9223,21097,0.562828838223444
"3100","2021-2022","CALIFORNIA","0632610",137,1549,1686,1265,2951,0.571331751948492
"3101","2021-2022","CALIFORNIA","0632640",28,1089,1117,683,1800,0.620555555555556
"3102","2021-2022","CALIFORNIA","0632710",32,427,459,296,755,0.60794701986755
"3103","2021-2022","CALIFORNIA","0632730",16,201,217,179,396,0.547979797979798
"3104","2021-2022","CALIFORNIA","0632760",245,2534,2779,1976,4755,0.584437434279706
"3105","2021-2022","CALIFORNIA","0632880",142,895,1037,640,1677,0.618366129994037
"3106","2021-2022","CALIFORNIA","0633110",44,922,966,682,1648,0.586165048543689
"3107","2021-2022","CALIFORNIA","0633150",5433,22737,28170,14692,42862,0.657225514441697
"3108","2021-2022","CALIFORNIA","0633210",4,69,73,56,129,0.565891472868217
"3109","2021-2022","CALIFORNIA","0633240",6,1059,1065,1017,2082,0.511527377521614
"3110","2021-2022","CALIFORNIA","0633270",0,320,320,137,457,0.700218818380744
"3111","2021-2022","CALIFORNIA","0633390",460,2379,2839,1687,4526,0.62726469288555
"3112","2021-2022","CALIFORNIA","0633480",119,1826,1945,1490,3435,0.566229985443959
"3113","2021-2022","CALIFORNIA","0633510",10,760,770,654,1424,0.540730337078652
"3114","2021-2022","CALIFORNIA","0633570",291,1363,1654,989,2643,0.625804010594022
"3115","2021-2022","CALIFORNIA","0633600",278,2455,2733,1993,4726,0.578290308929327
"3116","2021-2022","CALIFORNIA","0633630",194,2058,2252,1838,4090,0.550611246943765
"3117","2021-2022","CALIFORNIA","0633660",0,3,3,3,6,0.5
"3118","2021-2022","CALIFORNIA","0633690",5,31,36,24,60,0.6
"3119","2021-2022","CALIFORNIA","0633720",0,395,395,165,560,0.705357142857143
"3120","2021-2022","CALIFORNIA","0633750",1051,7579,8630,5619,14249,0.605656537300863
"3121","2021-2022","CALIFORNIA","0633840",2820,23115,25935,18414,44349,0.584793343705608
"3122","2021-2022","CALIFORNIA","0633860",543,7021,7564,5085,12649,0.597991936121433
"3123","2021-2022","CALIFORNIA","0633900",232,1314,1546,964,2510,0.61593625498008
"3124","2021-2022","CALIFORNIA","0633930",178,5785,5963,4536,10499,0.567958853224117
"3125","2021-2022","CALIFORNIA","0633980",1921,11619,13540,8589,22129,0.611866781146911
"3126","2021-2022","CALIFORNIA","0634050",6,51,57,35,92,0.619565217391304
"3127","2021-2022","CALIFORNIA","0634080",8,80,88,61,149,0.590604026845638
"3128","2021-2022","CALIFORNIA","0634140",48,1549,1597,1096,2693,0.593018937987375
"3129","2021-2022","CALIFORNIA","0634170",3723,35125,38848,26746,65594,0.592249291093698
"3130","2021-2022","CALIFORNIA","0634230",22,553,575,525,1100,0.522727272727273
"3131","2021-2022","CALIFORNIA","0634290",15,214,229,144,373,0.613941018766756
"3132","2021-2022","CALIFORNIA","0634320",10023,42229,52252,30312,82564,0.632866624679037
"3133","2021-2022","CALIFORNIA","0634380",768,1589,2357,1213,3570,0.660224089635854
"3134","2021-2022","CALIFORNIA","0634410",1948,22983,24931,17967,42898,0.581169285281365
"3135","2021-2022","CALIFORNIA","0634425",687,2313,3000,1657,4657,0.64419153961778
"3136","2021-2022","CALIFORNIA","0634440",1125,7531,8656,5501,14157,0.611428975065339
"3137","2021-2022","CALIFORNIA","0634590",1889,7257,9146,5312,14458,0.632590953105547
"3138","2021-2022","CALIFORNIA","0634620",1694,17263,18957,13717,32674,0.580186080675767
"3139","2021-2022","CALIFORNIA","0634680",1228,4918,6146,3009,9155,0.671327143637357
"3140","2021-2022","CALIFORNIA","0634710",1423,5309,6732,3375,10107,0.666073018699911
"3141","2021-2022","CALIFORNIA","0634740",16,559,575,504,1079,0.532900834105653
"3142","2021-2022","CALIFORNIA","0634770",0,67,67,30,97,0.690721649484536
"3143","2021-2022","CALIFORNIA","0634800",779,2335,3114,1632,4746,0.656131479140329
"3144","2021-2022","CALIFORNIA","0634860",3,198,201,181,382,0.526178010471204
"3145","2021-2022","CALIFORNIA","0634880",2150,4955,7105,4863,11968,0.593666443850267
"3146","2021-2022","CALIFORNIA","0634920",168,2742,2910,2192,5102,0.570364562916503
"3147","2021-2022","CALIFORNIA","0634980",153,2042,2195,1553,3748,0.58564567769477
"3148","2021-2022","CALIFORNIA","0635010",12,464,476,263,739,0.644113667117727
"3149","2021-2022","CALIFORNIA","0635040",28,92,120,80,200,0.6
"3150","2021-2022","CALIFORNIA","0635070",23,472,495,375,870,0.568965517241379
"3151","2021-2022","CALIFORNIA","0635090",187,2691,2878,1558,4436,0.6487826871055
"3152","2021-2022","CALIFORNIA","0635110",44,1235,1279,892,2171,0.589129433440811
"3153","2021-2022","CALIFORNIA","0635130",28,1686,1714,1499,3213,0.533457827575475
"3154","2021-2022","CALIFORNIA","0635220",290,2783,3073,1728,4801,0.640074984378254
"3155","2021-2022","CALIFORNIA","0635250",2683,6102,8785,5835,14620,0.600889192886457
"3156","2021-2022","CALIFORNIA","0635310",2,24548,24550,22549,47099,0.521242489224824
"3157","2021-2022","CALIFORNIA","0635430",208,3430,3638,2833,6471,0.562200587235358
"3158","2021-2022","CALIFORNIA","0635490",0,7,7,7,14,0.5
"3159","2021-2022","CALIFORNIA","0635590",34,599,633,464,1097,0.577028258887876
"3160","2021-2022","CALIFORNIA","0635600",142,1187,1329,870,2199,0.604365620736699
"3161","2021-2022","CALIFORNIA","0635670",413,6016,6429,4595,11024,0.583182148040639
"3162","2021-2022","CALIFORNIA","0635700",132,1972,2104,1735,3839,0.548059390466267
"3163","2021-2022","CALIFORNIA","0635790",205,2205,2410,1709,4119,0.585093469288662
"3164","2021-2022","CALIFORNIA","0635810",70,1822,1892,1715,3607,0.524535625173274
"3165","2021-2022","CALIFORNIA","0635830",139,2908,3047,2694,5741,0.530743772861871
"3166","2021-2022","CALIFORNIA","0635850",4,209,213,201,414,0.514492753623188
"3167","2021-2022","CALIFORNIA","0635880",266,1928,2194,1560,3754,0.58444326052211
"3168","2021-2022","CALIFORNIA","0635910",1,40,41,39,80,0.5125
"3169","2021-2022","CALIFORNIA","0635940",3,65,68,40,108,0.62962962962963
"3170","2021-2022","CALIFORNIA","0635970",543,1700,2243,1347,3590,0.624791086350975
"3171","2021-2022","CALIFORNIA","0636000",19,189,208,173,381,0.545931758530184
"3172","2021-2022","CALIFORNIA","0636030",261,1210,1471,832,2303,0.638732088580113
"3173","2021-2022","CALIFORNIA","0636100",23,108,131,85,216,0.606481481481482
"3174","2021-2022","CALIFORNIA","0636180",47,172,219,147,366,0.598360655737705
"3175","2021-2022","CALIFORNIA","0636210",48,295,343,210,553,0.620253164556962
"3176","2021-2022","CALIFORNIA","0636240",0,8,8,3,11,0.727272727272727
"3177","2021-2022","CALIFORNIA","0636270",567,4573,5140,3531,8671,0.592780532810518
"3178","2021-2022","CALIFORNIA","0636330",6,124,130,105,235,0.553191489361702
"3179","2021-2022","CALIFORNIA","0636360",7,145,152,122,274,0.554744525547445
"3180","2021-2022","CALIFORNIA","0636390",119,2014,2133,1615,3748,0.569103521878335
"3181","2021-2022","CALIFORNIA","0636420",17,116,133,79,212,0.627358490566038
"3182","2021-2022","CALIFORNIA","0636450",25,192,217,122,339,0.640117994100295
"3183","2021-2022","CALIFORNIA","0636570",1,54,55,49,104,0.528846153846154
"3184","2021-2022","CALIFORNIA","0636600",159,1623,1782,1466,3248,0.548645320197044
"3185","2021-2022","CALIFORNIA","0636660",31,98,129,66,195,0.661538461538462
"3186","2021-2022","CALIFORNIA","0636670",29,218,247,163,410,0.602439024390244
"3187","2021-2022","CALIFORNIA","0636780",12,150,162,96,258,0.627906976744186
"3188","2021-2022","CALIFORNIA","0636800",346,2245,2591,1924,4515,0.573864894795127
"3189","2021-2022","CALIFORNIA","0636805",20,505,525,413,938,0.559701492537313
"3190","2021-2022","CALIFORNIA","0636810",0,9,9,8,17,0.529411764705882
"3191","2021-2022","CALIFORNIA","0636820",327,836,1163,378,1541,0.754704737183647
"3192","2021-2022","CALIFORNIA","0636840",1404,4769,6173,3854,10027,0.615637777999402
"3193","2021-2022","CALIFORNIA","0636940",61,252,313,197,510,0.613725490196078
"3194","2021-2022","CALIFORNIA","0636960",2,42,44,33,77,0.571428571428571
"3195","2021-2022","CALIFORNIA","0636970",863,4497,5360,3204,8564,0.625875758991126
"3196","2021-2022","CALIFORNIA","0636972",1196,8152,9348,6031,15379,0.607841862279732
"3197","2021-2022","CALIFORNIA","0636990",104,238,342,172,514,0.665369649805447
"3198","2021-2022","CALIFORNIA","0637050",404,3481,3885,2610,6495,0.598152424942263
"3199","2021-2022","CALIFORNIA","0637110",17,182,199,143,342,0.58187134502924
"3200","2021-2022","CALIFORNIA","0637140",33,116,149,84,233,0.639484978540773
"3201","2021-2022","CALIFORNIA","0637200",169,1488,1657,1043,2700,0.613703703703704
"3202","2021-2022","CALIFORNIA","0637230",9,305,314,281,595,0.527731092436975
"3203","2021-2022","CALIFORNIA","0637260",28,378,406,334,740,0.548648648648649
"3204","2021-2022","CALIFORNIA","0637290",4,332,336,309,645,0.52093023255814
"3205","2021-2022","CALIFORNIA","0637320",21,181,202,118,320,0.63125
"3206","2021-2022","CALIFORNIA","0637350",11,289,300,223,523,0.573613766730402
"3207","2021-2022","CALIFORNIA","0637380",495,3525,4020,2798,6818,0.589615723085949
"3208","2021-2022","CALIFORNIA","0637470",0,189,189,165,354,0.533898305084746
"3209","2021-2022","CALIFORNIA","0637500",18,614,632,581,1213,0.521022258862325
"3210","2021-2022","CALIFORNIA","0637530",176,2551,2727,2077,4804,0.567651956702748
"3211","2021-2022","CALIFORNIA","0637560",263,1745,2008,1230,3238,0.620135886349598
"3212","2021-2022","CALIFORNIA","0637590",55,349,404,292,696,0.580459770114943
"3213","2021-2022","CALIFORNIA","0637620",510,2356,2866,1714,4580,0.625764192139738
"3214","2021-2022","CALIFORNIA","0637630",3,47,50,37,87,0.574712643678161
"3215","2021-2022","CALIFORNIA","0637650",16,75,91,32,123,0.739837398373984
"3216","2021-2022","CALIFORNIA","0637680",0,13,13,9,22,0.590909090909091
"3217","2021-2022","CALIFORNIA","0637710",2,136,138,126,264,0.522727272727273
"3218","2021-2022","CALIFORNIA","0637770",22,140,162,120,282,0.574468085106383
"3219","2021-2022","CALIFORNIA","0637830",27,404,431,332,763,0.564875491480996
"3220","2021-2022","CALIFORNIA","0637890",316,2284,2600,2053,4653,0.558779282183537
"3221","2021-2022","CALIFORNIA","0637950",459,2021,2480,1608,4088,0.60665362035225
"3222","2021-2022","CALIFORNIA","0638010",1509,27731,29240,21452,50692,0.576816854730529
"3223","2021-2022","CALIFORNIA","0638040",0,125,125,71,196,0.637755102040816
"3224","2021-2022","CALIFORNIA","0638070",8,45,53,28,81,0.654320987654321
"3225","2021-2022","CALIFORNIA","0638130",29,631,660,438,1098,0.601092896174863
"3226","2021-2022","CALIFORNIA","0638220",673,2123,2796,1570,4366,0.640403114979386
"3227","2021-2022","CALIFORNIA","0638250",18,150,168,137,305,0.550819672131148
"3228","2021-2022","CALIFORNIA","0638280",42,197,239,155,394,0.606598984771574
"3229","2021-2022","CALIFORNIA","0638340",99,267,366,219,585,0.625641025641026
"3230","2021-2022","CALIFORNIA","0638430",2,265,267,225,492,0.542682926829268
"3231","2021-2022","CALIFORNIA","0638460",90,1234,1324,1032,2356,0.561969439728353
"3232","2021-2022","CALIFORNIA","0638520",3,65,68,53,121,0.56198347107438
"3233","2021-2022","CALIFORNIA","0638550",144,542,686,401,1087,0.631094756209752
"3234","2021-2022","CALIFORNIA","0638610",1,171,172,156,328,0.524390243902439
"3235","2021-2022","CALIFORNIA","0638640",2727,15437,18164,11038,29202,0.622012190945826
"3236","2021-2022","CALIFORNIA","0638670",237,3136,3373,2895,6268,0.538130185067007
"3237","2021-2022","CALIFORNIA","0638700",205,1923,2128,1488,3616,0.588495575221239
"3238","2021-2022","CALIFORNIA","0638730",132,804,936,582,1518,0.616600790513834
"3239","2021-2022","CALIFORNIA","0638770",128,998,1126,690,1816,0.620044052863436
"3240","2021-2022","CALIFORNIA","0638790",0,484,484,474,958,0.505219206680585
"3241","2021-2022","CALIFORNIA","0638880",234,1461,1695,1259,2954,0.573798239675017
"3242","2021-2022","CALIFORNIA","0638980",183,1731,1914,1465,3379,0.566439775081385
"3243","2021-2022","CALIFORNIA","0639000",7,452,459,413,872,0.526376146788991
"3244","2021-2022","CALIFORNIA","0639060",0,741,741,477,1218,0.608374384236453
"3245","2021-2022","CALIFORNIA","0639180",143,1098,1241,966,2207,0.562301767104667
"3246","2021-2022","CALIFORNIA","0639210",2,37,39,30,69,0.565217391304348
"3247","2021-2022","CALIFORNIA","0639300",48,418,466,322,788,0.591370558375635
"3248","2021-2022","CALIFORNIA","0639420",587,4956,5543,4174,9717,0.570443552536791
"3249","2021-2022","CALIFORNIA","0639600",12,181,193,129,322,0.599378881987578
"3250","2021-2022","CALIFORNIA","0639630",1067,1166,2233,652,2885,0.774003466204506
"3251","2021-2022","CALIFORNIA","0639690",27,21,48,14,62,0.774193548387097
"3252","2021-2022","CALIFORNIA","0639720",12,91,103,72,175,0.588571428571429
"3253","2021-2022","CALIFORNIA","0639750",0,6,6,3,9,0.666666666666667
"3254","2021-2022","CALIFORNIA","0639840",16,189,205,156,361,0.56786703601108
"3255","2021-2022","CALIFORNIA","0639870",480,6623,7103,5141,12244,0.580120875530872
"3256","2021-2022","CALIFORNIA","0639930",589,3852,4441,2762,7203,0.616548660280439
"3257","2021-2022","CALIFORNIA","0639940",27,282,309,203,512,0.603515625
"3258","2021-2022","CALIFORNIA","0640150",524,6819,7343,5754,13097,0.560662747194014
"3259","2021-2022","CALIFORNIA","0640200",12,118,130,94,224,0.580357142857143
"3260","2021-2022","CALIFORNIA","0640230",1,225,226,211,437,0.517162471395881
"3261","2021-2022","CALIFORNIA","0640260",13,42,55,32,87,0.632183908045977
"3262","2021-2022","CALIFORNIA","0640300",541,4091,4632,2793,7425,0.623838383838384
"3263","2021-2022","CALIFORNIA","0640320",49,443,492,382,874,0.562929061784897
"3264","2021-2022","CALIFORNIA","0640380",21,273,294,241,535,0.549532710280374
"3265","2021-2022","CALIFORNIA","0640590",1055,4013,5068,3290,8358,0.606365159128978
"3266","2021-2022","CALIFORNIA","0640650",79,606,685,446,1131,0.605658709106985
"3267","2021-2022","CALIFORNIA","0640680",12,348,360,207,567,0.634920634920635
"3268","2021-2022","CALIFORNIA","0640710",16,133,149,95,244,0.610655737704918
"3269","2021-2022","CALIFORNIA","0640740",1489,5971,7460,4681,12141,0.614446915410592
"3270","2021-2022","CALIFORNIA","0640800",3,46,49,39,88,0.556818181818182
"3271","2021-2022","CALIFORNIA","0640980",3563,4876,8439,4558,12997,0.649303685465877
"3272","2021-2022","CALIFORNIA","0641040",627,10245,10872,7430,18302,0.594033438968419
"3273","2021-2022","CALIFORNIA","0641130",14,667,681,503,1184,0.575168918918919
"3274","2021-2022","CALIFORNIA","0641160",1418,17853,19271,13479,32750,0.588427480916031
"3275","2021-2022","CALIFORNIA","0641190",2402,10164,12566,7408,19974,0.629117853209172
"3276","2021-2022","CALIFORNIA","0641220",0,8,8,8,16,0.5
"3277","2021-2022","CALIFORNIA","0641250",0,411,411,405,816,0.503676470588235
"3278","2021-2022","CALIFORNIA","0641280",146,3176,3322,2700,6022,0.551643972102292
"3279","2021-2022","CALIFORNIA","0641400",309,2879,3188,2200,5388,0.591685226429102
"3280","2021-2022","CALIFORNIA","0641430",122,1322,1444,1091,2535,0.569625246548323
"3281","2021-2022","CALIFORNIA","0641460",30,348,378,261,639,0.591549295774648
"3282","2021-2022","CALIFORNIA","0641580",275,4748,5023,2937,7960,0.631030150753769
"3283","2021-2022","CALIFORNIA","0641610",0,95,95,81,176,0.539772727272727
"3284","2021-2022","CALIFORNIA","0641790",6,112,118,91,209,0.564593301435407
"3285","2021-2022","CALIFORNIA","0641820",12,150,162,109,271,0.597785977859779
"3286","2021-2022","CALIFORNIA","0641880",53,1928,1981,1842,3823,0.518179440230186
"3287","2021-2022","CALIFORNIA","0641980",17,245,262,206,468,0.55982905982906
"3288","2021-2022","CALIFORNIA","0642000",669,4778,5447,3060,8507,0.640296226636887
"3289","2021-2022","CALIFORNIA","0642060",23,491,514,414,928,0.553879310344828
"3290","2021-2022","CALIFORNIA","0642120",1156,3811,4967,2755,7722,0.643227143227143
"3291","2021-2022","CALIFORNIA","0642140",262,1881,2143,1544,3687,0.581231353403851
"3292","2021-2022","CALIFORNIA","0642150",1088,5099,6187,3737,9924,0.623438129786376
"3293","2021-2022","CALIFORNIA","0642180",33,307,340,253,593,0.573355817875211
"3294","2021-2022","CALIFORNIA","0642210",6,157,163,90,253,0.644268774703557
"3295","2021-2022","CALIFORNIA","0642270",3,32,35,24,59,0.593220338983051
"3296","2021-2022","CALIFORNIA","0642300",8,89,97,55,152,0.638157894736842
"3297","2021-2022","CALIFORNIA","0642330",119,488,607,314,921,0.659066232356135
"3298","2021-2022","CALIFORNIA","0642350",328,464,792,264,1056,0.75
"3299","2021-2022","CALIFORNIA","0642420",0,9,9,9,18,0.5
"3300","2021-2022","CALIFORNIA","0642450",503,3663,4166,2170,6336,0.657512626262626
"3301","2021-2022","CALIFORNIA","0642480",1969,6056,8025,3570,11595,0.692108667529107
"3302","2021-2022","CALIFORNIA","0642510",308,5236,5544,4544,10088,0.549563838223632
"3303","2021-2022","CALIFORNIA","0642540",166,1046,1212,701,1913,0.633559853633037
"3304","2021-2022","CALIFORNIA","0642560",26,874,900,808,1708,0.526932084309134
"3305","2021-2022","CALIFORNIA","0642580",54,217,271,134,405,0.669135802469136
"3306","2021-2022","CALIFORNIA","0642600",1,32,33,23,56,0.589285714285714
"3307","2021-2022","CALIFORNIA","0642630",1,13,14,4,18,0.777777777777778
"3308","2021-2022","CALIFORNIA","0642710",234,903,1137,688,1825,0.623013698630137
"3309","2021-2022","CALIFORNIA","0642750",11,47,58,40,98,0.591836734693878
"3310","2021-2022","CALIFORNIA","0642810",87,1100,1187,755,1942,0.611225540679712
"3311","2021-2022","CALIFORNIA","0642900",13,70,83,31,114,0.728070175438597
"3312","2021-2022","CALIFORNIA","0642930",146,831,977,563,1540,0.634415584415584
"3313","2021-2022","CALIFORNIA","0642960",169,1544,1713,1150,2863,0.598323436954244
"3314","2021-2022","CALIFORNIA","0643080",1622,5120,6742,3440,10182,0.662148890198389
"3315","2021-2022","CALIFORNIA","0643140",5,30,35,21,56,0.625
"3316","2021-2022","CALIFORNIA","0643170",4,345,349,243,592,0.589527027027027
"3317","2021-2022","CALIFORNIA","0643200",184,745,929,491,1420,0.654225352112676
"3318","2021-2022","CALIFORNIA","0643380",78,587,665,499,1164,0.571305841924399
"3319","2021-2022","CALIFORNIA","0643410",42,355,397,304,701,0.566333808844508
"3320","2021-2022","CALIFORNIA","0643470",1096,8176,9272,6022,15294,0.606250817313979
"3321","2021-2022","CALIFORNIA","0643560",1099,3959,5058,2950,8008,0.631618381618382
"3322","2021-2022","CALIFORNIA","0684500",393,6624,7017,6039,13056,0.537454044117647
"3323","2021-2022","CALIFORNIA","0691001",0,12,12,11,23,0.521739130434783
"3324","2021-2022","CALIFORNIA","0691002",31,227,258,196,454,0.568281938325991
"3325","2021-2022","CALIFORNIA","0691003",0,179,179,175,354,0.505649717514124
"3326","2021-2022","CALIFORNIA","0691004",1,19,20,16,36,0.555555555555556
"3327","2021-2022","CALIFORNIA","0691005",8,171,179,134,313,0.571884984025559
"3328","2021-2022","CALIFORNIA","0691006",9,210,219,186,405,0.540740740740741
"3329","2021-2022","CALIFORNIA","0691007",65,530,595,349,944,0.630296610169492
"3330","2021-2022","CALIFORNIA","0691008",25,142,167,113,280,0.596428571428571
"3331","2021-2022","CALIFORNIA","0691009",10,223,233,135,368,0.633152173913043
"3332","2021-2022","CALIFORNIA","0691010",60,450,510,292,802,0.635910224438903
"3333","2021-2022","CALIFORNIA","0691011",0,0,0,0,0,NA
"3334","2021-2022","CALIFORNIA","0691012",117,1026,1143,858,2001,0.571214392803598
"3335","2021-2022","CALIFORNIA","0691013",25,196,221,123,344,0.642441860465116
"3336","2021-2022","CALIFORNIA","0691014",2,19,21,15,36,0.583333333333333
"3337","2021-2022","CALIFORNIA","0691015",0,3,3,3,6,0.5
"3338","2021-2022","CALIFORNIA","0691017",34,467,501,355,856,0.585280373831776
"3339","2021-2022","CALIFORNIA","0691018",4,100,104,86,190,0.547368421052632
"3340","2021-2022","CALIFORNIA","0691019",3,61,64,37,101,0.633663366336634
"3341","2021-2022","CALIFORNIA","0691020",111,1055,1166,751,1917,0.608242044861763
"3342","2021-2022","CALIFORNIA","0691021",51,408,459,318,777,0.590733590733591
"3343","2021-2022","CALIFORNIA","0691022",3,65,68,42,110,0.618181818181818
"3344","2021-2022","CALIFORNIA","0691023",60,360,420,310,730,0.575342465753425
"3345","2021-2022","CALIFORNIA","0691024",96,1512,1608,1114,2722,0.590742101396032
"3346","2021-2022","CALIFORNIA","0691025",29,121,150,76,226,0.663716814159292
"3347","2021-2022","CALIFORNIA","0691026",25,518,543,447,990,0.548484848484848
"3348","2021-2022","CALIFORNIA","0691027",3,532,535,458,993,0.53877139979859
"3349","2021-2022","CALIFORNIA","0691028",1,22,23,14,37,0.621621621621622
"3350","2021-2022","CALIFORNIA","0691029",186,1176,1362,801,2163,0.629680998613038
"3351","2021-2022","CALIFORNIA","0691030",14,833,847,649,1496,0.566176470588235
"3352","2021-2022","CALIFORNIA","0691031",59,1007,1066,829,1895,0.562532981530343
"3353","2021-2022","CALIFORNIA","0691032",21,200,221,149,370,0.597297297297297
"3354","2021-2022","CALIFORNIA","0691033",1,41,42,32,74,0.567567567567568
"3355","2021-2022","CALIFORNIA","0691034",1,48,49,46,95,0.515789473684211
"3356","2021-2022","CALIFORNIA","0691035",61,681,742,406,1148,0.646341463414634
"3357","2021-2022","CALIFORNIA","0691036",13,407,420,335,755,0.556291390728477
"3358","2021-2022","CALIFORNIA","0691037",9,112,121,95,216,0.560185185185185
"3359","2021-2022","CALIFORNIA","0691038",2,33,35,29,64,0.546875
"3360","2021-2022","CALIFORNIA","0691040",18,112,130,85,215,0.604651162790698
"3361","2021-2022","CALIFORNIA","0691041",34,444,478,351,829,0.576598311218335
"3362","2021-2022","CALIFORNIA","0691042",29,230,259,150,409,0.633251833740831
"3363","2021-2022","CALIFORNIA","0691043",3,94,97,84,181,0.535911602209945
"3364","2021-2022","CALIFORNIA","0691044",0,7,7,5,12,0.583333333333333
"3365","2021-2022","CALIFORNIA","0691045",101,874,975,549,1524,0.639763779527559
"3366","2021-2022","CALIFORNIA","0691046",9,51,60,35,95,0.631578947368421
"3367","2021-2022","CALIFORNIA","0691047",0,225,225,194,419,0.536992840095465
"3368","2021-2022","CALIFORNIA","0691048",20,280,300,238,538,0.557620817843866
"3369","2021-2022","CALIFORNIA","0691049",5,81,86,66,152,0.565789473684211
"3370","2021-2022","CALIFORNIA","0691051",2,170,172,151,323,0.532507739938081
"3371","2021-2022","CALIFORNIA","0691052",0,161,161,30,191,0.842931937172775
"3372","2021-2022","CALIFORNIA","0691058",0,0,0,0,0,NA
"3373","2021-2022","CALIFORNIA","0691063",7,277,284,236,520,0.546153846153846
"3374","2021-2022","CALIFORNIA","0691078",0,588,588,559,1147,0.512641673931997
"3375","2021-2022","CALIFORNIA","0691090",3,21,24,17,41,0.585365853658537
"3376","2021-2022","CALIFORNIA","0691093",0,0,0,0,0,NA
"3377","2021-2022","CALIFORNIA","0691102",0,6,6,5,11,0.545454545454545
"3378","2021-2022","CALIFORNIA","0691111",1,101,102,77,179,0.569832402234637
"3379","2021-2022","CALIFORNIA","0691120",0,0,0,0,0,NA
"3380","2021-2022","CALIFORNIA","0691122",3,91,94,84,178,0.528089887640449
"3381","2021-2022","CALIFORNIA","0691134",52,1192,1244,914,2158,0.57645968489342
"3382","2021-2022","CALIFORNIA","0691135",2982,12932,15914,8662,24576,0.647542317708333
"3383","2021-2022","CALIFORNIA","0691136",0,438,438,378,816,0.536764705882353
"3384","2021-2022","CALIFORNIA","0691137",8,153,161,136,297,0.542087542087542
"3385","2021-2022","COLORADO","0800001",5,50,55,0,55,1
"3386","2021-2022","COLORADO","0800004",6,9,15,0,15,1
"3387","2021-2022","COLORADO","0800016",96,403,499,0,499,1
"3388","2021-2022","COLORADO","0800017",88,299,387,0,387,1
"3389","2021-2022","COLORADO","0800018",33,60,93,0,93,1
"3390","2021-2022","COLORADO","0800019",2,23,25,0,25,1
"3391","2021-2022","COLORADO","0800020",1511,4677,6188,0,6188,1
"3392","2021-2022","COLORADO","0800023",17,83,100,0,100,1
"3393","2021-2022","COLORADO","0800282",0,5,5,0,5,1
"3394","2021-2022","COLORADO","0800286",0,0,0,0,0,NA
"3395","2021-2022","COLORADO","0800292",6,50,56,0,56,1
"3396","2021-2022","COLORADO","0801920",353,1892,2245,0,2245,1
"3397","2021-2022","COLORADO","0801950",825,3494,4319,0,4319,1
"3398","2021-2022","COLORADO","0801980",15,31,46,0,46,1
"3399","2021-2022","COLORADO","0802010",6,84,90,0,90,1
"3400","2021-2022","COLORADO","0802040",46,137,183,0,183,1
"3401","2021-2022","COLORADO","0802070",127,1054,1181,0,1181,1
"3402","2021-2022","COLORADO","0802130",13,99,112,0,112,1
"3403","2021-2022","COLORADO","0802190",115,631,746,0,746,1
"3404","2021-2022","COLORADO","0802220",10,29,39,0,39,1
"3405","2021-2022","COLORADO","0802260",19,29,48,0,48,1
"3406","2021-2022","COLORADO","0802280",0,0,0,0,0,NA
"3407","2021-2022","COLORADO","0802310",53,250,303,0,303,1
"3408","2021-2022","COLORADO","0802340",3326,23507,26833,0,26833,1
"3409","2021-2022","COLORADO","0802370",15,127,142,0,142,1
"3410","2021-2022","COLORADO","0802400",31,335,366,0,366,1
"3411","2021-2022","COLORADO","0802430",50,228,278,0,278,1
"3412","2021-2022","COLORADO","0802460",18,54,72,0,72,1
"3413","2021-2022","COLORADO","0802490",1013,4732,5745,0,5745,1
"3414","2021-2022","COLORADO","0802520",6,26,32,0,32,1
"3415","2021-2022","COLORADO","0802550",15,33,48,0,48,1
"3416","2021-2022","COLORADO","0802580",966,4920,5886,0,5886,1
"3417","2021-2022","COLORADO","0802610",133,528,661,0,661,1
"3418","2021-2022","COLORADO","0802640",33,160,193,0,193,1
"3419","2021-2022","COLORADO","0802670",98,350,448,0,448,1
"3420","2021-2022","COLORADO","0802700",47,98,145,0,145,1
"3421","2021-2022","COLORADO","0802730",36,170,206,0,206,1
"3422","2021-2022","COLORADO","0802760",3,19,22,0,22,1
"3423","2021-2022","COLORADO","0802790",224,1340,1564,0,1564,1
"3424","2021-2022","COLORADO","0802850",19,533,552,0,552,1
"3425","2021-2022","COLORADO","0802880",29,66,95,0,95,1
"3426","2021-2022","COLORADO","0802910",2894,11353,14247,0,14247,1
"3427","2021-2022","COLORADO","0802940",16,245,261,0,261,1
"3428","2021-2022","COLORADO","0803000",12,120,132,0,132,1
"3429","2021-2022","COLORADO","0803030",12,54,66,0,66,1
"3430","2021-2022","COLORADO","0803060",1863,10351,12214,0,12214,1
"3431","2021-2022","COLORADO","0803090",145,1420,1565,0,1565,1
"3432","2021-2022","COLORADO","0803120",29,91,120,0,120,1
"3433","2021-2022","COLORADO","0803150",6,25,31,0,31,1
"3434","2021-2022","COLORADO","0803180",17,133,150,0,150,1
"3435","2021-2022","COLORADO","0803210",42,242,284,0,284,1
"3436","2021-2022","COLORADO","0803240",4,61,65,0,65,1
"3437","2021-2022","COLORADO","0803270",14,102,116,0,116,1
"3438","2021-2022","COLORADO","0803300",23,146,169,0,169,1
"3439","2021-2022","COLORADO","0803330",300,1517,1817,0,1817,1
"3440","2021-2022","COLORADO","0803360",8526,44612,53138,0,53138,1
"3441","2021-2022","COLORADO","0803390",3,187,190,0,190,1
"3442","2021-2022","COLORADO","0803420",28,89,117,0,117,1
"3443","2021-2022","COLORADO","0803450",1586,5354,6940,0,6940,1
"3444","2021-2022","COLORADO","0803480",53,776,829,0,829,1
"3445","2021-2022","COLORADO","0803510",15,82,97,0,97,1
"3446","2021-2022","COLORADO","0803540",466,1194,1660,0,1660,1
"3447","2021-2022","COLORADO","0803600",119,436,555,0,555,1
"3448","2021-2022","COLORADO","0803630",9,34,43,0,43,1
"3449","2021-2022","COLORADO","0803690",7,60,67,0,67,1
"3450","2021-2022","COLORADO","0803720",64,275,339,0,339,1
"3451","2021-2022","COLORADO","0803750",49,371,420,0,420,1
"3452","2021-2022","COLORADO","0803780",200,1108,1308,0,1308,1
"3453","2021-2022","COLORADO","0803810",29,285,314,0,314,1
"3454","2021-2022","COLORADO","0803840",18,167,185,0,185,1
"3455","2021-2022","COLORADO","0803870",719,3123,3842,0,3842,1
"3456","2021-2022","COLORADO","0803930",8,49,57,0,57,1
"3457","2021-2022","COLORADO","0803960",49,515,564,0,564,1
"3458","2021-2022","COLORADO","0803990",1188,6775,7963,0,7963,1
"3459","2021-2022","COLORADO","0804020",231,997,1228,0,1228,1
"3460","2021-2022","COLORADO","0804050",181,1262,1443,0,1443,1
"3461","2021-2022","COLORADO","0804080",924,2340,3264,0,3264,1
"3462","2021-2022","COLORADO","0804110",52,142,194,0,194,1
"3463","2021-2022","COLORADO","0804140",9,190,199,0,199,1
"3464","2021-2022","COLORADO","0804200",115,585,700,0,700,1
"3465","2021-2022","COLORADO","0804230",10,95,105,0,105,1
"3466","2021-2022","COLORADO","0804260",563,1421,1984,0,1984,1
"3467","2021-2022","COLORADO","0804290",28,93,121,0,121,1
"3468","2021-2022","COLORADO","0804320",85,256,341,0,341,1
"3469","2021-2022","COLORADO","0804350",1742,7694,9436,0,9436,1
"3470","2021-2022","COLORADO","0804380",139,569,708,0,708,1
"3471","2021-2022","COLORADO","0804410",2286,11251,13537,0,13537,1
"3472","2021-2022","COLORADO","0804440",6,22,28,0,28,1
"3473","2021-2022","COLORADO","0804470",42,291,333,0,333,1
"3474","2021-2022","COLORADO","0804500",12,174,186,0,186,1
"3475","2021-2022","COLORADO","0804530",1173,6560,7733,0,7733,1
"3476","2021-2022","COLORADO","0804560",28,72,100,0,100,1
"3477","2021-2022","COLORADO","0804590",30,53,83,0,83,1
"3478","2021-2022","COLORADO","0804620",6,22,28,0,28,1
"3479","2021-2022","COLORADO","0804650",24,107,131,0,131,1
"3480","2021-2022","COLORADO","0804680",53,120,173,0,173,1
"3481","2021-2022","COLORADO","0804710",78,219,297,0,297,1
"3482","2021-2022","COLORADO","0804740",24,62,86,0,86,1
"3483","2021-2022","COLORADO","0804770",39,239,278,0,278,1
"3484","2021-2022","COLORADO","0804800",4248,16839,21087,0,21087,1
"3485","2021-2022","COLORADO","0804830",53,362,415,0,415,1
"3486","2021-2022","COLORADO","0804860",23,96,119,0,119,1
"3487","2021-2022","COLORADO","0804890",6,15,21,0,21,1
"3488","2021-2022","COLORADO","0804920",117,684,801,0,801,1
"3489","2021-2022","COLORADO","0804950",68,405,473,0,473,1
"3490","2021-2022","COLORADO","0804980",2,5,7,0,7,1
"3491","2021-2022","COLORADO","0805010",16,77,93,0,93,1
"3492","2021-2022","COLORADO","0805040",2,30,32,0,32,1
"3493","2021-2022","COLORADO","0805070",29,101,130,0,130,1
"3494","2021-2022","COLORADO","0805100",112,428,540,0,540,1
"3495","2021-2022","COLORADO","0805130",91,937,1028,0,1028,1
"3496","2021-2022","COLORADO","0805160",18,73,91,0,91,1
"3497","2021-2022","COLORADO","0805190",126,354,480,0,480,1
"3498","2021-2022","COLORADO","0805220",152,801,953,0,953,1
"3499","2021-2022","COLORADO","0805250",20,257,277,0,277,1
"3500","2021-2022","COLORADO","0805280",36,145,181,0,181,1
"3501","2021-2022","COLORADO","0805310",190,1556,1746,0,1746,1
"3502","2021-2022","COLORADO","0805340",1,26,27,0,27,1
"3503","2021-2022","COLORADO","0805370",1492,6807,8299,0,8299,1
"3504","2021-2022","COLORADO","0805400",648,3141,3789,0,3789,1
"3505","2021-2022","COLORADO","0805460",27,240,267,0,267,1
"3506","2021-2022","COLORADO","0805490",30,299,329,0,329,1
"3507","2021-2022","COLORADO","0805520",12,103,115,0,115,1
"3508","2021-2022","COLORADO","0805550",531,2545,3076,0,3076,1
"3509","2021-2022","COLORADO","0805580",26,74,100,0,100,1
"3510","2021-2022","COLORADO","0805610",28,220,248,0,248,1
"3511","2021-2022","COLORADO","0805640",13,69,82,0,82,1
"3512","2021-2022","COLORADO","0805670",38,116,154,0,154,1
"3513","2021-2022","COLORADO","0805700",24,151,175,0,175,1
"3514","2021-2022","COLORADO","0805730",210,683,893,0,893,1
"3515","2021-2022","COLORADO","0805760",85,560,645,0,645,1
"3516","2021-2022","COLORADO","0805790",424,2488,2912,0,2912,1
"3517","2021-2022","COLORADO","0805820",97,244,341,0,341,1
"3518","2021-2022","COLORADO","0805850",40,100,140,0,140,1
"3519","2021-2022","COLORADO","0805880",13,45,58,0,58,1
"3520","2021-2022","COLORADO","0805910",28,69,97,0,97,1
"3521","2021-2022","COLORADO","0805940",23,88,111,0,111,1
"3522","2021-2022","COLORADO","0805970",2,43,45,0,45,1
"3523","2021-2022","COLORADO","0806000",13,47,60,0,60,1
"3524","2021-2022","COLORADO","0806030",23,26,49,0,49,1
"3525","2021-2022","COLORADO","0806060",21,93,114,0,114,1
"3526","2021-2022","COLORADO","0806090",5,44,49,0,49,1
"3527","2021-2022","COLORADO","0806120",1141,9712,10853,0,10853,1
"3528","2021-2022","COLORADO","0806150",783,3663,4446,0,4446,1
"3529","2021-2022","COLORADO","0806180",42,145,187,0,187,1
"3530","2021-2022","COLORADO","0806210",6,44,50,0,50,1
"3531","2021-2022","COLORADO","0806240",0,1664,1664,0,1664,1
"3532","2021-2022","COLORADO","0806270",78,454,532,0,532,1
"3533","2021-2022","COLORADO","0806300",16,95,111,0,111,1
"3534","2021-2022","COLORADO","0806330",79,338,417,0,417,1
"3535","2021-2022","COLORADO","0806360",13,161,174,0,174,1
"3536","2021-2022","COLORADO","0806390",61,141,202,0,202,1
"3537","2021-2022","COLORADO","0806420",31,99,130,0,130,1
"3538","2021-2022","COLORADO","0806450",24,81,105,0,105,1
"3539","2021-2022","COLORADO","0806480",453,2859,3312,0,3312,1
"3540","2021-2022","COLORADO","0806510",14,61,75,0,75,1
"3541","2021-2022","COLORADO","0806540",99,935,1034,0,1034,1
"3542","2021-2022","COLORADO","0806570",12,45,57,0,57,1
"3543","2021-2022","COLORADO","0806600",32,120,152,0,152,1
"3544","2021-2022","COLORADO","0806630",28,135,163,0,163,1
"3545","2021-2022","COLORADO","0806660",7,91,98,0,98,1
"3546","2021-2022","COLORADO","0806690",211,757,968,0,968,1
"3547","2021-2022","COLORADO","0806720",12,24,36,0,36,1
"3548","2021-2022","COLORADO","0806750",64,207,271,0,271,1
"3549","2021-2022","COLORADO","0806780",31,68,99,0,99,1
"3550","2021-2022","COLORADO","0806810",339,614,953,0,953,1
"3551","2021-2022","COLORADO","0806840",27,104,131,0,131,1
"3552","2021-2022","COLORADO","0806870",39,127,166,0,166,1
"3553","2021-2022","COLORADO","0806900",3173,11067,14240,0,14240,1
"3554","2021-2022","COLORADO","0806930",2,31,33,0,33,1
"3555","2021-2022","COLORADO","0806960",70,484,554,0,554,1
"3556","2021-2022","COLORADO","0806990",7,62,69,0,69,1
"3557","2021-2022","COLORADO","0807050",14,49,63,0,63,1
"3558","2021-2022","COLORADO","0807080",19,390,409,0,409,1
"3559","2021-2022","COLORADO","0807110",21,60,81,0,81,1
"3560","2021-2022","COLORADO","0807140",19,56,75,0,75,1
"3561","2021-2022","COLORADO","0807200",22,128,150,0,150,1
"3562","2021-2022","COLORADO","0807230",1117,5212,6329,0,6329,1
"3563","2021-2022","COLORADO","0807260",30,81,111,0,111,1
"3564","2021-2022","COLORADO","0807290",61,199,260,0,260,1
"3565","2021-2022","COLORADO","0807320",18,75,93,0,93,1
"3566","2021-2022","COLORADO","0807350",202,806,1008,0,1008,1
"3567","2021-2022","COLORADO","0807380",61,408,469,0,469,1
"3568","2021-2022","COLORADO","0807410",3,26,29,0,29,1
"3569","2021-2022","COLORADO","0899200",0,0,0,0,0,NA
"3570","2021-2022","COLORADO","0899300",0,0,0,0,0,NA
"3571","2021-2022","CONNECTICUT","0900002",864,4324,5188,0,5188,1
"3572","2021-2022","CONNECTICUT","0900005",60,224,284,0,284,1
"3573","2021-2022","CONNECTICUT","0900007",11,101,112,0,112,1
"3574","2021-2022","CONNECTICUT","0900009",32,109,141,0,141,1
"3575","2021-2022","CONNECTICUT","0900010",41,152,193,0,193,1
"3576","2021-2022","CONNECTICUT","0900011",30,168,198,0,198,1
"3577","2021-2022","CONNECTICUT","0900014",17,132,149,0,149,1
"3578","2021-2022","CONNECTICUT","0900015",38,180,218,0,218,1
"3579","2021-2022","CONNECTICUT","0900016",24,110,134,0,134,1
"3580","2021-2022","CONNECTICUT","0900018",9,49,58,0,58,1
"3581","2021-2022","CONNECTICUT","0900024",72,650,722,0,722,1
"3582","2021-2022","CONNECTICUT","0900028",7,423,430,0,430,1
"3583","2021-2022","CONNECTICUT","0900030",5,28,33,0,33,1
"3584","2021-2022","CONNECTICUT","0900033",36,235,271,0,271,1
"3585","2021-2022","CONNECTICUT","0900060",239,1290,1529,0,1529,1
"3586","2021-2022","CONNECTICUT","0900070",119,542,661,0,661,1
"3587","2021-2022","CONNECTICUT","0900090",21,104,125,0,125,1
"3588","2021-2022","CONNECTICUT","0900120",63,230,293,0,293,1
"3589","2021-2022","CONNECTICUT","0900150",11,26,37,0,37,1
"3590","2021-2022","CONNECTICUT","0900207",51,305,356,0,356,1
"3591","2021-2022","CONNECTICUT","0900208",65,537,602,0,602,1
"3592","2021-2022","CONNECTICUT","0900210",125,443,568,0,568,1
"3593","2021-2022","CONNECTICUT","0900212",63,710,773,0,773,1
"3594","2021-2022","CONNECTICUT","0900214",45,458,503,0,503,1
"3595","2021-2022","CONNECTICUT","0900215",22,176,198,0,198,1
"3596","2021-2022","CONNECTICUT","0900216",15,105,120,0,120,1
"3597","2021-2022","CONNECTICUT","0900217",113,304,417,0,417,1
"3598","2021-2022","CONNECTICUT","0900219",53,341,394,0,394,1
"3599","2021-2022","CONNECTICUT","0900220",45,201,246,0,246,1
"3600","2021-2022","CONNECTICUT","0900221",71,433,504,0,504,1
"3601","2021-2022","CONNECTICUT","0900226",0,0,0,0,0,NA
"3602","2021-2022","CONNECTICUT","0900240",6,41,47,0,47,1
"3603","2021-2022","CONNECTICUT","0900270",225,703,928,0,928,1
"3604","2021-2022","CONNECTICUT","0900330",190,851,1041,0,1041,1
"3605","2021-2022","CONNECTICUT","0900360",32,145,177,0,177,1
"3606","2021-2022","CONNECTICUT","0900390",15,52,67,0,67,1
"3607","2021-2022","CONNECTICUT","0900420",195,688,883,0,883,1
"3608","2021-2022","CONNECTICUT","0900450",1682,10686,12368,0,12368,1
"3609","2021-2022","CONNECTICUT","0900510",448,3557,4005,0,4005,1
"3610","2021-2022","CONNECTICUT","0900540",140,399,539,0,539,1
"3611","2021-2022","CONNECTICUT","0900570",56,243,299,0,299,1
"3612","2021-2022","CONNECTICUT","0900630",5,17,22,0,22,1
"3613","2021-2022","CONNECTICUT","0900660",32,105,137,0,137,1
"3614","2021-2022","CONNECTICUT","0900690",5,269,274,0,274,1
"3615","2021-2022","CONNECTICUT","0900700",831,4611,5442,0,5442,1
"3616","2021-2022","CONNECTICUT","0900720",6,67,73,0,73,1
"3617","2021-2022","CONNECTICUT","0900750",151,461,612,0,612,1
"3618","2021-2022","CONNECTICUT","0900780",8,44,52,0,52,1
"3619","2021-2022","CONNECTICUT","0900810",129,417,546,0,546,1
"3620","2021-2022","CONNECTICUT","0900840",99,416,515,0,515,1
"3621","2021-2022","CONNECTICUT","0900870",2,19,21,0,21,1
"3622","2021-2022","CONNECTICUT","0900900",16,80,96,0,96,1
"3623","2021-2022","CONNECTICUT","0900910",84,130,214,0,214,1
"3624","2021-2022","CONNECTICUT","0900930",17,16,33,0,33,1
"3625","2021-2022","CONNECTICUT","0900960",92,256,348,0,348,1
"3626","2021-2022","CONNECTICUT","0900990",105,411,516,0,516,1
"3627","2021-2022","CONNECTICUT","0901020",1224,4836,6060,0,6060,1
"3628","2021-2022","CONNECTICUT","0901050",33,54,87,0,87,1
"3629","2021-2022","CONNECTICUT","0901080",16,57,73,0,73,1
"3630","2021-2022","CONNECTICUT","0901110",69,501,570,0,570,1
"3631","2021-2022","CONNECTICUT","0901170",0,172,172,0,172,1
"3632","2021-2022","CONNECTICUT","0901200",49,201,250,0,250,1
"3633","2021-2022","CONNECTICUT","0901230",77,299,376,0,376,1
"3634","2021-2022","CONNECTICUT","0901260",574,3231,3805,0,3805,1
"3635","2021-2022","CONNECTICUT","0901290",44,845,889,0,889,1
"3636","2021-2022","CONNECTICUT","0901320",119,428,547,0,547,1
"3637","2021-2022","CONNECTICUT","0901350",106,430,536,0,536,1
"3638","2021-2022","CONNECTICUT","0901360",11,84,95,0,95,1
"3639","2021-2022","CONNECTICUT","0901380",0,33,33,0,33,1
"3640","2021-2022","CONNECTICUT","0901410",22,78,100,0,100,1
"3641","2021-2022","CONNECTICUT","0901440",80,355,435,0,435,1
"3642","2021-2022","CONNECTICUT","0901470",373,1624,1997,0,1997,1
"3643","2021-2022","CONNECTICUT","0901500",17,51,68,0,68,1
"3644","2021-2022","CONNECTICUT","0901530",329,1036,1365,0,1365,1
"3645","2021-2022","CONNECTICUT","0901560",157,543,700,0,700,1
"3646","2021-2022","CONNECTICUT","0901590",0,25,25,0,25,1
"3647","2021-2022","CONNECTICUT","0901620",115,492,607,0,607,1
"3648","2021-2022","CONNECTICUT","0901680",40,222,262,0,262,1
"3649","2021-2022","CONNECTICUT","0901710",369,1117,1486,0,1486,1
"3650","2021-2022","CONNECTICUT","0901740",161,667,828,0,828,1
"3651","2021-2022","CONNECTICUT","0901770",437,1167,1604,0,1604,1
"3652","2021-2022","CONNECTICUT","0901800",111,258,369,0,369,1
"3653","2021-2022","CONNECTICUT","0901860",379,1672,2051,0,2051,1
"3654","2021-2022","CONNECTICUT","0901890",6,17,23,0,23,1
"3655","2021-2022","CONNECTICUT","0901920",462,11910,12372,0,12372,1
"3656","2021-2022","CONNECTICUT","0901950",12,15,27,0,27,1
"3657","2021-2022","CONNECTICUT","0902010",31,74,105,0,105,1
"3658","2021-2022","CONNECTICUT","0902040",15,36,51,0,51,1
"3659","2021-2022","CONNECTICUT","0902070",152,898,1050,0,1050,1
"3660","2021-2022","CONNECTICUT","0902130",55,226,281,0,281,1
"3661","2021-2022","CONNECTICUT","0902160",114,386,500,0,500,1
"3662","2021-2022","CONNECTICUT","0902190",26,125,151,0,151,1
"3663","2021-2022","CONNECTICUT","0902220",34,116,150,0,150,1
"3664","2021-2022","CONNECTICUT","0902280",22,63,85,0,85,1
"3665","2021-2022","CONNECTICUT","0902310",500,2840,3340,0,3340,1
"3666","2021-2022","CONNECTICUT","0902340",31,249,280,0,280,1
"3667","2021-2022","CONNECTICUT","0902370",12,58,70,0,70,1
"3668","2021-2022","CONNECTICUT","0902400",1058,4554,5612,0,5612,1
"3669","2021-2022","CONNECTICUT","0902490",217,1353,1570,0,1570,1
"3670","2021-2022","CONNECTICUT","0902520",307,1139,1446,0,1446,1
"3671","2021-2022","CONNECTICUT","0902550",70,259,329,0,329,1
"3672","2021-2022","CONNECTICUT","0902580",175,622,797,0,797,1
"3673","2021-2022","CONNECTICUT","0902640",381,1865,2246,0,2246,1
"3674","2021-2022","CONNECTICUT","0902670",765,5974,6739,0,6739,1
"3675","2021-2022","CONNECTICUT","0902700",0,0,0,0,0,NA
"3676","2021-2022","CONNECTICUT","0902730",83,229,312,0,312,1
"3677","2021-2022","CONNECTICUT","0902760",12,70,82,0,82,1
"3678","2021-2022","CONNECTICUT","0902790",1488,10965,12453,0,12453,1
"3679","2021-2022","CONNECTICUT","0902820",187,2297,2484,0,2484,1
"3680","2021-2022","CONNECTICUT","0902850",254,914,1168,0,1168,1
"3681","2021-2022","CONNECTICUT","0902880",293,1004,1297,0,1297,1
"3682","2021-2022","CONNECTICUT","0902910",115,385,500,0,500,1
"3683","2021-2022","CONNECTICUT","0902940",4,19,23,0,23,1
"3684","2021-2022","CONNECTICUT","0902970",56,271,327,0,327,1
"3685","2021-2022","CONNECTICUT","0903000",16,74,90,0,90,1
"3686","2021-2022","CONNECTICUT","0903030",154,509,663,0,663,1
"3687","2021-2022","CONNECTICUT","0903060",43,107,150,0,150,1
"3688","2021-2022","CONNECTICUT","0903090",1101,5105,6206,0,6206,1
"3689","2021-2022","CONNECTICUT","0903120",268,1583,1851,0,1851,1
"3690","2021-2022","CONNECTICUT","0903180",68,215,283,0,283,1
"3691","2021-2022","CONNECTICUT","0903210",38,126,164,0,164,1
"3692","2021-2022","CONNECTICUT","0903240",32,191,223,0,223,1
"3693","2021-2022","CONNECTICUT","0903270",190,881,1071,0,1071,1
"3694","2021-2022","CONNECTICUT","0903300",214,700,914,0,914,1
"3695","2021-2022","CONNECTICUT","0903330",117,437,554,0,554,1
"3696","2021-2022","CONNECTICUT","0903360",13,64,77,0,77,1
"3697","2021-2022","CONNECTICUT","0903390",49,248,297,0,297,1
"3698","2021-2022","CONNECTICUT","0903420",25,59,84,0,84,1
"3699","2021-2022","CONNECTICUT","0903450",106,608,714,0,714,1
"3700","2021-2022","CONNECTICUT","0903480",92,474,566,0,566,1
"3701","2021-2022","CONNECTICUT","0903510",15,67,82,0,82,1
"3702","2021-2022","CONNECTICUT","0903515",31,132,163,0,163,1
"3703","2021-2022","CONNECTICUT","0903520",51,248,299,0,299,1
"3704","2021-2022","CONNECTICUT","0903530",42,128,170,0,170,1
"3705","2021-2022","CONNECTICUT","0903535",53,173,226,0,226,1
"3706","2021-2022","CONNECTICUT","0903536",90,248,338,0,338,1
"3707","2021-2022","CONNECTICUT","0903537",75,325,400,0,400,1
"3708","2021-2022","CONNECTICUT","0903538",112,290,402,0,402,1
"3709","2021-2022","CONNECTICUT","0903539",47,163,210,0,210,1
"3710","2021-2022","CONNECTICUT","0903540",29,157,186,0,186,1
"3711","2021-2022","CONNECTICUT","0903570",17,85,102,0,102,1
"3712","2021-2022","CONNECTICUT","0903600",15,104,119,0,119,1
"3713","2021-2022","CONNECTICUT","0903630",44,134,178,0,178,1
"3714","2021-2022","CONNECTICUT","0903660",68,244,312,0,312,1
"3715","2021-2022","CONNECTICUT","0903720",38,126,164,0,164,1
"3716","2021-2022","CONNECTICUT","0903750",40,153,193,0,193,1
"3717","2021-2022","CONNECTICUT","0903780",15,70,85,0,85,1
"3718","2021-2022","CONNECTICUT","0903810",75,267,342,0,342,1
"3719","2021-2022","CONNECTICUT","0903840",69,398,467,0,467,1
"3720","2021-2022","CONNECTICUT","0903900",17,54,71,0,71,1
"3721","2021-2022","CONNECTICUT","0903930",11,40,51,0,51,1
"3722","2021-2022","CONNECTICUT","0903960",12,25,37,0,37,1
"3723","2021-2022","CONNECTICUT","0903990",178,584,762,0,762,1
"3724","2021-2022","CONNECTICUT","0904020",14,26,40,0,40,1
"3725","2021-2022","CONNECTICUT","0904050",268,1001,1269,0,1269,1
"3726","2021-2022","CONNECTICUT","0904080",3,4,7,0,7,1
"3727","2021-2022","CONNECTICUT","0904110",83,481,564,0,564,1
"3728","2021-2022","CONNECTICUT","0904140",5,66,71,0,71,1
"3729","2021-2022","CONNECTICUT","0904170",196,579,775,0,775,1
"3730","2021-2022","CONNECTICUT","0904230",293,1067,1360,0,1360,1
"3731","2021-2022","CONNECTICUT","0904260",14,160,174,0,174,1
"3732","2021-2022","CONNECTICUT","0904290",69,341,410,0,410,1
"3733","2021-2022","CONNECTICUT","0904320",1423,7207,8630,0,8630,1
"3734","2021-2022","CONNECTICUT","0904350",15,103,118,0,118,1
"3735","2021-2022","CONNECTICUT","0904380",73,340,413,0,413,1
"3736","2021-2022","CONNECTICUT","0904440",532,2748,3280,0,3280,1
"3737","2021-2022","CONNECTICUT","0904470",80,234,314,0,314,1
"3738","2021-2022","CONNECTICUT","0904500",50,222,272,0,272,1
"3739","2021-2022","CONNECTICUT","0904530",70,320,390,0,390,1
"3740","2021-2022","CONNECTICUT","0904560",78,242,320,0,320,1
"3741","2021-2022","CONNECTICUT","0904590",481,1900,2381,0,2381,1
"3742","2021-2022","CONNECTICUT","0904620",311,825,1136,0,1136,1
"3743","2021-2022","CONNECTICUT","0904650",0,5,5,0,5,1
"3744","2021-2022","CONNECTICUT","0904680",272,1389,1661,0,1661,1
"3745","2021-2022","CONNECTICUT","0904710",22,59,81,0,81,1
"3746","2021-2022","CONNECTICUT","0904740",347,1277,1624,0,1624,1
"3747","2021-2022","CONNECTICUT","0904830",342,11974,12316,0,12316,1
"3748","2021-2022","CONNECTICUT","0904860",139,473,612,0,612,1
"3749","2021-2022","CONNECTICUT","0904890",212,684,896,0,896,1
"3750","2021-2022","CONNECTICUT","0904920",430,1774,2204,0,2204,1
"3751","2021-2022","CONNECTICUT","0904950",464,2701,3165,0,3165,1
"3752","2021-2022","CONNECTICUT","0904980",57,170,227,0,227,1
"3753","2021-2022","CONNECTICUT","0905010",8,24,32,0,32,1
"3754","2021-2022","CONNECTICUT","0905040",30,105,135,0,135,1
"3755","2021-2022","CONNECTICUT","0905070",218,787,1005,0,1005,1
"3756","2021-2022","CONNECTICUT","0905100",20,138,158,0,158,1
"3757","2021-2022","CONNECTICUT","0905130",3,244,247,0,247,1
"3758","2021-2022","CONNECTICUT","0905160",62,273,335,0,335,1
"3759","2021-2022","CONNECTICUT","0905190",234,1870,2104,0,2104,1
"3760","2021-2022","CONNECTICUT","0905220",257,1039,1296,0,1296,1
"3761","2021-2022","CONNECTICUT","0905250",107,520,627,0,627,1
"3762","2021-2022","CONNECTICUT","0905280",140,457,597,0,597,1
"3763","2021-2022","CONNECTICUT","0905310",16,89,105,0,105,1
"3764","2021-2022","CONNECTICUT","0905370",32,123,155,0,155,1
"3765","2021-2022","CONNECTICUT","0905371",191,873,1064,0,1064,1
"3766","2021-2022","CONNECTICUT","0905372",56,155,211,0,211,1
"3767","2021-2022","CONNECTICUT","0905373",0,25,25,0,25,1
"3768","2021-2022","DELAWARE","1000004",0,0,0,43,43,0
"3769","2021-2022","DELAWARE","1000005",0,0,0,38,38,0
"3770","2021-2022","DELAWARE","1000006",0,0,0,335,335,0
"3771","2021-2022","DELAWARE","1000007",0,0,0,158,158,0
"3772","2021-2022","DELAWARE","1000010",0,0,0,461,461,0
"3773","2021-2022","DELAWARE","1000011",0,0,0,55,55,0
"3774","2021-2022","DELAWARE","1000014",0,0,0,342,342,0
"3775","2021-2022","DELAWARE","1000015",0,0,0,150,150,0
"3776","2021-2022","DELAWARE","1000016",0,0,0,36,36,0
"3777","2021-2022","DELAWARE","1000017",0,0,0,158,158,0
"3778","2021-2022","DELAWARE","1000018",0,0,0,98,98,0
"3779","2021-2022","DELAWARE","1000019",0,0,0,80,80,0
"3780","2021-2022","DELAWARE","1000024",0,0,0,282,282,0
"3781","2021-2022","DELAWARE","1000026",0,0,0,201,201,0
"3782","2021-2022","DELAWARE","1000050",0,0,0,295,295,0
"3783","2021-2022","DELAWARE","1000052",0,0,0,67,67,0
"3784","2021-2022","DELAWARE","1000053",0,0,0,232,232,0
"3785","2021-2022","DELAWARE","1000054",0,0,0,53,53,0
"3786","2021-2022","DELAWARE","1000055",0,0,0,83,83,0
"3787","2021-2022","DELAWARE","1000057",0,0,0,69,69,0
"3788","2021-2022","DELAWARE","1000059",0,0,0,196,196,0
"3789","2021-2022","DELAWARE","1000062",0,0,0,150,150,0
"3790","2021-2022","DELAWARE","1000063",0,0,0,96,96,0
"3791","2021-2022","DELAWARE","1000080",0,0,0,1174,1174,0
"3792","2021-2022","DELAWARE","1000170",0,0,0,1043,1043,0
"3793","2021-2022","DELAWARE","1000180",0,0,0,1852,1852,0
"3794","2021-2022","DELAWARE","1000190",0,0,0,2448,2448,0
"3795","2021-2022","DELAWARE","1000200",0,0,0,4281,4281,0
"3796","2021-2022","DELAWARE","1000230",0,0,0,2853,2853,0
"3797","2021-2022","DELAWARE","1000270",0,0,0,150,150,0
"3798","2021-2022","DELAWARE","1000680",0,0,0,2342,2342,0
"3799","2021-2022","DELAWARE","1000750",0,0,0,168,168,0
"3800","2021-2022","DELAWARE","1000790",0,0,0,1063,1063,0
"3801","2021-2022","DELAWARE","1000810",0,0,0,921,921,0
"3802","2021-2022","DELAWARE","1001080",0,0,0,1264,1264,0
"3803","2021-2022","DELAWARE","1001240",0,0,0,2398,2398,0
"3804","2021-2022","DELAWARE","1001280",0,0,0,1114,1114,0
"3805","2021-2022","DELAWARE","1001300",0,0,0,3999,3999,0
"3806","2021-2022","DELAWARE","1001530",0,0,0,1174,1174,0
"3807","2021-2022","DELAWARE","1001620",0,0,0,1081,1081,0
"3808","2021-2022","DELAWARE","1001680",0,0,0,233,233,0
"3809","2021-2022","DELAWARE","1001850",0,0,0,807,807,0
"3810","2021-2022","DISTRICT OF COLUMBIA","1100005",0,0,0,252,252,0
"3811","2021-2022","DISTRICT OF COLUMBIA","1100008",0,0,0,3183,3183,0
"3812","2021-2022","DISTRICT OF COLUMBIA","1100009",0,0,0,91,91,0
"3813","2021-2022","DISTRICT OF COLUMBIA","1100011",0,0,0,253,253,0
"3814","2021-2022","DISTRICT OF COLUMBIA","1100013",0,0,0,223,223,0
"3815","2021-2022","DISTRICT OF COLUMBIA","1100014",0,0,0,128,128,0
"3816","2021-2022","DISTRICT OF COLUMBIA","1100015",0,0,0,357,357,0
"3817","2021-2022","DISTRICT OF COLUMBIA","1100019",0,0,0,68,68,0
"3818","2021-2022","DISTRICT OF COLUMBIA","1100020",0,0,0,71,71,0
"3819","2021-2022","DISTRICT OF COLUMBIA","1100022",0,0,0,165,165,0
"3820","2021-2022","DISTRICT OF COLUMBIA","1100029",0,0,0,367,367,0
"3821","2021-2022","DISTRICT OF COLUMBIA","1100030",0,0,0,21036,21036,0
"3822","2021-2022","DISTRICT OF COLUMBIA","1100031",0,0,0,4366,4366,0
"3823","2021-2022","DISTRICT OF COLUMBIA","1100032",0,0,0,38,38,0
"3824","2021-2022","DISTRICT OF COLUMBIA","1100034",0,0,0,197,197,0
"3825","2021-2022","DISTRICT OF COLUMBIA","1100035",0,0,0,330,330,0
"3826","2021-2022","DISTRICT OF COLUMBIA","1100039",0,0,0,352,352,0
"3827","2021-2022","DISTRICT OF COLUMBIA","1100042",0,0,0,67,67,0
"3828","2021-2022","DISTRICT OF COLUMBIA","1100043",0,0,0,487,487,0
"3829","2021-2022","DISTRICT OF COLUMBIA","1100044",0,0,0,195,195,0
"3830","2021-2022","DISTRICT OF COLUMBIA","1100045",0,0,0,247,247,0
"3831","2021-2022","DISTRICT OF COLUMBIA","1100048",0,0,0,1241,1241,0
"3832","2021-2022","DISTRICT OF COLUMBIA","1100049",0,0,0,380,380,0
"3833","2021-2022","DISTRICT OF COLUMBIA","1100051",0,0,0,192,192,0
"3834","2021-2022","DISTRICT OF COLUMBIA","1100054",0,0,0,299,299,0
"3835","2021-2022","DISTRICT OF COLUMBIA","1100055",0,0,0,136,136,0
"3836","2021-2022","DISTRICT OF COLUMBIA","1100057",0,0,0,174,174,0
"3837","2021-2022","DISTRICT OF COLUMBIA","1100058",0,0,0,160,160,0
"3838","2021-2022","DISTRICT OF COLUMBIA","1100064",0,0,0,125,125,0
"3839","2021-2022","DISTRICT OF COLUMBIA","1100072",0,0,0,164,164,0
"3840","2021-2022","DISTRICT OF COLUMBIA","1100073",0,0,0,674,674,0
"3841","2021-2022","DISTRICT OF COLUMBIA","1100077",0,0,0,43,43,0
"3842","2021-2022","DISTRICT OF COLUMBIA","1100080",0,0,0,82,82,0
"3843","2021-2022","DISTRICT OF COLUMBIA","1100081",0,0,0,85,85,0
"3844","2021-2022","DISTRICT OF COLUMBIA","1100082",0,0,0,178,178,0
"3845","2021-2022","DISTRICT OF COLUMBIA","1100083",0,0,0,33,33,0
"3846","2021-2022","DISTRICT OF COLUMBIA","1100084",0,0,0,168,168,0
"3847","2021-2022","DISTRICT OF COLUMBIA","1100085",0,0,0,360,360,0
"3848","2021-2022","DISTRICT OF COLUMBIA","1100086",0,0,0,137,137,0
"3849","2021-2022","DISTRICT OF COLUMBIA","1100087",0,0,0,20,20,0
"3850","2021-2022","DISTRICT OF COLUMBIA","1100088",0,0,0,45,45,0
"3851","2021-2022","DISTRICT OF COLUMBIA","1100090",0,0,0,587,587,0
"3852","2021-2022","DISTRICT OF COLUMBIA","1100093",0,0,0,83,83,0
"3853","2021-2022","DISTRICT OF COLUMBIA","1100096",0,0,0,108,108,0
"3854","2021-2022","DISTRICT OF COLUMBIA","1100097",0,0,0,242,242,0
"3855","2021-2022","DISTRICT OF COLUMBIA","1100099",0,0,0,238,238,0
"3856","2021-2022","DISTRICT OF COLUMBIA","1100100",0,0,0,76,76,0
"3857","2021-2022","DISTRICT OF COLUMBIA","1100101",0,0,0,167,167,0
"3858","2021-2022","DISTRICT OF COLUMBIA","1100102",0,0,0,147,147,0
"3859","2021-2022","DISTRICT OF COLUMBIA","1100103",0,0,0,189,189,0
"3860","2021-2022","DISTRICT OF COLUMBIA","1100104",0,0,0,71,71,0
"3861","2021-2022","DISTRICT OF COLUMBIA","1100105",0,0,0,358,358,0
"3862","2021-2022","DISTRICT OF COLUMBIA","1100106",0,0,0,1167,1167,0
"3863","2021-2022","DISTRICT OF COLUMBIA","1100109",0,0,0,330,330,0
"3864","2021-2022","DISTRICT OF COLUMBIA","1100110",0,0,0,129,129,0
"3865","2021-2022","DISTRICT OF COLUMBIA","1100111",0,0,0,51,51,0
"3866","2021-2022","DISTRICT OF COLUMBIA","1100112",0,0,0,37,37,0
"3867","2021-2022","DISTRICT OF COLUMBIA","1100113",0,0,0,79,79,0
"3868","2021-2022","DISTRICT OF COLUMBIA","1100114",0,0,0,47,47,0
"3869","2021-2022","DISTRICT OF COLUMBIA","1100115",0,0,0,62,62,0
"3870","2021-2022","DISTRICT OF COLUMBIA","1100116",0,0,0,14,14,0
"3871","2021-2022","DISTRICT OF COLUMBIA","1100117",0,0,0,6,6,0
"3872","2021-2022","FLORIDA","1200002",1519,1743,3262,0,3262,1
"3873","2021-2022","FLORIDA","1200030",602,13442,14044,13433,27477,0.51111838992612
"3874","2021-2022","FLORIDA","1200060",10,2512,2522,2512,5034,0.500993245927692
"3875","2021-2022","FLORIDA","1200090",225,11763,11988,11734,23722,0.505353680128151
"3876","2021-2022","FLORIDA","1200120",12,1729,1741,1729,3470,0.501729106628242
"3877","2021-2022","FLORIDA","1200150",2455,32516,34971,28587,63558,0.550221844614368
"3878","2021-2022","FLORIDA","1200180",9670,117994,127664,105442,233106,0.547665010767634
"3879","2021-2022","FLORIDA","1200210",0,1209,1209,1209,2418,0.5
"3880","2021-2022","FLORIDA","1200240",369,7558,7927,7503,15430,0.513739468567725
"3881","2021-2022","FLORIDA","1200270",1081,9991,11072,8846,19918,0.555879104327744
"3882","2021-2022","FLORIDA","1200300",542,19769,20311,19543,39854,0.50963516836453
"3883","2021-2022","FLORIDA","1200330",2201,28354,30555,21606,52161,0.585782481164088
"3884","2021-2022","FLORIDA","1200360",77,5637,5714,5633,11347,0.503569225345906
"3885","2021-2022","FLORIDA","1200390",24010,216832,240842,160312,401154,0.600372924113931
"3886","2021-2022","FLORIDA","1200420",88,2858,2946,2858,5804,0.507580978635424
"3887","2021-2022","FLORIDA","1200450",49,1487,1536,1487,3023,0.508104531921932
"3888","2021-2022","FLORIDA","1200480",610,64411,65021,62440,127461,0.510124665583983
"3889","2021-2022","FLORIDA","1200510",554,20372,20926,19573,40499,0.516704116151016
"3890","2021-2022","FLORIDA","1200540",359,6393,6752,5613,12365,0.546057420137485
"3891","2021-2022","FLORIDA","1200570",0,684,684,684,1368,0.5
"3892","2021-2022","FLORIDA","1200600",134,4014,4148,4012,8160,0.508333333333333
"3893","2021-2022","FLORIDA","1200630",46,1401,1447,1401,2848,0.508075842696629
"3894","2021-2022","FLORIDA","1200660",29,816,845,816,1661,0.508729680915111
"3895","2021-2022","FLORIDA","1200690",29,934,963,934,1897,0.50764364786505
"3896","2021-2022","FLORIDA","1200720",10,1241,1251,1241,2492,0.502006420545746
"3897","2021-2022","FLORIDA","1200750",95,2834,2929,2834,5763,0.508242234947076
"3898","2021-2022","FLORIDA","1200780",1128,7788,8916,4998,13914,0.640793445450625
"3899","2021-2022","FLORIDA","1200810",532,13056,13588,13056,26644,0.509983485963069
"3900","2021-2022","FLORIDA","1200840",225,7882,8107,7882,15989,0.507036087310026
"3901","2021-2022","FLORIDA","1200870",11823,111693,123516,100832,224348,0.550555387166367
"3902","2021-2022","FLORIDA","1200900",41,1810,1851,1810,3661,0.50559956296094
"3903","2021-2022","FLORIDA","1200930",118,8627,8745,7695,16440,0.531934306569343
"3904","2021-2022","FLORIDA","1200960",83,3193,3276,3193,6469,0.506415211006338
"3905","2021-2022","FLORIDA","1200990",6,507,513,507,1020,0.502941176470588
"3906","2021-2022","FLORIDA","1201020",0,665,665,665,1330,0.5
"3907","2021-2022","FLORIDA","1201050",172,19677,19849,19576,39425,0.503462270133164
"3908","2021-2022","FLORIDA","1201080",525,46702,47227,45823,93050,0.507544331004836
"3909","2021-2022","FLORIDA","1201110",516,14190,14706,12744,27450,0.535737704918033
"3910","2021-2022","FLORIDA","1201140",49,3634,3683,3634,7317,0.503348366817001
"3911","2021-2022","FLORIDA","1201170",0,660,660,660,1320,0.5
"3912","2021-2022","FLORIDA","1201200",0,1262,1262,1262,2524,0.5
"3913","2021-2022","FLORIDA","1201230",1470,22651,24121,21852,45973,0.524677528114328
"3914","2021-2022","FLORIDA","1201260",1206,25551,26757,24981,51738,0.517163400208744
"3915","2021-2022","FLORIDA","1201290",373,7941,8314,7772,16086,0.516846947656347
"3916","2021-2022","FLORIDA","1201320",133,2447,2580,2251,4831,0.534050921134341
"3917","2021-2022","FLORIDA","1201350",520,4169,4689,3876,8565,0.547460595446585
"3918","2021-2022","FLORIDA","1201380",1682,11472,13154,8989,22143,0.594047780336901
"3919","2021-2022","FLORIDA","1201410",106,3832,3938,3780,7718,0.510235812386629
"3920","2021-2022","FLORIDA","1201440",3294,88807,92101,87463,179564,0.512914615401751
"3921","2021-2022","FLORIDA","1201470",1591,35762,37353,34730,72083,0.518194303788688
"3922","2021-2022","FLORIDA","1201500",10155,109696,119851,81002,200853,0.596710031714737
"3923","2021-2022","FLORIDA","1201530",4421,37164,41585,35601,77186,0.538763506335346
"3924","2021-2022","FLORIDA","1201560",2177,44207,46384,43766,90150,0.514520244037715
"3925","2021-2022","FLORIDA","1201590",513,60255,60768,59597,120365,0.504864370871931
"3926","2021-2022","FLORIDA","1201620",63,6939,7002,6939,13941,0.502259522272434
"3927","2021-2022","FLORIDA","1201650",1698,10598,12296,7628,19924,0.617145151575989
"3928","2021-2022","FLORIDA","1201680",2464,17895,20359,15267,35626,0.571464660641105
"3929","2021-2022","FLORIDA","1201710",1275,31811,33086,30950,64036,0.516678118558311
"3930","2021-2022","FLORIDA","1201740",511,6390,6901,6284,13185,0.523397800530906
"3931","2021-2022","FLORIDA","1201770",1697,23795,25492,22422,47914,0.532036565513211
"3932","2021-2022","FLORIDA","1201800",45,957,1002,898,1900,0.527368421052632
"3933","2021-2022","FLORIDA","1201830",106,3342,3448,3342,6790,0.50780559646539
"3934","2021-2022","FLORIDA","1201860",50,1766,1816,1766,3582,0.506979341150195
"3935","2021-2022","FLORIDA","1201890",37,990,1027,990,2017,0.509172037679722
"3936","2021-2022","FLORIDA","1201920",2350,36279,38629,32044,70673,0.546587805809857
"3937","2021-2022","FLORIDA","1201950",120,2048,2168,2048,4216,0.514231499051233
"3938","2021-2022","FLORIDA","1201980",380,4244,4624,3771,8395,0.55080405002978
"3939","2021-2022","FLORIDA","1202010",56,1871,1927,1871,3798,0.507372301211164
"3940","2021-2022","FLORIDA","1202012",205,711,916,431,1347,0.680029695619896
"3941","2021-2022","FLORIDA","1202013",122,614,736,518,1254,0.586921850079745
"3942","2021-2022","FLORIDA","1202014",0,616,616,613,1229,0.501220504475183
"3943","2021-2022","FLORIDA","1202015",104,332,436,301,737,0.591587516960651
"3944","2021-2022","FLORIDA","1202016",7,376,383,54,437,0.876430205949657
"3945","2021-2022","GEORGIA","1300001",0,0,0,4740,4740,0
"3946","2021-2022","GEORGIA","1300005",0,0,0,9,9,0
"3947","2021-2022","GEORGIA","1300023",0,0,0,51,51,0
"3948","2021-2022","GEORGIA","1300025",0,0,0,0,0,NA
"3949","2021-2022","GEORGIA","1300026",0,0,0,60,60,0
"3950","2021-2022","GEORGIA","1300027",0,0,0,0,0,NA
"3951","2021-2022","GEORGIA","1300060",0,0,0,1342,1342,0
"3952","2021-2022","GEORGIA","1300090",0,0,0,719,719,0
"3953","2021-2022","GEORGIA","1300120",0,0,0,4163,4163,0
"3954","2021-2022","GEORGIA","1300150",0,0,0,736,736,0
"3955","2021-2022","GEORGIA","1300180",0,0,0,82,82,0
"3956","2021-2022","GEORGIA","1300210",0,0,0,2077,2077,0
"3957","2021-2022","GEORGIA","1300214",0,0,0,3,3,0
"3958","2021-2022","GEORGIA","1300217",0,0,0,88,88,0
"3959","2021-2022","GEORGIA","1300218",0,0,0,204,204,0
"3960","2021-2022","GEORGIA","1300221",0,0,0,392,392,0
"3961","2021-2022","GEORGIA","1300222",0,0,0,26,26,0
"3962","2021-2022","GEORGIA","1300226",0,0,0,207,207,0
"3963","2021-2022","GEORGIA","1300227",0,0,0,1144,1144,0
"3964","2021-2022","GEORGIA","1300230",0,0,0,14,14,0
"3965","2021-2022","GEORGIA","1300232",0,0,0,3,3,0
"3966","2021-2022","GEORGIA","1300233",0,0,0,213,213,0
"3967","2021-2022","GEORGIA","1300234",0,0,0,3,3,0
"3968","2021-2022","GEORGIA","1300235",0,0,0,52,52,0
"3969","2021-2022","GEORGIA","1300236",0,0,0,128,128,0
"3970","2021-2022","GEORGIA","1300237",0,0,0,613,613,0
"3971","2021-2022","GEORGIA","1300238",0,0,0,3,3,0
"3972","2021-2022","GEORGIA","1300239",0,0,0,392,392,0
"3973","2021-2022","GEORGIA","1300240",0,0,0,583,583,0
"3974","2021-2022","GEORGIA","1300241",0,0,0,30,30,0
"3975","2021-2022","GEORGIA","1300242",0,0,0,48,48,0
"3976","2021-2022","GEORGIA","1300243",0,0,0,200,200,0
"3977","2021-2022","GEORGIA","1300244",0,0,0,107,107,0
"3978","2021-2022","GEORGIA","1300245",0,0,0,3,3,0
"3979","2021-2022","GEORGIA","1300246",0,0,0,161,161,0
"3980","2021-2022","GEORGIA","1300247",0,0,0,135,135,0
"3981","2021-2022","GEORGIA","1300248",0,0,0,105,105,0
"3982","2021-2022","GEORGIA","1300249",0,0,0,112,112,0
"3983","2021-2022","GEORGIA","1300250",0,0,0,3,3,0
"3984","2021-2022","GEORGIA","1300251",0,0,0,60,60,0
"3985","2021-2022","GEORGIA","1300252",0,0,0,3,3,0
"3986","2021-2022","GEORGIA","1300253",0,0,0,170,170,0
"3987","2021-2022","GEORGIA","1300254",0,0,0,88,88,0
"3988","2021-2022","GEORGIA","1300255",0,0,0,181,181,0
"3989","2021-2022","GEORGIA","1300256",0,0,0,456,456,0
"3990","2021-2022","GEORGIA","1300257",0,0,0,3,3,0
"3991","2021-2022","GEORGIA","1300258",0,0,0,195,195,0
"3992","2021-2022","GEORGIA","1300259",0,0,0,3,3,0
"3993","2021-2022","GEORGIA","1300261",0,0,0,3,3,0
"3994","2021-2022","GEORGIA","1300262",0,0,0,3,3,0
"3995","2021-2022","GEORGIA","1300263",0,0,0,3,3,0
"3996","2021-2022","GEORGIA","1300264",0,0,0,35,35,0
"3997","2021-2022","GEORGIA","1300290",0,0,0,2885,2885,0
"3998","2021-2022","GEORGIA","1300330",0,0,0,3554,3554,0
"3999","2021-2022","GEORGIA","1300360",0,0,0,984,984,0
"4000","2021-2022","GEORGIA","1300390",0,0,0,935,935,0
"4001","2021-2022","GEORGIA","1300420",0,0,0,12334,12334,0
"4002","2021-2022","GEORGIA","1300440",0,0,0,792,792,0
"4003","2021-2022","GEORGIA","1300480",0,0,0,1246,1246,0
"4004","2021-2022","GEORGIA","1300510",0,0,0,207,207,0
"4005","2021-2022","GEORGIA","1300540",0,0,0,1148,1148,0
"4006","2021-2022","GEORGIA","1300570",0,0,0,797,797,0
"4007","2021-2022","GEORGIA","1300600",0,0,0,543,543,0
"4008","2021-2022","GEORGIA","1300630",0,0,0,4273,4273,0
"4009","2021-2022","GEORGIA","1300660",0,0,0,1868,1868,0
"4010","2021-2022","GEORGIA","1300690",0,0,0,1388,1388,0
"4011","2021-2022","GEORGIA","1300720",0,0,0,738,738,0
"4012","2021-2022","GEORGIA","1300750",0,0,0,290,290,0
"4013","2021-2022","GEORGIA","1300780",0,0,0,1917,1917,0
"4014","2021-2022","GEORGIA","1300810",0,0,0,924,924,0
"4015","2021-2022","GEORGIA","1300840",0,0,0,4311,4311,0
"4016","2021-2022","GEORGIA","1300870",0,0,0,1266,1266,0
"4017","2021-2022","GEORGIA","1300900",0,0,0,958,958,0
"4018","2021-2022","GEORGIA","1300930",0,0,0,2418,2418,0
"4019","2021-2022","GEORGIA","1300990",0,0,0,532,532,0
"4020","2021-2022","GEORGIA","1301020",0,0,0,14595,14595,0
"4021","2021-2022","GEORGIA","1301050",0,0,0,252,252,0
"4022","2021-2022","GEORGIA","1301080",0,0,0,932,932,0
"4023","2021-2022","GEORGIA","1301110",0,0,0,3735,3735,0
"4024","2021-2022","GEORGIA","1301140",0,0,0,90,90,0
"4025","2021-2022","GEORGIA","1301170",0,0,0,5434,5434,0
"4026","2021-2022","GEORGIA","1301200",0,0,0,151,151,0
"4027","2021-2022","GEORGIA","1301230",0,0,0,19750,19750,0
"4028","2021-2022","GEORGIA","1301260",0,0,0,415,415,0
"4029","2021-2022","GEORGIA","1301290",0,0,0,19775,19775,0
"4030","2021-2022","GEORGIA","1301350",0,0,0,4015,4015,0
"4031","2021-2022","GEORGIA","1301380",0,0,0,3969,3969,0
"4032","2021-2022","GEORGIA","1301410",0,0,0,3402,3402,0
"4033","2021-2022","GEORGIA","1301440",0,0,0,375,375,0
"4034","2021-2022","GEORGIA","1301470",0,0,0,1076,1076,0
"4035","2021-2022","GEORGIA","1301500",0,0,0,4311,4311,0
"4036","2021-2022","GEORGIA","1301530",0,0,0,608,608,0
"4037","2021-2022","GEORGIA","1301560",0,0,0,1972,1972,0
"4038","2021-2022","GEORGIA","1301590",0,0,0,416,416,0
"4039","2021-2022","GEORGIA","1301620",0,0,0,1582,1582,0
"4040","2021-2022","GEORGIA","1301650",0,0,0,649,649,0
"4041","2021-2022","GEORGIA","1301680",0,0,0,399,399,0
"4042","2021-2022","GEORGIA","1301710",0,0,0,2041,2041,0
"4043","2021-2022","GEORGIA","1301740",0,0,0,33893,33893,0
"4044","2021-2022","GEORGIA","1301770",0,0,0,1031,1031,0
"4045","2021-2022","GEORGIA","1301800",0,0,0,762,762,0
"4046","2021-2022","GEORGIA","1301830",0,0,0,6267,6267,0
"4047","2021-2022","GEORGIA","1301860",0,0,0,7771,7771,0
"4048","2021-2022","GEORGIA","1301870",0,0,0,1013,1013,0
"4049","2021-2022","GEORGIA","1301890",0,0,0,1685,1685,0
"4050","2021-2022","GEORGIA","1301920",0,0,0,973,973,0
"4051","2021-2022","GEORGIA","1301950",0,0,0,321,321,0
"4052","2021-2022","GEORGIA","1301980",0,0,0,1961,1961,0
"4053","2021-2022","GEORGIA","1302010",0,0,0,1167,1167,0
"4054","2021-2022","GEORGIA","1302040",0,0,0,1793,1793,0
"4055","2021-2022","GEORGIA","1302070",0,0,0,862,862,0
"4056","2021-2022","GEORGIA","1302100",0,0,0,690,690,0
"4057","2021-2022","GEORGIA","1302130",0,0,0,1643,1643,0
"4058","2021-2022","GEORGIA","1302190",0,0,0,2578,2578,0
"4059","2021-2022","GEORGIA","1302220",0,0,0,2905,2905,0
"4060","2021-2022","GEORGIA","1302250",0,0,0,960,960,0
"4061","2021-2022","GEORGIA","1302280",0,0,0,19326,19326,0
"4062","2021-2022","GEORGIA","1302310",0,0,0,1892,1892,0
"4063","2021-2022","GEORGIA","1302340",0,0,0,1296,1296,0
"4064","2021-2022","GEORGIA","1302370",0,0,0,137,137,0
"4065","2021-2022","GEORGIA","1302400",0,0,0,4323,4323,0
"4066","2021-2022","GEORGIA","1302430",0,0,0,1784,1784,0
"4067","2021-2022","GEORGIA","1302460",0,0,0,1639,1639,0
"4068","2021-2022","GEORGIA","1302490",0,0,0,828,828,0
"4069","2021-2022","GEORGIA","1302520",0,0,0,5108,5108,0
"4070","2021-2022","GEORGIA","1302550",0,0,0,30016,30016,0
"4071","2021-2022","GEORGIA","1302580",0,0,0,1742,1742,0
"4072","2021-2022","GEORGIA","1302610",0,0,0,5201,5201,0
"4073","2021-2022","GEORGIA","1302640",0,0,0,438,438,0
"4074","2021-2022","GEORGIA","1302670",0,0,0,1554,1554,0
"4075","2021-2022","GEORGIA","1302700",0,0,0,876,876,0
"4076","2021-2022","GEORGIA","1302730",0,0,0,980,980,0
"4077","2021-2022","GEORGIA","1302790",0,0,0,649,649,0
"4078","2021-2022","GEORGIA","1302820",0,0,0,10411,10411,0
"4079","2021-2022","GEORGIA","1302880",0,0,0,8459,8459,0
"4080","2021-2022","GEORGIA","1302910",0,0,0,583,583,0
"4081","2021-2022","GEORGIA","1302940",0,0,0,1653,1653,0
"4082","2021-2022","GEORGIA","1302970",0,0,0,718,718,0
"4083","2021-2022","GEORGIA","1303000",0,0,0,1162,1162,0
"4084","2021-2022","GEORGIA","1303030",0,0,0,334,334,0
"4085","2021-2022","GEORGIA","1303060",0,0,0,1077,1077,0
"4086","2021-2022","GEORGIA","1303090",0,0,0,527,527,0
"4087","2021-2022","GEORGIA","1303120",0,0,0,452,452,0
"4088","2021-2022","GEORGIA","1303150",0,0,0,1156,1156,0
"4089","2021-2022","GEORGIA","1303210",0,0,0,684,684,0
"4090","2021-2022","GEORGIA","1303240",0,0,0,792,792,0
"4091","2021-2022","GEORGIA","1303270",0,0,0,1667,1667,0
"4092","2021-2022","GEORGIA","1303300",0,0,0,3303,3303,0
"4093","2021-2022","GEORGIA","1303330",0,0,0,433,433,0
"4094","2021-2022","GEORGIA","1303360",0,0,0,928,928,0
"4095","2021-2022","GEORGIA","1303390",0,0,0,2553,2553,0
"4096","2021-2022","GEORGIA","1303420",0,0,0,773,773,0
"4097","2021-2022","GEORGIA","1303450",0,0,0,590,590,0
"4098","2021-2022","GEORGIA","1303480",0,0,0,1431,1431,0
"4099","2021-2022","GEORGIA","1303510",0,0,0,1930,1930,0
"4100","2021-2022","GEORGIA","1303540",0,0,0,572,572,0
"4101","2021-2022","GEORGIA","1303570",0,0,0,1042,1042,0
"4102","2021-2022","GEORGIA","1303600",0,0,0,503,503,0
"4103","2021-2022","GEORGIA","1303630",0,0,0,1116,1116,0
"4104","2021-2022","GEORGIA","1303660",0,0,0,303,303,0
"4105","2021-2022","GEORGIA","1303690",0,0,0,752,752,0
"4106","2021-2022","GEORGIA","1303720",0,0,0,987,987,0
"4107","2021-2022","GEORGIA","1303750",0,0,0,394,394,0
"4108","2021-2022","GEORGIA","1303780",0,0,0,762,762,0
"4109","2021-2022","GEORGIA","1303840",0,0,0,2036,2036,0
"4110","2021-2022","GEORGIA","1303870",0,0,0,11584,11584,0
"4111","2021-2022","GEORGIA","1303930",0,0,0,6103,6103,0
"4112","2021-2022","GEORGIA","1303960",0,0,0,606,606,0
"4113","2021-2022","GEORGIA","1303990",0,0,0,565,565,0
"4114","2021-2022","GEORGIA","1304020",0,0,0,5569,5569,0
"4115","2021-2022","GEORGIA","1304050",0,0,0,1537,1537,0
"4116","2021-2022","GEORGIA","1304080",0,0,0,693,693,0
"4117","2021-2022","GEORGIA","1304110",0,0,0,933,933,0
"4118","2021-2022","GEORGIA","1304140",0,0,0,1116,1116,0
"4119","2021-2022","GEORGIA","1304170",0,0,0,659,659,0
"4120","2021-2022","GEORGIA","1304200",0,0,0,3801,3801,0
"4121","2021-2022","GEORGIA","1304220",0,0,0,524,524,0
"4122","2021-2022","GEORGIA","1304260",0,0,0,1224,1224,0
"4123","2021-2022","GEORGIA","1304290",0,0,0,140,140,0
"4124","2021-2022","GEORGIA","1304320",0,0,0,421,421,0
"4125","2021-2022","GEORGIA","1304350",0,0,0,412,412,0
"4126","2021-2022","GEORGIA","1304380",0,0,0,14192,14192,0
"4127","2021-2022","GEORGIA","1304410",0,0,0,2310,2310,0
"4128","2021-2022","GEORGIA","1304440",0,0,0,2504,2504,0
"4129","2021-2022","GEORGIA","1304470",0,0,0,327,327,0
"4130","2021-2022","GEORGIA","1304500",0,0,0,961,961,0
"4131","2021-2022","GEORGIA","1304530",0,0,0,554,554,0
"4132","2021-2022","GEORGIA","1304540",0,0,0,366,366,0
"4133","2021-2022","GEORGIA","1304560",0,0,0,1371,1371,0
"4134","2021-2022","GEORGIA","1304590",0,0,0,248,248,0
"4135","2021-2022","GEORGIA","1304620",0,0,0,2333,2333,0
"4136","2021-2022","GEORGIA","1304650",0,0,0,242,242,0
"4137","2021-2022","GEORGIA","1304680",0,0,0,109,109,0
"4138","2021-2022","GEORGIA","1304770",0,0,0,1497,1497,0
"4139","2021-2022","GEORGIA","1304800",0,0,0,492,492,0
"4140","2021-2022","GEORGIA","1304830",0,0,0,790,790,0
"4141","2021-2022","GEORGIA","1304860",0,0,0,810,810,0
"4142","2021-2022","GEORGIA","1304890",0,0,0,2171,2171,0
"4143","2021-2022","GEORGIA","1304950",0,0,0,1024,1024,0
"4144","2021-2022","GEORGIA","1304980",0,0,0,2990,2990,0
"4145","2021-2022","GEORGIA","1305040",0,0,0,1371,1371,0
"4146","2021-2022","GEORGIA","1305070",0,0,0,243,243,0
"4147","2021-2022","GEORGIA","1305100",0,0,0,451,451,0
"4148","2021-2022","GEORGIA","1305130",0,0,0,282,282,0
"4149","2021-2022","GEORGIA","1305190",0,0,0,645,645,0
"4150","2021-2022","GEORGIA","1305220",0,0,0,377,377,0
"4151","2021-2022","GEORGIA","1305250",0,0,0,973,973,0
"4152","2021-2022","GEORGIA","1305280",0,0,0,1823,1823,0
"4153","2021-2022","GEORGIA","1305310",0,0,0,4870,4870,0
"4154","2021-2022","GEORGIA","1305340",0,0,0,986,986,0
"4155","2021-2022","GEORGIA","1305370",0,0,0,2972,2972,0
"4156","2021-2022","GEORGIA","1305390",0,0,0,3200,3200,0
"4157","2021-2022","GEORGIA","1305430",0,0,0,2597,2597,0
"4158","2021-2022","GEORGIA","1305460",0,0,0,379,379,0
"4159","2021-2022","GEORGIA","1305490",0,0,0,1360,1360,0
"4160","2021-2022","GEORGIA","1305550",0,0,0,1959,1959,0
"4161","2021-2022","GEORGIA","1305580",0,0,0,115,115,0
"4162","2021-2022","GEORGIA","1305640",0,0,0,407,407,0
"4163","2021-2022","GEORGIA","1305670",0,0,0,952,952,0
"4164","2021-2022","GEORGIA","1305700",0,0,0,2539,2539,0
"4165","2021-2022","GEORGIA","1305730",0,0,0,443,443,0
"4166","2021-2022","GEORGIA","1305760",0,0,0,575,575,0
"4167","2021-2022","GEORGIA","1305790",0,0,0,532,532,0
"4168","2021-2022","GEORGIA","1305850",0,0,0,1232,1232,0
"4169","2021-2022","GUAM","6600002",2930,23052,25982,0,25982,1
"4170","2021-2022","GUAM","6600003",0,0,0,0,0,NA
"4171","2021-2022","GUAM","6600004",0,0,0,0,0,NA
"4172","2021-2022","GUAM","6600005",0,0,0,0,0,NA
"4173","2021-2022","HAWAII","1500030",13468,68337,81805,51441,133246,0.61393963045795
"4174","2021-2022","IDAHO","1600001",52,285,337,195,532,0.633458646616541
"4175","2021-2022","IDAHO","1600002",166,839,1005,671,1676,0.59964200477327
"4176","2021-2022","IDAHO","1600003",0,14,14,14,28,0.5
"4177","2021-2022","IDAHO","1600004",0,0,0,0,0,NA
"4178","2021-2022","IDAHO","1600005",0,0,0,0,0,NA
"4179","2021-2022","IDAHO","1600006",10,32,42,10,52,0.807692307692308
"4180","2021-2022","IDAHO","1600007",24,97,121,67,188,0.643617021276596
"4181","2021-2022","IDAHO","1600008",0,19,19,17,36,0.527777777777778
"4182","2021-2022","IDAHO","1600009",0,29,29,27,56,0.517857142857143
"4183","2021-2022","IDAHO","1600010",0,27,27,27,54,0.5
"4184","2021-2022","IDAHO","1600011",0,0,0,0,0,NA
"4185","2021-2022","IDAHO","1600012",2,46,48,44,92,0.521739130434783
"4186","2021-2022","IDAHO","1600014",0,0,0,0,0,NA
"4187","2021-2022","IDAHO","1600015",26,75,101,44,145,0.696551724137931
"4188","2021-2022","IDAHO","1600016",0,0,0,0,0,NA
"4189","2021-2022","IDAHO","1600017",0,0,0,0,0,NA
"4190","2021-2022","IDAHO","1600030",0,342,342,182,524,0.652671755725191
"4191","2021-2022","IDAHO","1600060",94,618,712,411,1123,0.634016028495102
"4192","2021-2022","IDAHO","1600090",0,0,0,0,0,NA
"4193","2021-2022","IDAHO","1600138",6,40,46,21,67,0.686567164179104
"4194","2021-2022","IDAHO","1600139",51,361,412,263,675,0.61037037037037
"4195","2021-2022","IDAHO","1600140",3,77,80,74,154,0.519480519480519
"4196","2021-2022","IDAHO","1600141",0,59,59,59,118,0.5
"4197","2021-2022","IDAHO","1600142",44,91,135,66,201,0.671641791044776
"4198","2021-2022","IDAHO","1600143",14,93,107,60,167,0.640718562874252
"4199","2021-2022","IDAHO","1600144",0,0,0,0,0,NA
"4200","2021-2022","IDAHO","1600145",0,0,0,0,0,NA
"4201","2021-2022","IDAHO","1600148",0,0,0,0,0,NA
"4202","2021-2022","IDAHO","1600149",0,0,0,0,0,NA
"4203","2021-2022","IDAHO","1600150",0,0,0,0,0,NA
"4204","2021-2022","IDAHO","1600151",0,20,20,10,30,0.666666666666667
"4205","2021-2022","IDAHO","1600152",74,24,98,19,117,0.837606837606838
"4206","2021-2022","IDAHO","1600153",40,175,215,0,215,1
"4207","2021-2022","IDAHO","1600154",0,0,0,0,0,NA
"4208","2021-2022","IDAHO","1600155",0,0,0,0,0,NA
"4209","2021-2022","IDAHO","1600156",0,0,0,0,0,NA
"4210","2021-2022","IDAHO","1600157",0,0,0,0,0,NA
"4211","2021-2022","IDAHO","1600158",0,22,22,21,43,0.511627906976744
"4212","2021-2022","IDAHO","1600159",16,94,110,3,113,0.973451327433628
"4213","2021-2022","IDAHO","1600160",0,0,0,0,0,NA
"4214","2021-2022","IDAHO","1600161",45,172,217,115,332,0.653614457831325
"4215","2021-2022","IDAHO","1600162",8,317,325,57,382,0.850785340314136
"4216","2021-2022","IDAHO","1600163",6,87,93,100,193,0.481865284974093
"4217","2021-2022","IDAHO","1600165",0,0,0,0,0,NA
"4218","2021-2022","IDAHO","1600166",0,0,0,0,0,NA
"4219","2021-2022","IDAHO","1600167",0,0,0,0,0,NA
"4220","2021-2022","IDAHO","1600169",0,0,0,0,0,NA
"4221","2021-2022","IDAHO","1600170",0,0,0,0,0,NA
"4222","2021-2022","IDAHO","1600171",0,0,0,0,0,NA
"4223","2021-2022","IDAHO","1600172",0,0,0,0,0,NA
"4224","2021-2022","IDAHO","1600173",0,0,0,0,0,NA
"4225","2021-2022","IDAHO","1600174",0,0,0,0,0,NA
"4226","2021-2022","IDAHO","1600175",0,0,0,0,0,NA
"4227","2021-2022","IDAHO","1600176",0,0,0,0,0,NA
"4228","2021-2022","IDAHO","1600177",0,0,0,0,0,NA
"4229","2021-2022","IDAHO","1600178",0,0,0,0,0,NA
"4230","2021-2022","IDAHO","1600179",0,129,129,25,154,0.837662337662338
"4231","2021-2022","IDAHO","1600180",10,69,79,53,132,0.598484848484849
"4232","2021-2022","IDAHO","1600181",46,145,191,107,298,0.640939597315436
"4233","2021-2022","IDAHO","1600182",0,0,0,0,0,NA
"4234","2021-2022","IDAHO","1600183",0,0,0,0,0,NA
"4235","2021-2022","IDAHO","1600184",0,0,0,0,0,NA
"4236","2021-2022","IDAHO","1600186",0,0,0,0,0,NA
"4237","2021-2022","IDAHO","1600188",0,167,167,61,228,0.732456140350877
"4238","2021-2022","IDAHO","1600189",0,337,337,155,492,0.684959349593496
"4239","2021-2022","IDAHO","1600190",35,91,126,64,190,0.663157894736842
"4240","2021-2022","IDAHO","1600191",28,128,156,69,225,0.693333333333333
"4241","2021-2022","IDAHO","1600192",0,0,0,0,0,NA
"4242","2021-2022","IDAHO","1600194",27,64,91,36,127,0.716535433070866
"4243","2021-2022","IDAHO","1600195",3,66,69,53,122,0.565573770491803
"4244","2021-2022","IDAHO","1600196",0,0,0,0,0,NA
"4245","2021-2022","IDAHO","1600197",0,21,21,21,42,0.5
"4246","2021-2022","IDAHO","1600198",0,0,0,0,0,NA
"4247","2021-2022","IDAHO","1600199",0,0,0,0,0,NA
"4248","2021-2022","IDAHO","1600200",0,0,0,0,0,NA
"4249","2021-2022","IDAHO","1600204",40,537,577,200,777,0.742599742599743
"4250","2021-2022","IDAHO","1600205",0,204,204,83,287,0.710801393728223
"4251","2021-2022","IDAHO","1600240",0,124,124,117,241,0.514522821576763
"4252","2021-2022","IDAHO","1600270",146,1018,1164,732,1896,0.613924050632911
"4253","2021-2022","IDAHO","1600300",127,363,490,234,724,0.676795580110497
"4254","2021-2022","IDAHO","1600330",13,67,80,17,97,0.824742268041237
"4255","2021-2022","IDAHO","1600360",2277,3391,5668,3777,9445,0.600105876124934
"4256","2021-2022","IDAHO","1600420",85,449,534,260,794,0.672544080604534
"4257","2021-2022","IDAHO","1600450",21,120,141,43,184,0.766304347826087
"4258","2021-2022","IDAHO","1600480",0,257,257,246,503,0.510934393638171
"4259","2021-2022","IDAHO","1600490",0,51,51,51,102,0.5
"4260","2021-2022","IDAHO","1600510",447,4266,4713,2625,7338,0.64227309893704
"4261","2021-2022","IDAHO","1600540",15,41,56,18,74,0.756756756756757
"4262","2021-2022","IDAHO","1600570",8,57,65,36,101,0.643564356435644
"4263","2021-2022","IDAHO","1600600",185,2106,2291,1904,4195,0.546126340882002
"4264","2021-2022","IDAHO","1600630",3,22,25,22,47,0.531914893617021
"4265","2021-2022","IDAHO","1600660",485,1500,1985,1031,3016,0.65815649867374
"4266","2021-2022","IDAHO","1600690",0,274,274,68,342,0.801169590643275
"4267","2021-2022","IDAHO","1600720",0,56,56,56,112,0.5
"4268","2021-2022","IDAHO","1600750",19,66,85,45,130,0.653846153846154
"4269","2021-2022","IDAHO","1600780",549,1759,2308,1283,3591,0.642717905875801
"4270","2021-2022","IDAHO","1600810",45,79,124,54,178,0.696629213483146
"4271","2021-2022","IDAHO","1600815",45,256,301,132,433,0.695150115473441
"4272","2021-2022","IDAHO","1600840",0,58,58,58,116,0.5
"4273","2021-2022","IDAHO","1600870",0,37,37,34,71,0.52112676056338
"4274","2021-2022","IDAHO","1600900",28,88,116,56,172,0.674418604651163
"4275","2021-2022","IDAHO","1600930",830,2571,3401,1444,4845,0.701960784313725
"4276","2021-2022","IDAHO","1600960",192,370,562,153,715,0.786013986013986
"4277","2021-2022","IDAHO","1601020",0,581,581,563,1144,0.507867132867133
"4278","2021-2022","IDAHO","1601050",2,276,278,266,544,0.511029411764706
"4279","2021-2022","IDAHO","1601080",0,109,109,109,218,0.5
"4280","2021-2022","IDAHO","1601110",173,430,603,332,935,0.644919786096257
"4281","2021-2022","IDAHO","1601140",59,339,398,226,624,0.637820512820513
"4282","2021-2022","IDAHO","1601170",51,4,55,6,61,0.901639344262295
"4283","2021-2022","IDAHO","1601200",0,23,23,21,44,0.522727272727273
"4284","2021-2022","IDAHO","1601230",0,98,98,98,196,0.5
"4285","2021-2022","IDAHO","1601260",49,410,459,234,693,0.662337662337662
"4286","2021-2022","IDAHO","1601290",0,0,0,15,15,0
"4287","2021-2022","IDAHO","1601380",0,35,35,35,70,0.5
"4288","2021-2022","IDAHO","1601410",18,166,184,135,319,0.576802507836991
"4289","2021-2022","IDAHO","1601440",12,40,52,30,82,0.634146341463415
"4290","2021-2022","IDAHO","1601470",22,368,390,353,743,0.524899057873486
"4291","2021-2022","IDAHO","1601500",19,69,88,38,126,0.698412698412698
"4292","2021-2022","IDAHO","1601530",142,2274,2416,2043,4459,0.541825521417358
"4293","2021-2022","IDAHO","1601570",106,664,770,531,1301,0.59185242121445
"4294","2021-2022","IDAHO","1601590",1,112,113,112,225,0.502222222222222
"4295","2021-2022","IDAHO","1601620",53,204,257,96,353,0.728045325779037
"4296","2021-2022","IDAHO","1601650",74,345,419,256,675,0.620740740740741
"4297","2021-2022","IDAHO","1601680",0,43,43,41,84,0.511904761904762
"4298","2021-2022","IDAHO","1601710",0,297,297,297,594,0.5
"4299","2021-2022","IDAHO","1601740",0,19,19,19,38,0.5
"4300","2021-2022","IDAHO","1601770",236,1125,1361,650,2011,0.676777722526106
"4301","2021-2022","IDAHO","1601800",249,861,1110,567,1677,0.661896243291592
"4302","2021-2022","IDAHO","1601830",0,128,128,128,256,0.5
"4303","2021-2022","IDAHO","1601860",145,783,928,699,1627,0.570374923171481
"4304","2021-2022","IDAHO","1601900",16,65,81,43,124,0.653225806451613
"4305","2021-2022","IDAHO","1601920",464,1163,1627,688,2315,0.70280777537797
"4306","2021-2022","IDAHO","1601950",0,115,115,115,230,0.5
"4307","2021-2022","IDAHO","1601980",13,266,279,232,511,0.545988258317025
"4308","2021-2022","IDAHO","1602030",43,180,223,114,337,0.661721068249258
"4309","2021-2022","IDAHO","1602060",7,47,54,25,79,0.683544303797468
"4310","2021-2022","IDAHO","1602070",76,180,256,92,348,0.735632183908046
"4311","2021-2022","IDAHO","1602100",159,3713,3872,3326,7198,0.537927202000556
"4312","2021-2022","IDAHO","1602130",29,582,611,513,1124,0.543594306049822
"4313","2021-2022","IDAHO","1602160",5,47,52,15,67,0.776119402985075
"4314","2021-2022","IDAHO","1602190",224,1258,1482,983,2465,0.601217038539554
"4315","2021-2022","IDAHO","1602220",81,407,488,297,785,0.621656050955414
"4316","2021-2022","IDAHO","1602250",164,926,1090,549,1639,0.665039658328249
"4317","2021-2022","IDAHO","1602280",0,33,33,9,42,0.785714285714286
"4318","2021-2022","IDAHO","1602310",54,113,167,74,241,0.692946058091286
"4319","2021-2022","IDAHO","1602340",61,3321,3382,3018,6400,0.5284375
"4320","2021-2022","IDAHO","1602370",3,177,180,177,357,0.504201680672269
"4321","2021-2022","IDAHO","1602400",1,23,24,23,47,0.51063829787234
"4322","2021-2022","IDAHO","1602430",0,17,17,10,27,0.62962962962963
"4323","2021-2022","IDAHO","1602460",0,83,83,83,166,0.5
"4324","2021-2022","IDAHO","1602490",93,190,283,73,356,0.794943820224719
"4325","2021-2022","IDAHO","1602520",0,232,232,232,464,0.5
"4326","2021-2022","IDAHO","1602550",0,194,194,192,386,0.50259067357513
"4327","2021-2022","IDAHO","1602580",69,860,929,449,1378,0.674165457184325
"4328","2021-2022","IDAHO","1602610",0,0,0,0,0,NA
"4329","2021-2022","IDAHO","1602640",274,2624,2898,2390,5288,0.54803328290469
"4330","2021-2022","IDAHO","1602670",332,1438,1770,1083,2853,0.620399579390116
"4331","2021-2022","IDAHO","1602700",24,116,140,53,193,0.725388601036269
"4332","2021-2022","IDAHO","1602730",0,0,0,0,0,NA
"4333","2021-2022","IDAHO","1602760",27,80,107,48,155,0.690322580645161
"4334","2021-2022","IDAHO","1602790",45,137,182,101,283,0.643109540636042
"4335","2021-2022","IDAHO","1602820",0,16,16,16,32,0.5
"4336","2021-2022","IDAHO","1602850",40,206,246,138,384,0.640625
"4337","2021-2022","IDAHO","1602910",158,398,556,254,810,0.68641975308642
"4338","2021-2022","IDAHO","1602940",33,209,242,75,317,0.763406940063092
"4339","2021-2022","IDAHO","1602970",95,398,493,213,706,0.698300283286119
"4340","2021-2022","IDAHO","1603000",91,158,249,111,360,0.691666666666667
"4341","2021-2022","IDAHO","1603030",0,97,97,13,110,0.881818181818182
"4342","2021-2022","IDAHO","1603060",55,313,368,238,606,0.607260726072607
"4343","2021-2022","IDAHO","1603090",44,171,215,137,352,0.610795454545455
"4344","2021-2022","IDAHO","1603120",2,12,14,7,21,0.666666666666667
"4345","2021-2022","IDAHO","1603180",0,111,111,109,220,0.504545454545455
"4346","2021-2022","IDAHO","1603210",0,0,0,0,0,NA
"4347","2021-2022","IDAHO","1603240",333,2406,2739,1736,4475,0.612067039106145
"4348","2021-2022","IDAHO","1603270",0,102,102,90,192,0.53125
"4349","2021-2022","IDAHO","1603300",18,220,238,166,404,0.589108910891089
"4350","2021-2022","IDAHO","1603330",112,475,587,36,623,0.942215088282504
"4351","2021-2022","IDAHO","1603360",123,527,650,0,650,1
"4352","2021-2022","IDAHO","1603400",54,154,208,85,293,0.709897610921502
"4353","2021-2022","IDAHO","1603420",107,128,235,42,277,0.848375451263538
"4354","2021-2022","IDAHO","1603480",0,421,421,167,588,0.715986394557823
"4355","2021-2022","IDAHO","1603511",12,42,54,30,84,0.642857142857143
"4356","2021-2022","ILLINOIS","1700001",0,0,0,0,0,NA
"4357","2021-2022","ILLINOIS","1700002",0,0,0,0,0,NA
"4358","2021-2022","ILLINOIS","1700003",0,0,0,0,0,NA
"4359","2021-2022","ILLINOIS","1700004",0,0,0,0,0,NA
"4360","2021-2022","ILLINOIS","1700005",0,0,0,0,0,NA
"4361","2021-2022","ILLINOIS","1700006",0,0,0,0,0,NA
"4362","2021-2022","ILLINOIS","1700007",0,0,0,0,0,NA
"4363","2021-2022","ILLINOIS","1700009",0,0,0,0,0,NA
"4364","2021-2022","ILLINOIS","1700010",0,0,0,0,0,NA
"4365","2021-2022","ILLINOIS","1700014",0,0,0,0,0,NA
"4366","2021-2022","ILLINOIS","1700015",0,0,0,0,0,NA
"4367","2021-2022","ILLINOIS","1700023",0,0,0,0,0,NA
"4368","2021-2022","ILLINOIS","1700031",0,0,0,0,0,NA
"4369","2021-2022","ILLINOIS","1700041",0,0,0,0,0,NA
"4370","2021-2022","ILLINOIS","1700044",0,0,0,0,0,NA
"4371","2021-2022","ILLINOIS","1700045",0,0,0,0,0,NA
"4372","2021-2022","ILLINOIS","1700048",0,0,0,0,0,NA
"4373","2021-2022","ILLINOIS","1700056",0,0,0,0,0,NA
"4374","2021-2022","ILLINOIS","1700059",0,0,0,0,0,NA
"4375","2021-2022","ILLINOIS","1700065",0,0,0,0,0,NA
"4376","2021-2022","ILLINOIS","1700069",0,0,0,0,0,NA
"4377","2021-2022","ILLINOIS","1700077",0,0,0,0,0,NA
"4378","2021-2022","ILLINOIS","1700080",0,0,0,0,0,NA
"4379","2021-2022","ILLINOIS","1700081",0,0,0,0,0,NA
"4380","2021-2022","ILLINOIS","1700092",0,0,0,0,0,NA
"4381","2021-2022","ILLINOIS","1700097",0,0,0,0,0,NA
"4382","2021-2022","ILLINOIS","1700098",0,0,0,0,0,NA
"4383","2021-2022","ILLINOIS","1700099",0,0,0,0,0,NA
"4384","2021-2022","ILLINOIS","1700100",0,0,0,0,0,NA
"4385","2021-2022","ILLINOIS","1700101",0,0,0,0,0,NA
"4386","2021-2022","ILLINOIS","1700102",0,0,0,0,0,NA
"4387","2021-2022","ILLINOIS","1700103",0,0,0,0,0,NA
"4388","2021-2022","ILLINOIS","1700105",0,0,0,0,0,NA
"4389","2021-2022","ILLINOIS","1700106",0,0,0,0,0,NA
"4390","2021-2022","ILLINOIS","1700109",0,0,0,0,0,NA
"4391","2021-2022","ILLINOIS","1700110",0,0,0,0,0,NA
"4392","2021-2022","ILLINOIS","1700112",0,0,0,0,0,NA
"4393","2021-2022","ILLINOIS","1700113",0,0,0,0,0,NA
"4394","2021-2022","ILLINOIS","1700114",0,0,0,0,0,NA
"4395","2021-2022","ILLINOIS","1700115",0,0,0,0,0,NA
"4396","2021-2022","ILLINOIS","1700119",0,0,0,0,0,NA
"4397","2021-2022","ILLINOIS","1700120",0,0,0,0,0,NA
"4398","2021-2022","ILLINOIS","1700122",0,0,0,0,0,NA
"4399","2021-2022","ILLINOIS","1700123",0,0,0,0,0,NA
"4400","2021-2022","ILLINOIS","1700125",0,0,0,0,0,NA
"4401","2021-2022","ILLINOIS","1700126",0,0,0,0,0,NA
"4402","2021-2022","ILLINOIS","1700153",0,0,0,0,0,NA
"4403","2021-2022","ILLINOIS","1700162",0,0,0,0,0,NA
"4404","2021-2022","ILLINOIS","1700165",0,0,0,0,0,NA
"4405","2021-2022","ILLINOIS","1700166",0,0,0,0,0,NA
"4406","2021-2022","ILLINOIS","1700168",0,0,0,0,0,NA
"4407","2021-2022","ILLINOIS","1700169",0,0,0,0,0,NA
"4408","2021-2022","ILLINOIS","1700170",0,0,0,0,0,NA
"4409","2021-2022","ILLINOIS","1700171",0,0,0,0,0,NA
"4410","2021-2022","ILLINOIS","1700173",0,0,0,0,0,NA
"4411","2021-2022","ILLINOIS","1700174",0,0,0,0,0,NA
"4412","2021-2022","ILLINOIS","1700175",0,0,0,0,0,NA
"4413","2021-2022","ILLINOIS","1700176",0,0,0,0,0,NA
"4414","2021-2022","ILLINOIS","1700177",0,0,0,0,0,NA
"4415","2021-2022","ILLINOIS","1700178",0,0,0,0,0,NA
"4416","2021-2022","ILLINOIS","1700179",0,0,0,0,0,NA
"4417","2021-2022","ILLINOIS","1700180",0,0,0,0,0,NA
"4418","2021-2022","ILLINOIS","1700182",0,0,0,0,0,NA
"4419","2021-2022","ILLINOIS","1700184",0,0,0,0,0,NA
"4420","2021-2022","ILLINOIS","1700186",0,0,0,0,0,NA
"4421","2021-2022","ILLINOIS","1700188",0,0,0,0,0,NA
"4422","2021-2022","ILLINOIS","1700189",0,0,0,0,0,NA
"4423","2021-2022","ILLINOIS","1700190",0,0,0,0,0,NA
"4424","2021-2022","ILLINOIS","1700191",0,0,0,0,0,NA
"4425","2021-2022","ILLINOIS","1700192",0,0,0,0,0,NA
"4426","2021-2022","ILLINOIS","1700193",0,0,0,0,0,NA
"4427","2021-2022","ILLINOIS","1700194",0,0,0,0,0,NA
"4428","2021-2022","ILLINOIS","1700195",0,0,0,0,0,NA
"4429","2021-2022","ILLINOIS","1700197",0,0,0,0,0,NA
"4430","2021-2022","ILLINOIS","1700198",0,0,0,0,0,NA
"4431","2021-2022","ILLINOIS","1700200",0,0,0,0,0,NA
"4432","2021-2022","ILLINOIS","1700202",0,0,0,0,0,NA
"4433","2021-2022","ILLINOIS","1700203",0,0,0,0,0,NA
"4434","2021-2022","ILLINOIS","1700204",0,0,0,0,0,NA
"4435","2021-2022","ILLINOIS","1700206",0,0,0,0,0,NA
"4436","2021-2022","ILLINOIS","1700208",0,0,0,0,0,NA
"4437","2021-2022","ILLINOIS","1700209",0,0,0,0,0,NA
"4438","2021-2022","ILLINOIS","1700211",0,0,0,0,0,NA
"4439","2021-2022","ILLINOIS","1700213",0,0,0,0,0,NA
"4440","2021-2022","ILLINOIS","1700217",0,0,0,0,0,NA
"4441","2021-2022","ILLINOIS","1700218",0,0,0,0,0,NA
"4442","2021-2022","ILLINOIS","1700220",0,0,0,0,0,NA
"4443","2021-2022","ILLINOIS","1700221",0,0,0,0,0,NA
"4444","2021-2022","ILLINOIS","1700222",0,0,0,0,0,NA
"4445","2021-2022","ILLINOIS","1700223",0,0,0,0,0,NA
"4446","2021-2022","ILLINOIS","1700227",0,0,0,0,0,NA
"4447","2021-2022","ILLINOIS","1700255",0,0,0,0,0,NA
"4448","2021-2022","ILLINOIS","1700310",0,0,0,0,0,NA
"4449","2021-2022","ILLINOIS","1700312",0,0,0,0,0,NA
"4450","2021-2022","ILLINOIS","1700314",0,0,0,0,0,NA
"4451","2021-2022","ILLINOIS","1700319",0,0,0,0,0,NA
"4452","2021-2022","ILLINOIS","1700320",0,0,0,0,0,NA
"4453","2021-2022","ILLINOIS","1700321",0,0,0,0,0,NA
"4454","2021-2022","ILLINOIS","1700323",0,0,0,0,0,NA
"4455","2021-2022","ILLINOIS","1700324",0,0,0,0,0,NA
"4456","2021-2022","ILLINOIS","1700325",0,0,0,0,0,NA
"4457","2021-2022","ILLINOIS","1700326",0,0,0,0,0,NA
"4458","2021-2022","ILLINOIS","1700329",0,0,0,0,0,NA
"4459","2021-2022","ILLINOIS","1700330",0,0,0,0,0,NA
"4460","2021-2022","ILLINOIS","1700332",0,0,0,0,0,NA
"4461","2021-2022","ILLINOIS","1701381",0,0,0,0,0,NA
"4462","2021-2022","ILLINOIS","1701382",0,0,0,0,0,NA
"4463","2021-2022","ILLINOIS","1701383",0,0,0,0,0,NA
"4464","2021-2022","ILLINOIS","1701384",0,0,0,0,0,NA
"4465","2021-2022","ILLINOIS","1701385",0,0,0,0,0,NA
"4466","2021-2022","ILLINOIS","1701387",0,0,0,0,0,NA
"4467","2021-2022","ILLINOIS","1701388",0,0,0,0,0,NA
"4468","2021-2022","ILLINOIS","1701390",0,0,0,0,0,NA
"4469","2021-2022","ILLINOIS","1701395",0,0,0,0,0,NA
"4470","2021-2022","ILLINOIS","1701397",0,0,0,0,0,NA
"4471","2021-2022","ILLINOIS","1701400",0,0,0,0,0,NA
"4472","2021-2022","ILLINOIS","1701403",0,0,0,0,0,NA
"4473","2021-2022","ILLINOIS","1701404",0,0,0,0,0,NA
"4474","2021-2022","ILLINOIS","1701410",0,0,0,0,0,NA
"4475","2021-2022","ILLINOIS","1701411",0,0,0,0,0,NA
"4476","2021-2022","ILLINOIS","1701412",0,0,0,0,0,NA
"4477","2021-2022","ILLINOIS","1701413",0,0,0,0,0,NA
"4478","2021-2022","ILLINOIS","1701415",0,0,0,0,0,NA
"4479","2021-2022","ILLINOIS","1701416",0,0,0,0,0,NA
"4480","2021-2022","ILLINOIS","1701417",0,0,0,0,0,NA
"4481","2021-2022","ILLINOIS","1701418",0,0,0,0,0,NA
"4482","2021-2022","ILLINOIS","1701419",0,0,0,0,0,NA
"4483","2021-2022","ILLINOIS","1701422",0,0,0,0,0,NA
"4484","2021-2022","ILLINOIS","1701423",0,0,0,0,0,NA
"4485","2021-2022","ILLINOIS","1701424",0,0,0,0,0,NA
"4486","2021-2022","ILLINOIS","1701426",0,0,0,0,0,NA
"4487","2021-2022","ILLINOIS","1701431",0,0,0,0,0,NA
"4488","2021-2022","ILLINOIS","1701433",0,0,0,0,0,NA
"4489","2021-2022","ILLINOIS","1701434",0,0,0,0,0,NA
"4490","2021-2022","ILLINOIS","1701435",0,0,0,0,0,NA
"4491","2021-2022","ILLINOIS","1701436",0,0,0,0,0,NA
"4492","2021-2022","ILLINOIS","1701438",0,0,0,0,0,NA
"4493","2021-2022","ILLINOIS","1703150",0,0,0,0,0,NA
"4494","2021-2022","ILLINOIS","1703210",0,0,0,0,0,NA
"4495","2021-2022","ILLINOIS","1703270",0,0,0,0,0,NA
"4496","2021-2022","ILLINOIS","1703300",0,0,0,0,0,NA
"4497","2021-2022","ILLINOIS","1703420",0,0,0,0,0,NA
"4498","2021-2022","ILLINOIS","1703450",0,0,0,0,0,NA
"4499","2021-2022","ILLINOIS","1703480",0,0,0,0,0,NA
"4500","2021-2022","ILLINOIS","1703510",0,0,0,0,0,NA
"4501","2021-2022","ILLINOIS","1703600",0,0,0,0,0,NA
"4502","2021-2022","ILLINOIS","1703660",0,0,0,0,0,NA
"4503","2021-2022","ILLINOIS","1703690",0,0,0,0,0,NA
"4504","2021-2022","ILLINOIS","1703750",0,0,0,0,0,NA
"4505","2021-2022","ILLINOIS","1703780",0,0,0,0,0,NA
"4506","2021-2022","ILLINOIS","1703810",0,0,0,0,0,NA
"4507","2021-2022","ILLINOIS","1703840",0,0,0,0,0,NA
"4508","2021-2022","ILLINOIS","1703870",0,0,0,0,0,NA
"4509","2021-2022","ILLINOIS","1703900",0,0,0,0,0,NA
"4510","2021-2022","ILLINOIS","1703930",0,0,0,0,0,NA
"4511","2021-2022","ILLINOIS","1703960",0,0,0,0,0,NA
"4512","2021-2022","ILLINOIS","1703990",0,0,0,0,0,NA
"4513","2021-2022","ILLINOIS","1704020",0,0,0,0,0,NA
"4514","2021-2022","ILLINOIS","1704050",0,0,0,0,0,NA
"4515","2021-2022","ILLINOIS","1704140",0,0,0,0,0,NA
"4516","2021-2022","ILLINOIS","1704170",0,0,0,0,0,NA
"4517","2021-2022","ILLINOIS","1704200",0,0,0,0,0,NA
"4518","2021-2022","ILLINOIS","1704230",0,0,0,0,0,NA
"4519","2021-2022","ILLINOIS","1704260",0,0,0,0,0,NA
"4520","2021-2022","ILLINOIS","1704340",0,0,0,0,0,NA
"4521","2021-2022","ILLINOIS","1704380",0,0,0,0,0,NA
"4522","2021-2022","ILLINOIS","1704440",0,0,0,0,0,NA
"4523","2021-2022","ILLINOIS","1704470",0,0,0,0,0,NA
"4524","2021-2022","ILLINOIS","1704560",0,0,0,0,0,NA
"4525","2021-2022","ILLINOIS","1704620",0,0,0,0,0,NA
"4526","2021-2022","ILLINOIS","1704680",0,0,0,0,0,NA
"4527","2021-2022","ILLINOIS","1704710",0,0,0,0,0,NA
"4528","2021-2022","ILLINOIS","1704740",0,0,0,0,0,NA
"4529","2021-2022","ILLINOIS","1704770",0,0,0,0,0,NA
"4530","2021-2022","ILLINOIS","1704800",0,0,0,0,0,NA
"4531","2021-2022","ILLINOIS","1704920",0,0,0,0,0,NA
"4532","2021-2022","ILLINOIS","1704950",0,0,0,0,0,NA
"4533","2021-2022","ILLINOIS","1705050",0,0,0,0,0,NA
"4534","2021-2022","ILLINOIS","1705160",0,0,0,0,0,NA
"4535","2021-2022","ILLINOIS","1705190",0,0,0,0,0,NA
"4536","2021-2022","ILLINOIS","1705220",0,0,0,0,0,NA
"4537","2021-2022","ILLINOIS","1705310",0,0,0,0,0,NA
"4538","2021-2022","ILLINOIS","1705430",0,0,0,0,0,NA
"4539","2021-2022","ILLINOIS","1705460",0,0,0,0,0,NA
"4540","2021-2022","ILLINOIS","1705466",0,0,0,0,0,NA
"4541","2021-2022","ILLINOIS","1705570",0,0,0,0,0,NA
"4542","2021-2022","ILLINOIS","1705580",0,0,0,0,0,NA
"4543","2021-2022","ILLINOIS","1705610",0,0,0,0,0,NA
"4544","2021-2022","ILLINOIS","1705640",0,0,0,0,0,NA
"4545","2021-2022","ILLINOIS","1705760",0,0,0,0,0,NA
"4546","2021-2022","ILLINOIS","1705790",0,0,0,0,0,NA
"4547","2021-2022","ILLINOIS","1705820",0,0,0,0,0,NA
"4548","2021-2022","ILLINOIS","1705880",0,0,0,0,0,NA
"4549","2021-2022","ILLINOIS","1705910",0,0,0,0,0,NA
"4550","2021-2022","ILLINOIS","1705950",0,0,0,0,0,NA
"4551","2021-2022","ILLINOIS","1705970",0,0,0,0,0,NA
"4552","2021-2022","ILLINOIS","1706000",0,0,0,0,0,NA
"4553","2021-2022","ILLINOIS","1706060",0,0,0,0,0,NA
"4554","2021-2022","ILLINOIS","1706090",0,0,0,0,0,NA
"4555","2021-2022","ILLINOIS","1706120",0,0,0,0,0,NA
"4556","2021-2022","ILLINOIS","1706180",0,0,0,0,0,NA
"4557","2021-2022","ILLINOIS","1706270",0,0,0,0,0,NA
"4558","2021-2022","ILLINOIS","1706390",0,0,0,0,0,NA
"4559","2021-2022","ILLINOIS","1706420",0,0,0,0,0,NA
"4560","2021-2022","ILLINOIS","1706450",0,0,0,0,0,NA
"4561","2021-2022","ILLINOIS","1706480",0,0,0,0,0,NA
"4562","2021-2022","ILLINOIS","1706510",0,0,0,0,0,NA
"4563","2021-2022","ILLINOIS","1706540",0,0,0,0,0,NA
"4564","2021-2022","ILLINOIS","1706600",0,0,0,0,0,NA
"4565","2021-2022","ILLINOIS","1706750",0,0,0,0,0,NA
"4566","2021-2022","ILLINOIS","1706840",0,0,0,0,0,NA
"4567","2021-2022","ILLINOIS","1706880",0,0,0,0,0,NA
"4568","2021-2022","ILLINOIS","1706930",0,0,0,0,0,NA
"4569","2021-2022","ILLINOIS","1706960",0,0,0,0,0,NA
"4570","2021-2022","ILLINOIS","1707010",0,0,0,0,0,NA
"4571","2021-2022","ILLINOIS","1707050",0,0,0,0,0,NA
"4572","2021-2022","ILLINOIS","1707170",0,0,0,0,0,NA
"4573","2021-2022","ILLINOIS","1707200",0,0,0,0,0,NA
"4574","2021-2022","ILLINOIS","1707290",0,0,0,0,0,NA
"4575","2021-2022","ILLINOIS","1707320",0,0,0,0,0,NA
"4576","2021-2022","ILLINOIS","1707440",0,0,0,0,0,NA
"4577","2021-2022","ILLINOIS","1707650",0,0,0,0,0,NA
"4578","2021-2022","ILLINOIS","1707740",0,0,0,0,0,NA
"4579","2021-2022","ILLINOIS","1707770",0,0,0,0,0,NA
"4580","2021-2022","ILLINOIS","1707830",0,0,0,0,0,NA
"4581","2021-2022","ILLINOIS","1707860",0,0,0,0,0,NA
"4582","2021-2022","ILLINOIS","1707950",0,0,0,0,0,NA
"4583","2021-2022","ILLINOIS","1707980",0,0,0,0,0,NA
"4584","2021-2022","ILLINOIS","1708010",0,0,0,0,0,NA
"4585","2021-2022","ILLINOIS","1708040",0,0,0,0,0,NA
"4586","2021-2022","ILLINOIS","1708070",0,0,0,0,0,NA
"4587","2021-2022","ILLINOIS","1708100",0,0,0,0,0,NA
"4588","2021-2022","ILLINOIS","1708130",0,0,0,0,0,NA
"4589","2021-2022","ILLINOIS","1708160",0,0,0,0,0,NA
"4590","2021-2022","ILLINOIS","1708220",0,0,0,0,0,NA
"4591","2021-2022","ILLINOIS","1708250",0,0,0,0,0,NA
"4592","2021-2022","ILLINOIS","1708280",0,0,0,0,0,NA
"4593","2021-2022","ILLINOIS","1708310",0,0,0,0,0,NA
"4594","2021-2022","ILLINOIS","1708340",0,0,0,0,0,NA
"4595","2021-2022","ILLINOIS","1708370",0,0,0,0,0,NA
"4596","2021-2022","ILLINOIS","1708400",0,0,0,0,0,NA
"4597","2021-2022","ILLINOIS","1708430",0,0,0,0,0,NA
"4598","2021-2022","ILLINOIS","1708460",0,0,0,0,0,NA
"4599","2021-2022","ILLINOIS","1708500",0,0,0,0,0,NA
"4600","2021-2022","ILLINOIS","1708550",0,0,0,0,0,NA
"4601","2021-2022","ILLINOIS","1708580",0,0,0,0,0,NA
"4602","2021-2022","ILLINOIS","1708610",0,0,0,0,0,NA
"4603","2021-2022","ILLINOIS","1708640",0,0,0,0,0,NA
"4604","2021-2022","ILLINOIS","1708730",0,0,0,0,0,NA
"4605","2021-2022","ILLINOIS","1708790",0,0,0,0,0,NA
"4606","2021-2022","ILLINOIS","1708970",0,0,0,0,0,NA
"4607","2021-2022","ILLINOIS","1709100",0,0,0,0,0,NA
"4608","2021-2022","ILLINOIS","1709150",0,0,0,0,0,NA
"4609","2021-2022","ILLINOIS","1709170",0,0,0,0,0,NA
"4610","2021-2022","ILLINOIS","1709180",0,0,0,0,0,NA
"4611","2021-2022","ILLINOIS","1709210",0,0,0,0,0,NA
"4612","2021-2022","ILLINOIS","1709270",0,0,0,0,0,NA
"4613","2021-2022","ILLINOIS","1709300",0,0,0,0,0,NA
"4614","2021-2022","ILLINOIS","1709330",0,0,0,0,0,NA
"4615","2021-2022","ILLINOIS","1709400",0,0,0,0,0,NA
"4616","2021-2022","ILLINOIS","1709420",0,0,0,0,0,NA
"4617","2021-2022","ILLINOIS","1709510",0,0,0,0,0,NA
"4618","2021-2022","ILLINOIS","1709540",0,0,0,0,0,NA
"4619","2021-2022","ILLINOIS","1709600",0,0,0,0,0,NA
"4620","2021-2022","ILLINOIS","1709810",0,0,0,0,0,NA
"4621","2021-2022","ILLINOIS","1709850",0,0,0,0,0,NA
"4622","2021-2022","ILLINOIS","1709930",0,0,0,0,0,NA
"4623","2021-2022","ILLINOIS","1709960",0,0,0,0,0,NA
"4624","2021-2022","ILLINOIS","1709990",0,0,0,0,0,NA
"4625","2021-2022","ILLINOIS","1710200",0,0,0,0,0,NA
"4626","2021-2022","ILLINOIS","1710240",0,0,0,0,0,NA
"4627","2021-2022","ILLINOIS","1710290",0,0,0,0,0,NA
"4628","2021-2022","ILLINOIS","1710340",0,0,0,0,0,NA
"4629","2021-2022","ILLINOIS","1710380",0,0,0,0,0,NA
"4630","2021-2022","ILLINOIS","1710410",0,0,0,0,0,NA
"4631","2021-2022","ILLINOIS","1710440",0,0,0,0,0,NA
"4632","2021-2022","ILLINOIS","1710470",0,0,0,0,0,NA
"4633","2021-2022","ILLINOIS","1710530",0,0,0,0,0,NA
"4634","2021-2022","ILLINOIS","1710570",0,0,0,0,0,NA
"4635","2021-2022","ILLINOIS","1710650",0,0,0,0,0,NA
"4636","2021-2022","ILLINOIS","1710690",0,0,0,0,0,NA
"4637","2021-2022","ILLINOIS","1710740",0,0,0,0,0,NA
"4638","2021-2022","ILLINOIS","1710790",0,0,0,0,0,NA
"4639","2021-2022","ILLINOIS","1710800",0,0,0,0,0,NA
"4640","2021-2022","ILLINOIS","1710820",0,0,0,0,0,NA
"4641","2021-2022","ILLINOIS","1710830",0,0,0,0,0,NA
"4642","2021-2022","ILLINOIS","1710860",0,0,0,0,0,NA
"4643","2021-2022","ILLINOIS","1710950",0,0,0,0,0,NA
"4644","2021-2022","ILLINOIS","1710980",0,0,0,0,0,NA
"4645","2021-2022","ILLINOIS","1711010",0,0,0,0,0,NA
"4646","2021-2022","ILLINOIS","1711100",0,0,0,0,0,NA
"4647","2021-2022","ILLINOIS","1711220",0,0,0,0,0,NA
"4648","2021-2022","ILLINOIS","1711250",0,0,0,0,0,NA
"4649","2021-2022","ILLINOIS","1711290",0,0,0,0,0,NA
"4650","2021-2022","ILLINOIS","1711350",0,0,0,0,0,NA
"4651","2021-2022","ILLINOIS","1711370",0,0,0,0,0,NA
"4652","2021-2022","ILLINOIS","1711400",0,0,0,0,0,NA
"4653","2021-2022","ILLINOIS","1711520",0,0,0,0,0,NA
"4654","2021-2022","ILLINOIS","1711610",0,0,0,0,0,NA
"4655","2021-2022","ILLINOIS","1711700",0,0,0,0,0,NA
"4656","2021-2022","ILLINOIS","1711730",0,0,0,0,0,NA
"4657","2021-2022","ILLINOIS","1711790",0,0,0,0,0,NA
"4658","2021-2022","ILLINOIS","1711850",0,0,0,0,0,NA
"4659","2021-2022","ILLINOIS","1711880",0,0,0,0,0,NA
"4660","2021-2022","ILLINOIS","1711910",0,0,0,0,0,NA
"4661","2021-2022","ILLINOIS","1711980",0,0,0,0,0,NA
"4662","2021-2022","ILLINOIS","1712000",0,0,0,0,0,NA
"4663","2021-2022","ILLINOIS","1712030",0,0,0,0,0,NA
"4664","2021-2022","ILLINOIS","1712060",0,0,0,0,0,NA
"4665","2021-2022","ILLINOIS","1712090",0,0,0,0,0,NA
"4666","2021-2022","ILLINOIS","1712120",0,0,0,0,0,NA
"4667","2021-2022","ILLINOIS","1712150",0,0,0,0,0,NA
"4668","2021-2022","ILLINOIS","1712210",0,0,0,0,0,NA
"4669","2021-2022","ILLINOIS","1712240",0,0,0,0,0,NA
"4670","2021-2022","ILLINOIS","1712330",0,0,0,0,0,NA
"4671","2021-2022","ILLINOIS","1712420",0,0,0,0,0,NA
"4672","2021-2022","ILLINOIS","1712450",0,0,0,0,0,NA
"4673","2021-2022","ILLINOIS","1712480",0,0,0,0,0,NA
"4674","2021-2022","ILLINOIS","1712510",0,0,0,0,0,NA
"4675","2021-2022","ILLINOIS","1712540",0,0,0,0,0,NA
"4676","2021-2022","ILLINOIS","1712570",0,0,0,0,0,NA
"4677","2021-2022","ILLINOIS","1712700",0,0,0,0,0,NA
"4678","2021-2022","ILLINOIS","1712720",0,0,0,0,0,NA
"4679","2021-2022","ILLINOIS","1712760",0,0,0,0,0,NA
"4680","2021-2022","ILLINOIS","1712810",0,0,0,0,0,NA
"4681","2021-2022","ILLINOIS","1712840",0,0,0,0,0,NA
"4682","2021-2022","ILLINOIS","1712870",0,0,0,0,0,NA
"4683","2021-2022","ILLINOIS","1712930",0,0,0,0,0,NA
"4684","2021-2022","ILLINOIS","1712960",0,0,0,0,0,NA
"4685","2021-2022","ILLINOIS","1712990",0,0,0,0,0,NA
"4686","2021-2022","ILLINOIS","1713050",0,0,0,0,0,NA
"4687","2021-2022","ILLINOIS","1713140",0,0,0,0,0,NA
"4688","2021-2022","ILLINOIS","1713170",0,0,0,0,0,NA
"4689","2021-2022","ILLINOIS","1713230",0,0,0,0,0,NA
"4690","2021-2022","ILLINOIS","1713240",0,0,0,0,0,NA
"4691","2021-2022","ILLINOIS","1713260",0,0,0,0,0,NA
"4692","2021-2022","ILLINOIS","1713290",0,0,0,0,0,NA
"4693","2021-2022","ILLINOIS","1713320",0,0,0,0,0,NA
"4694","2021-2022","ILLINOIS","1713370",0,0,0,0,0,NA
"4695","2021-2022","ILLINOIS","1713410",0,0,0,0,0,NA
"4696","2021-2022","ILLINOIS","1713440",0,0,0,0,0,NA
"4697","2021-2022","ILLINOIS","1713500",0,0,0,0,0,NA
"4698","2021-2022","ILLINOIS","1713530",0,0,0,0,0,NA
"4699","2021-2022","ILLINOIS","1713560",0,0,0,0,0,NA
"4700","2021-2022","ILLINOIS","1713590",0,0,0,0,0,NA
"4701","2021-2022","ILLINOIS","1713660",0,0,0,0,0,NA
"4702","2021-2022","ILLINOIS","1713710",0,0,0,0,0,NA
"4703","2021-2022","ILLINOIS","1713770",0,0,0,0,0,NA
"4704","2021-2022","ILLINOIS","1713860",0,0,0,0,0,NA
"4705","2021-2022","ILLINOIS","1713920",0,0,0,0,0,NA
"4706","2021-2022","ILLINOIS","1713940",0,0,0,0,0,NA
"4707","2021-2022","ILLINOIS","1713970",0,0,0,0,0,NA
"4708","2021-2022","ILLINOIS","1714050",0,0,0,0,0,NA
"4709","2021-2022","ILLINOIS","1714100",0,0,0,0,0,NA
"4710","2021-2022","ILLINOIS","1714160",0,0,0,0,0,NA
"4711","2021-2022","ILLINOIS","1714220",0,0,0,0,0,NA
"4712","2021-2022","ILLINOIS","1714250",0,0,0,0,0,NA
"4713","2021-2022","ILLINOIS","1714350",0,0,0,0,0,NA
"4714","2021-2022","ILLINOIS","1714410",0,0,0,0,0,NA
"4715","2021-2022","ILLINOIS","1714430",0,0,0,0,0,NA
"4716","2021-2022","ILLINOIS","1714460",0,0,0,0,0,NA
"4717","2021-2022","ILLINOIS","1714490",0,0,0,0,0,NA
"4718","2021-2022","ILLINOIS","1714550",0,0,0,0,0,NA
"4719","2021-2022","ILLINOIS","1714580",0,0,0,0,0,NA
"4720","2021-2022","ILLINOIS","1714640",0,0,0,0,0,NA
"4721","2021-2022","ILLINOIS","1714710",0,0,0,0,0,NA
"4722","2021-2022","ILLINOIS","1714760",0,0,0,0,0,NA
"4723","2021-2022","ILLINOIS","1714820",0,0,0,0,0,NA
"4724","2021-2022","ILLINOIS","1714940",0,0,0,0,0,NA
"4725","2021-2022","ILLINOIS","1715030",0,0,0,0,0,NA
"4726","2021-2022","ILLINOIS","1715090",0,0,0,0,0,NA
"4727","2021-2022","ILLINOIS","1715100",0,0,0,0,0,NA
"4728","2021-2022","ILLINOIS","1715180",0,0,0,0,0,NA
"4729","2021-2022","ILLINOIS","1715400",0,0,0,0,0,NA
"4730","2021-2022","ILLINOIS","1715420",0,0,0,0,0,NA
"4731","2021-2022","ILLINOIS","1715450",0,0,0,0,0,NA
"4732","2021-2022","ILLINOIS","1715480",0,0,0,0,0,NA
"4733","2021-2022","ILLINOIS","1715490",0,0,0,0,0,NA
"4734","2021-2022","ILLINOIS","1715630",0,0,0,0,0,NA
"4735","2021-2022","ILLINOIS","1715660",0,0,0,0,0,NA
"4736","2021-2022","ILLINOIS","1715700",0,0,0,0,0,NA
"4737","2021-2022","ILLINOIS","1715750",0,0,0,0,0,NA
"4738","2021-2022","ILLINOIS","1715780",0,0,0,0,0,NA
"4739","2021-2022","ILLINOIS","1715820",0,0,0,0,0,NA
"4740","2021-2022","ILLINOIS","1715840",0,0,0,0,0,NA
"4741","2021-2022","ILLINOIS","1715880",0,0,0,0,0,NA
"4742","2021-2022","ILLINOIS","1715900",0,0,0,0,0,NA
"4743","2021-2022","ILLINOIS","1715930",0,0,0,0,0,NA
"4744","2021-2022","ILLINOIS","1716020",0,0,0,0,0,NA
"4745","2021-2022","ILLINOIS","1716050",0,0,0,0,0,NA
"4746","2021-2022","ILLINOIS","1716080",0,0,0,0,0,NA
"4747","2021-2022","ILLINOIS","1716140",0,0,0,0,0,NA
"4748","2021-2022","ILLINOIS","1716230",0,0,0,0,0,NA
"4749","2021-2022","ILLINOIS","1716260",0,0,0,0,0,NA
"4750","2021-2022","ILLINOIS","1716290",0,0,0,0,0,NA
"4751","2021-2022","ILLINOIS","1716320",0,0,0,0,0,NA
"4752","2021-2022","ILLINOIS","1716350",0,0,0,0,0,NA
"4753","2021-2022","ILLINOIS","1716380",0,0,0,0,0,NA
"4754","2021-2022","ILLINOIS","1716410",0,0,0,0,0,NA
"4755","2021-2022","ILLINOIS","1716530",0,0,0,0,0,NA
"4756","2021-2022","ILLINOIS","1716560",0,0,0,0,0,NA
"4757","2021-2022","ILLINOIS","1716590",0,0,0,0,0,NA
"4758","2021-2022","ILLINOIS","1716650",0,0,0,0,0,NA
"4759","2021-2022","ILLINOIS","1716680",0,0,0,0,0,NA
"4760","2021-2022","ILLINOIS","1716800",0,0,0,0,0,NA
"4761","2021-2022","ILLINOIS","1716830",0,0,0,0,0,NA
"4762","2021-2022","ILLINOIS","1716860",0,0,0,0,0,NA
"4763","2021-2022","ILLINOIS","1716920",0,0,0,0,0,NA
"4764","2021-2022","ILLINOIS","1716950",0,0,0,0,0,NA
"4765","2021-2022","ILLINOIS","1717040",0,0,0,0,0,NA
"4766","2021-2022","ILLINOIS","1717160",0,0,0,0,0,NA
"4767","2021-2022","ILLINOIS","1717190",0,0,0,0,0,NA
"4768","2021-2022","ILLINOIS","1717220",0,0,0,0,0,NA
"4769","2021-2022","ILLINOIS","1717280",0,0,0,0,0,NA
"4770","2021-2022","ILLINOIS","1717310",0,0,0,0,0,NA
"4771","2021-2022","ILLINOIS","1717340",0,0,0,0,0,NA
"4772","2021-2022","ILLINOIS","1717370",0,0,0,0,0,NA
"4773","2021-2022","ILLINOIS","1717490",0,0,0,0,0,NA
"4774","2021-2022","ILLINOIS","1717520",0,0,0,0,0,NA
"4775","2021-2022","ILLINOIS","1717550",0,0,0,0,0,NA
"4776","2021-2022","ILLINOIS","1717580",0,0,0,0,0,NA
"4777","2021-2022","ILLINOIS","1717670",0,0,0,0,0,NA
"4778","2021-2022","ILLINOIS","1717700",0,0,0,0,0,NA
"4779","2021-2022","ILLINOIS","1717730",0,0,0,0,0,NA
"4780","2021-2022","ILLINOIS","1717790",0,0,0,0,0,NA
"4781","2021-2022","ILLINOIS","1717800",0,0,0,0,0,NA
"4782","2021-2022","ILLINOIS","1717850",0,0,0,0,0,NA
"4783","2021-2022","ILLINOIS","1718030",0,0,0,0,0,NA
"4784","2021-2022","ILLINOIS","1718060",0,0,0,0,0,NA
"4785","2021-2022","ILLINOIS","1718090",0,0,0,0,0,NA
"4786","2021-2022","ILLINOIS","1718180",0,0,0,0,0,NA
"4787","2021-2022","ILLINOIS","1718200",0,0,0,0,0,NA
"4788","2021-2022","ILLINOIS","1718240",0,0,0,0,0,NA
"4789","2021-2022","ILLINOIS","1718270",0,0,0,0,0,NA
"4790","2021-2022","ILLINOIS","1718360",0,0,0,0,0,NA
"4791","2021-2022","ILLINOIS","1718390",0,0,0,0,0,NA
"4792","2021-2022","ILLINOIS","1718420",0,0,0,0,0,NA
"4793","2021-2022","ILLINOIS","1718450",0,0,0,0,0,NA
"4794","2021-2022","ILLINOIS","1718480",0,0,0,0,0,NA
"4795","2021-2022","ILLINOIS","1718510",0,0,0,0,0,NA
"4796","2021-2022","ILLINOIS","1718570",0,0,0,0,0,NA
"4797","2021-2022","ILLINOIS","1718600",0,0,0,0,0,NA
"4798","2021-2022","ILLINOIS","1718810",0,0,0,0,0,NA
"4799","2021-2022","ILLINOIS","1718840",0,0,0,0,0,NA
"4800","2021-2022","ILLINOIS","1718870",0,0,0,0,0,NA
"4801","2021-2022","ILLINOIS","1718960",0,0,0,0,0,NA
"4802","2021-2022","ILLINOIS","1718990",0,0,0,0,0,NA
"4803","2021-2022","ILLINOIS","1719080",0,0,0,0,0,NA
"4804","2021-2022","ILLINOIS","1719110",0,0,0,0,0,NA
"4805","2021-2022","ILLINOIS","1719200",0,0,0,0,0,NA
"4806","2021-2022","ILLINOIS","1719230",0,0,0,0,0,NA
"4807","2021-2022","ILLINOIS","1719260",0,0,0,0,0,NA
"4808","2021-2022","ILLINOIS","1719290",0,0,0,0,0,NA
"4809","2021-2022","ILLINOIS","1719320",0,0,0,0,0,NA
"4810","2021-2022","ILLINOIS","1719420",0,0,0,0,0,NA
"4811","2021-2022","ILLINOIS","1719500",0,0,0,0,0,NA
"4812","2021-2022","ILLINOIS","1719530",0,0,0,0,0,NA
"4813","2021-2022","ILLINOIS","1719560",0,0,0,0,0,NA
"4814","2021-2022","ILLINOIS","1719620",0,0,0,0,0,NA
"4815","2021-2022","ILLINOIS","1719660",0,0,0,0,0,NA
"4816","2021-2022","ILLINOIS","1719680",0,0,0,0,0,NA
"4817","2021-2022","ILLINOIS","1719830",0,0,0,0,0,NA
"4818","2021-2022","ILLINOIS","1719920",0,0,0,0,0,NA
"4819","2021-2022","ILLINOIS","1719960",0,0,0,0,0,NA
"4820","2021-2022","ILLINOIS","1719970",0,0,0,0,0,NA
"4821","2021-2022","ILLINOIS","1720170",0,0,0,0,0,NA
"4822","2021-2022","ILLINOIS","1720180",0,0,0,0,0,NA
"4823","2021-2022","ILLINOIS","1720190",0,0,0,0,0,NA
"4824","2021-2022","ILLINOIS","1720220",0,0,0,0,0,NA
"4825","2021-2022","ILLINOIS","1720250",0,0,0,0,0,NA
"4826","2021-2022","ILLINOIS","1720280",0,0,0,0,0,NA
"4827","2021-2022","ILLINOIS","1720370",0,0,0,0,0,NA
"4828","2021-2022","ILLINOIS","1720380",0,0,0,0,0,NA
"4829","2021-2022","ILLINOIS","1720430",0,0,0,0,0,NA
"4830","2021-2022","ILLINOIS","1720490",0,0,0,0,0,NA
"4831","2021-2022","ILLINOIS","1720550",0,0,0,0,0,NA
"4832","2021-2022","ILLINOIS","1720580",0,0,0,0,0,NA
"4833","2021-2022","ILLINOIS","1720610",0,0,0,0,0,NA
"4834","2021-2022","ILLINOIS","1720640",0,0,0,0,0,NA
"4835","2021-2022","ILLINOIS","1720760",0,0,0,0,0,NA
"4836","2021-2022","ILLINOIS","1720790",0,0,0,0,0,NA
"4837","2021-2022","ILLINOIS","1720880",0,0,0,0,0,NA
"4838","2021-2022","ILLINOIS","1720910",0,0,0,0,0,NA
"4839","2021-2022","ILLINOIS","1720970",0,0,0,0,0,NA
"4840","2021-2022","ILLINOIS","1721000",0,0,0,0,0,NA
"4841","2021-2022","ILLINOIS","1721030",0,0,0,0,0,NA
"4842","2021-2022","ILLINOIS","1721130",0,0,0,0,0,NA
"4843","2021-2022","ILLINOIS","1721180",0,0,0,0,0,NA
"4844","2021-2022","ILLINOIS","1721270",0,0,0,0,0,NA
"4845","2021-2022","ILLINOIS","1721300",0,0,0,0,0,NA
"4846","2021-2022","ILLINOIS","1721390",0,0,0,0,0,NA
"4847","2021-2022","ILLINOIS","1721420",0,0,0,0,0,NA
"4848","2021-2022","ILLINOIS","1721450",0,0,0,0,0,NA
"4849","2021-2022","ILLINOIS","1721510",0,0,0,0,0,NA
"4850","2021-2022","ILLINOIS","1721590",0,0,0,0,0,NA
"4851","2021-2022","ILLINOIS","1721600",0,0,0,0,0,NA
"4852","2021-2022","ILLINOIS","1721630",0,0,0,0,0,NA
"4853","2021-2022","ILLINOIS","1721680",0,0,0,0,0,NA
"4854","2021-2022","ILLINOIS","1721720",0,0,0,0,0,NA
"4855","2021-2022","ILLINOIS","1721750",0,0,0,0,0,NA
"4856","2021-2022","ILLINOIS","1721780",0,0,0,0,0,NA
"4857","2021-2022","ILLINOIS","1721840",0,0,0,0,0,NA
"4858","2021-2022","ILLINOIS","1721870",0,0,0,0,0,NA
"4859","2021-2022","ILLINOIS","1721900",0,0,0,0,0,NA
"4860","2021-2022","ILLINOIS","1722020",0,0,0,0,0,NA
"4861","2021-2022","ILLINOIS","1722050",0,0,0,0,0,NA
"4862","2021-2022","ILLINOIS","1722080",0,0,0,0,0,NA
"4863","2021-2022","ILLINOIS","1722110",0,0,0,0,0,NA
"4864","2021-2022","ILLINOIS","1722130",0,0,0,0,0,NA
"4865","2021-2022","ILLINOIS","1722150",0,0,0,0,0,NA
"4866","2021-2022","ILLINOIS","1722300",0,0,0,0,0,NA
"4867","2021-2022","ILLINOIS","1722350",0,0,0,0,0,NA
"4868","2021-2022","ILLINOIS","1722500",0,0,0,0,0,NA
"4869","2021-2022","ILLINOIS","1722530",0,0,0,0,0,NA
"4870","2021-2022","ILLINOIS","1722620",0,0,0,0,0,NA
"4871","2021-2022","ILLINOIS","1722710",0,0,0,0,0,NA
"4872","2021-2022","ILLINOIS","1722740",0,0,0,0,0,NA
"4873","2021-2022","ILLINOIS","1722770",0,0,0,0,0,NA
"4874","2021-2022","ILLINOIS","1722800",0,0,0,0,0,NA
"4875","2021-2022","ILLINOIS","1722830",0,0,0,0,0,NA
"4876","2021-2022","ILLINOIS","1722860",0,0,0,0,0,NA
"4877","2021-2022","ILLINOIS","1722870",0,0,0,0,0,NA
"4878","2021-2022","ILLINOIS","1722920",0,0,0,0,0,NA
"4879","2021-2022","ILLINOIS","1722950",0,0,0,0,0,NA
"4880","2021-2022","ILLINOIS","1722980",0,0,0,0,0,NA
"4881","2021-2022","ILLINOIS","1723050",0,0,0,0,0,NA
"4882","2021-2022","ILLINOIS","1723070",0,0,0,0,0,NA
"4883","2021-2022","ILLINOIS","1723090",0,0,0,0,0,NA
"4884","2021-2022","ILLINOIS","1723100",0,0,0,0,0,NA
"4885","2021-2022","ILLINOIS","1723160",0,0,0,0,0,NA
"4886","2021-2022","ILLINOIS","1723200",0,0,0,0,0,NA
"4887","2021-2022","ILLINOIS","1723250",0,0,0,0,0,NA
"4888","2021-2022","ILLINOIS","1723350",0,0,0,0,0,NA
"4889","2021-2022","ILLINOIS","1723460",0,0,0,0,0,NA
"4890","2021-2022","ILLINOIS","1723640",0,0,0,0,0,NA
"4891","2021-2022","ILLINOIS","1723700",0,0,0,0,0,NA
"4892","2021-2022","ILLINOIS","1723730",0,0,0,0,0,NA
"4893","2021-2022","ILLINOIS","1723850",0,0,0,0,0,NA
"4894","2021-2022","ILLINOIS","1723880",0,0,0,0,0,NA
"4895","2021-2022","ILLINOIS","1723920",0,0,0,0,0,NA
"4896","2021-2022","ILLINOIS","1723970",0,0,0,0,0,NA
"4897","2021-2022","ILLINOIS","1724000",0,0,0,0,0,NA
"4898","2021-2022","ILLINOIS","1724060",0,0,0,0,0,NA
"4899","2021-2022","ILLINOIS","1724090",0,0,0,0,0,NA
"4900","2021-2022","ILLINOIS","1724120",0,0,0,0,0,NA
"4901","2021-2022","ILLINOIS","1724270",0,0,0,0,0,NA
"4902","2021-2022","ILLINOIS","1724330",0,0,0,0,0,NA
"4903","2021-2022","ILLINOIS","1724390",0,0,0,0,0,NA
"4904","2021-2022","ILLINOIS","1724420",0,0,0,0,0,NA
"4905","2021-2022","ILLINOIS","1724480",0,0,0,0,0,NA
"4906","2021-2022","ILLINOIS","1724570",0,0,0,0,0,NA
"4907","2021-2022","ILLINOIS","1724600",0,0,0,0,0,NA
"4908","2021-2022","ILLINOIS","1724650",0,0,0,0,0,NA
"4909","2021-2022","ILLINOIS","1724720",0,0,0,0,0,NA
"4910","2021-2022","ILLINOIS","1724750",0,0,0,0,0,NA
"4911","2021-2022","ILLINOIS","1724780",0,0,0,0,0,NA
"4912","2021-2022","ILLINOIS","1724870",0,0,0,0,0,NA
"4913","2021-2022","ILLINOIS","1724900",0,0,0,0,0,NA
"4914","2021-2022","ILLINOIS","1724940",0,0,0,0,0,NA
"4915","2021-2022","ILLINOIS","1725000",0,0,0,0,0,NA
"4916","2021-2022","ILLINOIS","1725020",0,0,0,0,0,NA
"4917","2021-2022","ILLINOIS","1725050",0,0,0,0,0,NA
"4918","2021-2022","ILLINOIS","1725110",0,0,0,0,0,NA
"4919","2021-2022","ILLINOIS","1725190",0,0,0,0,0,NA
"4920","2021-2022","ILLINOIS","1725260",0,0,0,0,0,NA
"4921","2021-2022","ILLINOIS","1725290",0,0,0,0,0,NA
"4922","2021-2022","ILLINOIS","1725320",0,0,0,0,0,NA
"4923","2021-2022","ILLINOIS","1725500",0,0,0,0,0,NA
"4924","2021-2022","ILLINOIS","1725590",0,0,0,0,0,NA
"4925","2021-2022","ILLINOIS","1725620",0,0,0,0,0,NA
"4926","2021-2022","ILLINOIS","1725650",0,0,0,0,0,NA
"4927","2021-2022","ILLINOIS","1725680",0,0,0,0,0,NA
"4928","2021-2022","ILLINOIS","1725690",0,0,0,0,0,NA
"4929","2021-2022","ILLINOIS","1725740",0,0,0,0,0,NA
"4930","2021-2022","ILLINOIS","1725770",0,0,0,0,0,NA
"4931","2021-2022","ILLINOIS","1725920",0,0,0,0,0,NA
"4932","2021-2022","ILLINOIS","1726100",0,0,0,0,0,NA
"4933","2021-2022","ILLINOIS","1726180",0,0,0,0,0,NA
"4934","2021-2022","ILLINOIS","1726190",0,0,0,0,0,NA
"4935","2021-2022","ILLINOIS","1726250",0,0,0,0,0,NA
"4936","2021-2022","ILLINOIS","1726310",0,0,0,0,0,NA
"4937","2021-2022","ILLINOIS","1726340",0,0,0,0,0,NA
"4938","2021-2022","ILLINOIS","1726370",0,0,0,0,0,NA
"4939","2021-2022","ILLINOIS","1726400",0,0,0,0,0,NA
"4940","2021-2022","ILLINOIS","1726430",0,0,0,0,0,NA
"4941","2021-2022","ILLINOIS","1726490",0,0,0,0,0,NA
"4942","2021-2022","ILLINOIS","1726550",0,0,0,0,0,NA
"4943","2021-2022","ILLINOIS","1726590",0,0,0,0,0,NA
"4944","2021-2022","ILLINOIS","1726610",0,0,0,0,0,NA
"4945","2021-2022","ILLINOIS","1726640",0,0,0,0,0,NA
"4946","2021-2022","ILLINOIS","1726710",0,0,0,0,0,NA
"4947","2021-2022","ILLINOIS","1726760",0,0,0,0,0,NA
"4948","2021-2022","ILLINOIS","1726800",0,0,0,0,0,NA
"4949","2021-2022","ILLINOIS","1726820",0,0,0,0,0,NA
"4950","2021-2022","ILLINOIS","1726850",0,0,0,0,0,NA
"4951","2021-2022","ILLINOIS","1726880",0,0,0,0,0,NA
"4952","2021-2022","ILLINOIS","1726970",0,0,0,0,0,NA
"4953","2021-2022","ILLINOIS","1727180",0,0,0,0,0,NA
"4954","2021-2022","ILLINOIS","1727210",0,0,0,0,0,NA
"4955","2021-2022","ILLINOIS","1727290",0,0,0,0,0,NA
"4956","2021-2022","ILLINOIS","1727300",0,0,0,0,0,NA
"4957","2021-2022","ILLINOIS","1727340",0,0,0,0,0,NA
"4958","2021-2022","ILLINOIS","1727360",0,0,0,0,0,NA
"4959","2021-2022","ILLINOIS","1727390",0,0,0,0,0,NA
"4960","2021-2022","ILLINOIS","1727450",0,0,0,0,0,NA
"4961","2021-2022","ILLINOIS","1727540",0,0,0,0,0,NA
"4962","2021-2022","ILLINOIS","1727570",0,0,0,0,0,NA
"4963","2021-2022","ILLINOIS","1727610",0,0,0,0,0,NA
"4964","2021-2022","ILLINOIS","1727710",0,0,0,0,0,NA
"4965","2021-2022","ILLINOIS","1727720",0,0,0,0,0,NA
"4966","2021-2022","ILLINOIS","1727740",0,0,0,0,0,NA
"4967","2021-2022","ILLINOIS","1727780",0,0,0,0,0,NA
"4968","2021-2022","ILLINOIS","1727840",0,0,0,0,0,NA
"4969","2021-2022","ILLINOIS","1727930",0,0,0,0,0,NA
"4970","2021-2022","ILLINOIS","1727960",0,0,0,0,0,NA
"4971","2021-2022","ILLINOIS","1727990",0,0,0,0,0,NA
"4972","2021-2022","ILLINOIS","1728110",0,0,0,0,0,NA
"4973","2021-2022","ILLINOIS","1728140",0,0,0,0,0,NA
"4974","2021-2022","ILLINOIS","1728160",0,0,0,0,0,NA
"4975","2021-2022","ILLINOIS","1728200",0,0,0,0,0,NA
"4976","2021-2022","ILLINOIS","1728260",0,0,0,0,0,NA
"4977","2021-2022","ILLINOIS","1728270",0,0,0,0,0,NA
"4978","2021-2022","ILLINOIS","1728500",0,0,0,0,0,NA
"4979","2021-2022","ILLINOIS","1728530",0,0,0,0,0,NA
"4980","2021-2022","ILLINOIS","1728560",0,0,0,0,0,NA
"4981","2021-2022","ILLINOIS","1728620",0,0,0,0,0,NA
"4982","2021-2022","ILLINOIS","1728650",0,0,0,0,0,NA
"4983","2021-2022","ILLINOIS","1728700",0,0,0,0,0,NA
"4984","2021-2022","ILLINOIS","1728810",0,0,0,0,0,NA
"4985","2021-2022","ILLINOIS","1728890",0,0,0,0,0,NA
"4986","2021-2022","ILLINOIS","1728920",0,0,0,0,0,NA
"4987","2021-2022","ILLINOIS","1728980",0,0,0,0,0,NA
"4988","2021-2022","ILLINOIS","1729010",0,0,0,0,0,NA
"4989","2021-2022","ILLINOIS","1729040",0,0,0,0,0,NA
"4990","2021-2022","ILLINOIS","1729100",0,0,0,0,0,NA
"4991","2021-2022","ILLINOIS","1729130",0,0,0,0,0,NA
"4992","2021-2022","ILLINOIS","1729190",0,0,0,0,0,NA
"4993","2021-2022","ILLINOIS","1729220",0,0,0,0,0,NA
"4994","2021-2022","ILLINOIS","1729250",0,0,0,0,0,NA
"4995","2021-2022","ILLINOIS","1729280",0,0,0,0,0,NA
"4996","2021-2022","ILLINOIS","1729310",0,0,0,0,0,NA
"4997","2021-2022","ILLINOIS","1729340",0,0,0,0,0,NA
"4998","2021-2022","ILLINOIS","1729420",0,0,0,0,0,NA
"4999","2021-2022","ILLINOIS","1729520",0,0,0,0,0,NA
"5000","2021-2022","ILLINOIS","1729670",0,0,0,0,0,NA
"5001","2021-2022","ILLINOIS","1729700",0,0,0,0,0,NA
"5002","2021-2022","ILLINOIS","1729730",0,0,0,0,0,NA
"5003","2021-2022","ILLINOIS","1729760",0,0,0,0,0,NA
"5004","2021-2022","ILLINOIS","1729790",0,0,0,0,0,NA
"5005","2021-2022","ILLINOIS","1729890",0,0,0,0,0,NA
"5006","2021-2022","ILLINOIS","1729940",0,0,0,0,0,NA
"5007","2021-2022","ILLINOIS","1730060",0,0,0,0,0,NA
"5008","2021-2022","ILLINOIS","1730160",0,0,0,0,0,NA
"5009","2021-2022","ILLINOIS","1730200",0,0,0,0,0,NA
"5010","2021-2022","ILLINOIS","1730220",0,0,0,0,0,NA
"5011","2021-2022","ILLINOIS","1730270",0,0,0,0,0,NA
"5012","2021-2022","ILLINOIS","1730300",0,0,0,0,0,NA
"5013","2021-2022","ILLINOIS","1730330",0,0,0,0,0,NA
"5014","2021-2022","ILLINOIS","1730420",0,0,0,0,0,NA
"5015","2021-2022","ILLINOIS","1730450",0,0,0,0,0,NA
"5016","2021-2022","ILLINOIS","1730480",0,0,0,0,0,NA
"5017","2021-2022","ILLINOIS","1730510",0,0,0,0,0,NA
"5018","2021-2022","ILLINOIS","1730540",0,0,0,0,0,NA
"5019","2021-2022","ILLINOIS","1730570",0,0,0,0,0,NA
"5020","2021-2022","ILLINOIS","1730600",0,0,0,0,0,NA
"5021","2021-2022","ILLINOIS","1730630",0,0,0,0,0,NA
"5022","2021-2022","ILLINOIS","1730660",0,0,0,0,0,NA
"5023","2021-2022","ILLINOIS","1730750",0,0,0,0,0,NA
"5024","2021-2022","ILLINOIS","1730780",0,0,0,0,0,NA
"5025","2021-2022","ILLINOIS","1730810",0,0,0,0,0,NA
"5026","2021-2022","ILLINOIS","1730840",0,0,0,0,0,NA
"5027","2021-2022","ILLINOIS","1730870",0,0,0,0,0,NA
"5028","2021-2022","ILLINOIS","1730900",0,0,0,0,0,NA
"5029","2021-2022","ILLINOIS","1730930",0,0,0,0,0,NA
"5030","2021-2022","ILLINOIS","1730990",0,0,0,0,0,NA
"5031","2021-2022","ILLINOIS","1731020",0,0,0,0,0,NA
"5032","2021-2022","ILLINOIS","1731050",0,0,0,0,0,NA
"5033","2021-2022","ILLINOIS","1731080",0,0,0,0,0,NA
"5034","2021-2022","ILLINOIS","1731110",0,0,0,0,0,NA
"5035","2021-2022","ILLINOIS","1731140",0,0,0,0,0,NA
"5036","2021-2022","ILLINOIS","1731200",0,0,0,0,0,NA
"5037","2021-2022","ILLINOIS","1731230",0,0,0,0,0,NA
"5038","2021-2022","ILLINOIS","1731270",0,0,0,0,0,NA
"5039","2021-2022","ILLINOIS","1731290",0,0,0,0,0,NA
"5040","2021-2022","ILLINOIS","1731380",0,0,0,0,0,NA
"5041","2021-2022","ILLINOIS","1731410",0,0,0,0,0,NA
"5042","2021-2022","ILLINOIS","1731500",0,0,0,0,0,NA
"5043","2021-2022","ILLINOIS","1731560",0,0,0,0,0,NA
"5044","2021-2022","ILLINOIS","1731620",0,0,0,0,0,NA
"5045","2021-2022","ILLINOIS","1731710",0,0,0,0,0,NA
"5046","2021-2022","ILLINOIS","1731740",0,0,0,0,0,NA
"5047","2021-2022","ILLINOIS","1731770",0,0,0,0,0,NA
"5048","2021-2022","ILLINOIS","1731860",0,0,0,0,0,NA
"5049","2021-2022","ILLINOIS","1731890",0,0,0,0,0,NA
"5050","2021-2022","ILLINOIS","1731920",0,0,0,0,0,NA
"5051","2021-2022","ILLINOIS","1731950",0,0,0,0,0,NA
"5052","2021-2022","ILLINOIS","1732040",0,0,0,0,0,NA
"5053","2021-2022","ILLINOIS","1732090",0,0,0,0,0,NA
"5054","2021-2022","ILLINOIS","1732100",0,0,0,0,0,NA
"5055","2021-2022","ILLINOIS","1732160",0,0,0,0,0,NA
"5056","2021-2022","ILLINOIS","1732190",0,0,0,0,0,NA
"5057","2021-2022","ILLINOIS","1732220",0,0,0,0,0,NA
"5058","2021-2022","ILLINOIS","1732280",0,0,0,0,0,NA
"5059","2021-2022","ILLINOIS","1732370",0,0,0,0,0,NA
"5060","2021-2022","ILLINOIS","1732490",0,0,0,0,0,NA
"5061","2021-2022","ILLINOIS","1732520",0,0,0,0,0,NA
"5062","2021-2022","ILLINOIS","1732550",0,0,0,0,0,NA
"5063","2021-2022","ILLINOIS","1732580",0,0,0,0,0,NA
"5064","2021-2022","ILLINOIS","1732670",0,0,0,0,0,NA
"5065","2021-2022","ILLINOIS","1732700",0,0,0,0,0,NA
"5066","2021-2022","ILLINOIS","1732770",0,0,0,0,0,NA
"5067","2021-2022","ILLINOIS","1732830",0,0,0,0,0,NA
"5068","2021-2022","ILLINOIS","1732850",0,0,0,0,0,NA
"5069","2021-2022","ILLINOIS","1732910",0,0,0,0,0,NA
"5070","2021-2022","ILLINOIS","1732960",0,0,0,0,0,NA
"5071","2021-2022","ILLINOIS","1732970",0,0,0,0,0,NA
"5072","2021-2022","ILLINOIS","1733000",0,0,0,0,0,NA
"5073","2021-2022","ILLINOIS","1733030",0,0,0,0,0,NA
"5074","2021-2022","ILLINOIS","1733090",0,0,0,0,0,NA
"5075","2021-2022","ILLINOIS","1733120",0,0,0,0,0,NA
"5076","2021-2022","ILLINOIS","1733210",0,0,0,0,0,NA
"5077","2021-2022","ILLINOIS","1733240",0,0,0,0,0,NA
"5078","2021-2022","ILLINOIS","1733270",0,0,0,0,0,NA
"5079","2021-2022","ILLINOIS","1733300",0,0,0,0,0,NA
"5080","2021-2022","ILLINOIS","1733380",0,0,0,0,0,NA
"5081","2021-2022","ILLINOIS","1733390",0,0,0,0,0,NA
"5082","2021-2022","ILLINOIS","1733420",0,0,0,0,0,NA
"5083","2021-2022","ILLINOIS","1733450",0,0,0,0,0,NA
"5084","2021-2022","ILLINOIS","1733510",0,0,0,0,0,NA
"5085","2021-2022","ILLINOIS","1733690",0,0,0,0,0,NA
"5086","2021-2022","ILLINOIS","1733720",0,0,0,0,0,NA
"5087","2021-2022","ILLINOIS","1733750",0,0,0,0,0,NA
"5088","2021-2022","ILLINOIS","1733810",0,0,0,0,0,NA
"5089","2021-2022","ILLINOIS","1733840",0,0,0,0,0,NA
"5090","2021-2022","ILLINOIS","1733870",0,0,0,0,0,NA
"5091","2021-2022","ILLINOIS","1733930",0,0,0,0,0,NA
"5092","2021-2022","ILLINOIS","1733950",0,0,0,0,0,NA
"5093","2021-2022","ILLINOIS","1733990",0,0,0,0,0,NA
"5094","2021-2022","ILLINOIS","1734020",0,0,0,0,0,NA
"5095","2021-2022","ILLINOIS","1734100",0,0,0,0,0,NA
"5096","2021-2022","ILLINOIS","1734110",0,0,0,0,0,NA
"5097","2021-2022","ILLINOIS","1734140",0,0,0,0,0,NA
"5098","2021-2022","ILLINOIS","1734170",0,0,0,0,0,NA
"5099","2021-2022","ILLINOIS","1734230",0,0,0,0,0,NA
"5100","2021-2022","ILLINOIS","1734260",0,0,0,0,0,NA
"5101","2021-2022","ILLINOIS","1734290",0,0,0,0,0,NA
"5102","2021-2022","ILLINOIS","1734320",0,0,0,0,0,NA
"5103","2021-2022","ILLINOIS","1734350",0,0,0,0,0,NA
"5104","2021-2022","ILLINOIS","1734380",0,0,0,0,0,NA
"5105","2021-2022","ILLINOIS","1734410",0,0,0,0,0,NA
"5106","2021-2022","ILLINOIS","1734440",0,0,0,0,0,NA
"5107","2021-2022","ILLINOIS","1734470",0,0,0,0,0,NA
"5108","2021-2022","ILLINOIS","1734510",0,0,0,0,0,NA
"5109","2021-2022","ILLINOIS","1734540",0,0,0,0,0,NA
"5110","2021-2022","ILLINOIS","1734590",0,0,0,0,0,NA
"5111","2021-2022","ILLINOIS","1734620",0,0,0,0,0,NA
"5112","2021-2022","ILLINOIS","1734650",0,0,0,0,0,NA
"5113","2021-2022","ILLINOIS","1734710",0,0,0,0,0,NA
"5114","2021-2022","ILLINOIS","1734740",0,0,0,0,0,NA
"5115","2021-2022","ILLINOIS","1734770",0,0,0,0,0,NA
"5116","2021-2022","ILLINOIS","1734870",0,0,0,0,0,NA
"5117","2021-2022","ILLINOIS","1734990",0,0,0,0,0,NA
"5118","2021-2022","ILLINOIS","1735010",0,0,0,0,0,NA
"5119","2021-2022","ILLINOIS","1735100",0,0,0,0,0,NA
"5120","2021-2022","ILLINOIS","1735160",0,0,0,0,0,NA
"5121","2021-2022","ILLINOIS","1735190",0,0,0,0,0,NA
"5122","2021-2022","ILLINOIS","1735220",0,0,0,0,0,NA
"5123","2021-2022","ILLINOIS","1735310",0,0,0,0,0,NA
"5124","2021-2022","ILLINOIS","1735340",0,0,0,0,0,NA
"5125","2021-2022","ILLINOIS","1735370",0,0,0,0,0,NA
"5126","2021-2022","ILLINOIS","1735400",0,0,0,0,0,NA
"5127","2021-2022","ILLINOIS","1735460",0,0,0,0,0,NA
"5128","2021-2022","ILLINOIS","1735610",0,0,0,0,0,NA
"5129","2021-2022","ILLINOIS","1735640",0,0,0,0,0,NA
"5130","2021-2022","ILLINOIS","1735770",0,0,0,0,0,NA
"5131","2021-2022","ILLINOIS","1735820",0,0,0,0,0,NA
"5132","2021-2022","ILLINOIS","1735850",0,0,0,0,0,NA
"5133","2021-2022","ILLINOIS","1735940",0,0,0,0,0,NA
"5134","2021-2022","ILLINOIS","1735970",0,0,0,0,0,NA
"5135","2021-2022","ILLINOIS","1736090",0,0,0,0,0,NA
"5136","2021-2022","ILLINOIS","1736180",0,0,0,0,0,NA
"5137","2021-2022","ILLINOIS","1736210",0,0,0,0,0,NA
"5138","2021-2022","ILLINOIS","1736240",0,0,0,0,0,NA
"5139","2021-2022","ILLINOIS","1736300",0,0,0,0,0,NA
"5140","2021-2022","ILLINOIS","1736330",0,0,0,0,0,NA
"5141","2021-2022","ILLINOIS","1736360",0,0,0,0,0,NA
"5142","2021-2022","ILLINOIS","1736450",0,0,0,0,0,NA
"5143","2021-2022","ILLINOIS","1736480",0,0,0,0,0,NA
"5144","2021-2022","ILLINOIS","1736510",0,0,0,0,0,NA
"5145","2021-2022","ILLINOIS","1736570",0,0,0,0,0,NA
"5146","2021-2022","ILLINOIS","1736600",0,0,0,0,0,NA
"5147","2021-2022","ILLINOIS","1736610",0,0,0,0,0,NA
"5148","2021-2022","ILLINOIS","1736640",0,0,0,0,0,NA
"5149","2021-2022","ILLINOIS","1736720",0,0,0,0,0,NA
"5150","2021-2022","ILLINOIS","1736750",0,0,0,0,0,NA
"5151","2021-2022","ILLINOIS","1736780",0,0,0,0,0,NA
"5152","2021-2022","ILLINOIS","1736810",0,0,0,0,0,NA
"5153","2021-2022","ILLINOIS","1736840",0,0,0,0,0,NA
"5154","2021-2022","ILLINOIS","1736900",0,0,0,0,0,NA
"5155","2021-2022","ILLINOIS","1736960",0,0,0,0,0,NA
"5156","2021-2022","ILLINOIS","1737020",0,0,0,0,0,NA
"5157","2021-2022","ILLINOIS","1737050",0,0,0,0,0,NA
"5158","2021-2022","ILLINOIS","1737080",0,0,0,0,0,NA
"5159","2021-2022","ILLINOIS","1737120",0,0,0,0,0,NA
"5160","2021-2022","ILLINOIS","1737140",0,0,0,0,0,NA
"5161","2021-2022","ILLINOIS","1737170",0,0,0,0,0,NA
"5162","2021-2022","ILLINOIS","1737230",0,0,0,0,0,NA
"5163","2021-2022","ILLINOIS","1737320",0,0,0,0,0,NA
"5164","2021-2022","ILLINOIS","1737350",0,0,0,0,0,NA
"5165","2021-2022","ILLINOIS","1737380",0,0,0,0,0,NA
"5166","2021-2022","ILLINOIS","1737410",0,0,0,0,0,NA
"5167","2021-2022","ILLINOIS","1737440",0,0,0,0,0,NA
"5168","2021-2022","ILLINOIS","1737470",0,0,0,0,0,NA
"5169","2021-2022","ILLINOIS","1737490",0,0,0,0,0,NA
"5170","2021-2022","ILLINOIS","1737590",0,0,0,0,0,NA
"5171","2021-2022","ILLINOIS","1737650",0,0,0,0,0,NA
"5172","2021-2022","ILLINOIS","1737680",0,0,0,0,0,NA
"5173","2021-2022","ILLINOIS","1737800",0,0,0,0,0,NA
"5174","2021-2022","ILLINOIS","1737830",0,0,0,0,0,NA
"5175","2021-2022","ILLINOIS","1737860",0,0,0,0,0,NA
"5176","2021-2022","ILLINOIS","1737980",0,0,0,0,0,NA
"5177","2021-2022","ILLINOIS","1738070",0,0,0,0,0,NA
"5178","2021-2022","ILLINOIS","1738100",0,0,0,0,0,NA
"5179","2021-2022","ILLINOIS","1738130",0,0,0,0,0,NA
"5180","2021-2022","ILLINOIS","1738190",0,0,0,0,0,NA
"5181","2021-2022","ILLINOIS","1738220",0,0,0,0,0,NA
"5182","2021-2022","ILLINOIS","1738370",0,0,0,0,0,NA
"5183","2021-2022","ILLINOIS","1738400",0,0,0,0,0,NA
"5184","2021-2022","ILLINOIS","1738460",0,0,0,0,0,NA
"5185","2021-2022","ILLINOIS","1738490",0,0,0,0,0,NA
"5186","2021-2022","ILLINOIS","1738520",0,0,0,0,0,NA
"5187","2021-2022","ILLINOIS","1738550",0,0,0,0,0,NA
"5188","2021-2022","ILLINOIS","1738700",0,0,0,0,0,NA
"5189","2021-2022","ILLINOIS","1738760",0,0,0,0,0,NA
"5190","2021-2022","ILLINOIS","1738790",0,0,0,0,0,NA
"5191","2021-2022","ILLINOIS","1738910",0,0,0,0,0,NA
"5192","2021-2022","ILLINOIS","1738940",0,0,0,0,0,NA
"5193","2021-2022","ILLINOIS","1738970",0,0,0,0,0,NA
"5194","2021-2022","ILLINOIS","1739030",0,0,0,0,0,NA
"5195","2021-2022","ILLINOIS","1739090",0,0,0,0,0,NA
"5196","2021-2022","ILLINOIS","1739120",0,0,0,0,0,NA
"5197","2021-2022","ILLINOIS","1739180",0,0,0,0,0,NA
"5198","2021-2022","ILLINOIS","1739390",0,0,0,0,0,NA
"5199","2021-2022","ILLINOIS","1739420",0,0,0,0,0,NA
"5200","2021-2022","ILLINOIS","1739450",0,0,0,0,0,NA
"5201","2021-2022","ILLINOIS","1739480",0,0,0,0,0,NA
"5202","2021-2022","ILLINOIS","1739510",0,0,0,0,0,NA
"5203","2021-2022","ILLINOIS","1739600",0,0,0,0,0,NA
"5204","2021-2022","ILLINOIS","1739630",0,0,0,0,0,NA
"5205","2021-2022","ILLINOIS","1739660",0,0,0,0,0,NA
"5206","2021-2022","ILLINOIS","1739780",0,0,0,0,0,NA
"5207","2021-2022","ILLINOIS","1739870",0,0,0,0,0,NA
"5208","2021-2022","ILLINOIS","1739930",0,0,0,0,0,NA
"5209","2021-2022","ILLINOIS","1739960",0,0,0,0,0,NA
"5210","2021-2022","ILLINOIS","1740070",0,0,0,0,0,NA
"5211","2021-2022","ILLINOIS","1740080",0,0,0,0,0,NA
"5212","2021-2022","ILLINOIS","1740140",0,0,0,0,0,NA
"5213","2021-2022","ILLINOIS","1740200",0,0,0,0,0,NA
"5214","2021-2022","ILLINOIS","1740260",0,0,0,0,0,NA
"5215","2021-2022","ILLINOIS","1740290",0,0,0,0,0,NA
"5216","2021-2022","ILLINOIS","1740320",0,0,0,0,0,NA
"5217","2021-2022","ILLINOIS","1740350",0,0,0,0,0,NA
"5218","2021-2022","ILLINOIS","1740410",0,0,0,0,0,NA
"5219","2021-2022","ILLINOIS","1740440",0,0,0,0,0,NA
"5220","2021-2022","ILLINOIS","1740470",0,0,0,0,0,NA
"5221","2021-2022","ILLINOIS","1740500",0,0,0,0,0,NA
"5222","2021-2022","ILLINOIS","1740530",0,0,0,0,0,NA
"5223","2021-2022","ILLINOIS","1740620",0,0,0,0,0,NA
"5224","2021-2022","ILLINOIS","1740650",0,0,0,0,0,NA
"5225","2021-2022","ILLINOIS","1740680",0,0,0,0,0,NA
"5226","2021-2022","ILLINOIS","1740740",0,0,0,0,0,NA
"5227","2021-2022","ILLINOIS","1740800",0,0,0,0,0,NA
"5228","2021-2022","ILLINOIS","1740830",0,0,0,0,0,NA
"5229","2021-2022","ILLINOIS","1740890",0,0,0,0,0,NA
"5230","2021-2022","ILLINOIS","1740920",0,0,0,0,0,NA
"5231","2021-2022","ILLINOIS","1740980",0,0,0,0,0,NA
"5232","2021-2022","ILLINOIS","1741010",0,0,0,0,0,NA
"5233","2021-2022","ILLINOIS","1741040",0,0,0,0,0,NA
"5234","2021-2022","ILLINOIS","1741070",0,0,0,0,0,NA
"5235","2021-2022","ILLINOIS","1741190",0,0,0,0,0,NA
"5236","2021-2022","ILLINOIS","1741250",0,0,0,0,0,NA
"5237","2021-2022","ILLINOIS","1741280",0,0,0,0,0,NA
"5238","2021-2022","ILLINOIS","1741360",0,0,0,0,0,NA
"5239","2021-2022","ILLINOIS","1741520",0,0,0,0,0,NA
"5240","2021-2022","ILLINOIS","1741550",0,0,0,0,0,NA
"5241","2021-2022","ILLINOIS","1741580",0,0,0,0,0,NA
"5242","2021-2022","ILLINOIS","1741600",0,0,0,0,0,NA
"5243","2021-2022","ILLINOIS","1741690",0,0,0,0,0,NA
"5244","2021-2022","ILLINOIS","1741700",0,0,0,0,0,NA
"5245","2021-2022","ILLINOIS","1741750",0,0,0,0,0,NA
"5246","2021-2022","ILLINOIS","1741790",0,0,0,0,0,NA
"5247","2021-2022","ILLINOIS","1741820",0,0,0,0,0,NA
"5248","2021-2022","ILLINOIS","1741980",0,0,0,0,0,NA
"5249","2021-2022","ILLINOIS","1742060",0,0,0,0,0,NA
"5250","2021-2022","ILLINOIS","1742180",0,0,0,0,0,NA
"5251","2021-2022","ILLINOIS","1742210",0,0,0,0,0,NA
"5252","2021-2022","ILLINOIS","1742240",0,0,0,0,0,NA
"5253","2021-2022","ILLINOIS","1742300",0,0,0,0,0,NA
"5254","2021-2022","ILLINOIS","1742310",0,0,0,0,0,NA
"5255","2021-2022","ILLINOIS","1742450",0,0,0,0,0,NA
"5256","2021-2022","ILLINOIS","1742480",0,0,0,0,0,NA
"5257","2021-2022","ILLINOIS","1742510",0,0,0,0,0,NA
"5258","2021-2022","ILLINOIS","1742570",0,0,0,0,0,NA
"5259","2021-2022","ILLINOIS","1742600",0,0,0,0,0,NA
"5260","2021-2022","ILLINOIS","1742630",0,0,0,0,0,NA
"5261","2021-2022","ILLINOIS","1742660",0,0,0,0,0,NA
"5262","2021-2022","ILLINOIS","1742690",0,0,0,0,0,NA
"5263","2021-2022","ILLINOIS","1742720",0,0,0,0,0,NA
"5264","2021-2022","ILLINOIS","1742790",0,0,0,0,0,NA
"5265","2021-2022","ILLINOIS","1742840",0,0,0,0,0,NA
"5266","2021-2022","ILLINOIS","1742900",0,0,0,0,0,NA
"5267","2021-2022","ILLINOIS","1742960",0,0,0,0,0,NA
"5268","2021-2022","ILLINOIS","1742990",0,0,0,0,0,NA
"5269","2021-2022","ILLINOIS","1743020",0,0,0,0,0,NA
"5270","2021-2022","ILLINOIS","1743050",0,0,0,0,0,NA
"5271","2021-2022","ILLINOIS","1743110",0,0,0,0,0,NA
"5272","2021-2022","ILLINOIS","1743330",0,0,0,0,0,NA
"5273","2021-2022","ILLINOIS","1743380",0,0,0,0,0,NA
"5274","2021-2022","ILLINOIS","1743800",0,0,0,0,0,NA
"5275","2021-2022","ILLINOIS","1743860",0,0,0,0,0,NA
"5276","2021-2022","ILLINOIS","1743890",0,0,0,0,0,NA
"5277","2021-2022","ILLINOIS","1743960",0,0,0,0,0,NA
"5278","2021-2022","ILLINOIS","1743962",0,0,0,0,0,NA
"5279","2021-2022","INDIANA","1800006",0,0,0,121,121,0
"5280","2021-2022","INDIANA","1800007",0,0,0,0,0,NA
"5281","2021-2022","INDIANA","1800008",52,424,476,370,846,0.562647754137116
"5282","2021-2022","INDIANA","1800009",0,0,0,0,0,NA
"5283","2021-2022","INDIANA","1800011",56,84,140,58,198,0.707070707070707
"5284","2021-2022","INDIANA","1800013",4,322,326,295,621,0.524959742351047
"5285","2021-2022","INDIANA","1800014",83,528,611,507,1118,0.546511627906977
"5286","2021-2022","INDIANA","1800016",11,39,50,33,83,0.602409638554217
"5287","2021-2022","INDIANA","1800018",87,590,677,470,1147,0.59023539668701
"5288","2021-2022","INDIANA","1800021",17,45,62,38,100,0.62
"5289","2021-2022","INDIANA","1800023",0,123,123,40,163,0.754601226993865
"5290","2021-2022","INDIANA","1800024",0,0,0,40,40,0
"5291","2021-2022","INDIANA","1800025",0,586,586,549,1135,0.516299559471366
"5292","2021-2022","INDIANA","1800027",8,670,678,528,1206,0.562189054726368
"5293","2021-2022","INDIANA","1800028",13,354,367,290,657,0.558599695585997
"5294","2021-2022","INDIANA","1800030",240,1130,1370,950,2320,0.59051724137931
"5295","2021-2022","INDIANA","1800033",30,551,581,451,1032,0.562984496124031
"5296","2021-2022","INDIANA","1800034",0,0,0,0,0,NA
"5297","2021-2022","INDIANA","1800036",0,0,0,0,0,NA
"5298","2021-2022","INDIANA","1800037",27,160,187,160,347,0.538904899135447
"5299","2021-2022","INDIANA","1800038",42,116,158,120,278,0.568345323741007
"5300","2021-2022","INDIANA","1800041",8,37,45,28,73,0.616438356164384
"5301","2021-2022","INDIANA","1800042",27,443,470,323,793,0.592686002522068
"5302","2021-2022","INDIANA","1800043",0,108,108,64,172,0.627906976744186
"5303","2021-2022","INDIANA","1800045",36,269,305,226,531,0.574387947269303
"5304","2021-2022","INDIANA","1800046",43,1025,1068,968,2036,0.524557956777996
"5305","2021-2022","INDIANA","1800048",11,404,415,268,683,0.607613469985359
"5306","2021-2022","INDIANA","1800051",81,814,895,691,1586,0.564312736443884
"5307","2021-2022","INDIANA","1800052",6,1187,1193,895,2088,0.571360153256705
"5308","2021-2022","INDIANA","1800054",13,475,488,317,805,0.606211180124224
"5309","2021-2022","INDIANA","1800057",22,284,306,263,569,0.537785588752197
"5310","2021-2022","INDIANA","1800058",54,324,378,290,668,0.565868263473054
"5311","2021-2022","INDIANA","1800060",35,230,265,195,460,0.576086956521739
"5312","2021-2022","INDIANA","1800061",0,0,0,39,39,0
"5313","2021-2022","INDIANA","1800064",5,157,162,159,321,0.504672897196262
"5314","2021-2022","INDIANA","1800065",5,75,80,61,141,0.567375886524823
"5315","2021-2022","INDIANA","1800067",0,419,419,335,754,0.555702917771883
"5316","2021-2022","INDIANA","1800071",20,404,424,342,766,0.553524804177546
"5317","2021-2022","INDIANA","1800077",36,512,548,448,996,0.550200803212851
"5318","2021-2022","INDIANA","1800082",63,322,385,254,639,0.602503912363067
"5319","2021-2022","INDIANA","1800083",8,99,107,84,191,0.56020942408377
"5320","2021-2022","INDIANA","1800086",57,573,630,510,1140,0.552631578947368
"5321","2021-2022","INDIANA","1800088",16,116,132,117,249,0.530120481927711
"5322","2021-2022","INDIANA","1800093",32,516,548,169,717,0.764295676429568
"5323","2021-2022","INDIANA","1800094",0,528,528,415,943,0.559915164369035
"5324","2021-2022","INDIANA","1800098",626,1973,2599,1761,4360,0.596100917431193
"5325","2021-2022","INDIANA","1800099",15,202,217,169,386,0.562176165803109
"5326","2021-2022","INDIANA","1800101",45,189,234,172,406,0.576354679802956
"5327","2021-2022","INDIANA","1800102",3,112,115,75,190,0.605263157894737
"5328","2021-2022","INDIANA","1800105",15,75,90,52,142,0.633802816901408
"5329","2021-2022","INDIANA","1800107",14,98,112,85,197,0.568527918781726
"5330","2021-2022","INDIANA","1800108",1,175,176,101,277,0.635379061371841
"5331","2021-2022","INDIANA","1800113",15,105,120,82,202,0.594059405940594
"5332","2021-2022","INDIANA","1800116",5,185,190,65,255,0.745098039215686
"5333","2021-2022","INDIANA","1800118",83,587,670,490,1160,0.577586206896552
"5334","2021-2022","INDIANA","1800120",82,717,799,639,1438,0.555632823365786
"5335","2021-2022","INDIANA","1800122",23,511,534,60,594,0.898989898989899
"5336","2021-2022","INDIANA","1800123",1,105,106,99,205,0.517073170731707
"5337","2021-2022","INDIANA","1800124",10,261,271,257,528,0.513257575757576
"5338","2021-2022","INDIANA","1800129",0,0,0,74,74,0
"5339","2021-2022","INDIANA","1800131",5,52,57,45,102,0.558823529411765
"5340","2021-2022","INDIANA","1800133",0,0,0,0,0,NA
"5341","2021-2022","INDIANA","1800134",6,65,71,68,139,0.510791366906475
"5342","2021-2022","INDIANA","1800135",17,208,225,99,324,0.694444444444444
"5343","2021-2022","INDIANA","1800137",25,475,500,324,824,0.606796116504854
"5344","2021-2022","INDIANA","1800138",1,36,37,24,61,0.60655737704918
"5345","2021-2022","INDIANA","1800142",10,205,215,107,322,0.667701863354037
"5346","2021-2022","INDIANA","1800145",23,312,335,279,614,0.545602605863192
"5347","2021-2022","INDIANA","1800146",14,340,354,276,630,0.561904761904762
"5348","2021-2022","INDIANA","1800147",9,587,596,500,1096,0.543795620437956
"5349","2021-2022","INDIANA","1800148",11,199,210,165,375,0.56
"5350","2021-2022","INDIANA","1800149",35,414,449,311,760,0.590789473684211
"5351","2021-2022","INDIANA","1800150",270,4211,4481,3721,8202,0.546330163374787
"5352","2021-2022","INDIANA","1800159",0,0,0,21,21,0
"5353","2021-2022","INDIANA","1800161",50,411,461,367,828,0.556763285024155
"5354","2021-2022","INDIANA","1800163",8,87,95,19,114,0.833333333333333
"5355","2021-2022","INDIANA","1800164",42,231,273,214,487,0.560574948665298
"5356","2021-2022","INDIANA","1800165",7,340,347,301,648,0.535493827160494
"5357","2021-2022","INDIANA","1800168",8,83,91,85,176,0.517045454545455
"5358","2021-2022","INDIANA","1800169",23,106,129,33,162,0.796296296296296
"5359","2021-2022","INDIANA","1800170",21,533,554,345,899,0.616240266963293
"5360","2021-2022","INDIANA","1800171",1,327,328,300,628,0.522292993630573
"5361","2021-2022","INDIANA","1800172",13,92,105,80,185,0.567567567567568
"5362","2021-2022","INDIANA","1800175",6,82,88,41,129,0.682170542635659
"5363","2021-2022","INDIANA","1800176",0,0,0,109,109,0
"5364","2021-2022","INDIANA","1800177",3,332,335,313,648,0.516975308641975
"5365","2021-2022","INDIANA","1800178",3,183,186,153,339,0.548672566371681
"5366","2021-2022","INDIANA","1800179",31,187,218,162,380,0.573684210526316
"5367","2021-2022","INDIANA","1800180",45,247,292,240,532,0.548872180451128
"5368","2021-2022","INDIANA","1800181",9,235,244,176,420,0.580952380952381
"5369","2021-2022","INDIANA","1800182",4,84,88,71,159,0.553459119496855
"5370","2021-2022","INDIANA","1800183",42,329,371,316,687,0.540029112081514
"5371","2021-2022","INDIANA","1800184",18,127,145,116,261,0.555555555555556
"5372","2021-2022","INDIANA","1800185",7,86,93,32,125,0.744
"5373","2021-2022","INDIANA","1800187",23,240,263,204,467,0.563169164882227
"5374","2021-2022","INDIANA","1800188",9,172,181,167,348,0.520114942528736
"5375","2021-2022","INDIANA","1800189",4,54,58,41,99,0.585858585858586
"5376","2021-2022","INDIANA","1800190",12,325,337,280,617,0.546191247974068
"5377","2021-2022","INDIANA","1800191",61,190,251,166,417,0.601918465227818
"5378","2021-2022","INDIANA","1800192",14,273,287,235,522,0.549808429118774
"5379","2021-2022","INDIANA","1800193",10,75,85,61,146,0.582191780821918
"5380","2021-2022","INDIANA","1800194",17,601,618,424,1042,0.593090211132438
"5381","2021-2022","INDIANA","1800196",21,131,152,118,270,0.562962962962963
"5382","2021-2022","INDIANA","1800197",3,81,84,73,157,0.535031847133758
"5383","2021-2022","INDIANA","1800198",0,0,0,68,68,0
"5384","2021-2022","INDIANA","1800199",8,96,104,79,183,0.568306010928962
"5385","2021-2022","INDIANA","1800200",6,65,71,20,91,0.78021978021978
"5386","2021-2022","INDIANA","1800202",4,178,182,166,348,0.522988505747126
"5387","2021-2022","INDIANA","1800203",5,115,120,111,231,0.519480519480519
"5388","2021-2022","INDIANA","1800204",9,239,248,232,480,0.516666666666667
"5389","2021-2022","INDIANA","1800205",3,27,30,22,52,0.576923076923077
"5390","2021-2022","INDIANA","1800206",9,281,290,221,511,0.567514677103718
"5391","2021-2022","INDIANA","1800207",5,153,158,133,291,0.542955326460481
"5392","2021-2022","INDIANA","1800208",14,151,165,131,296,0.557432432432432
"5393","2021-2022","INDIANA","1800209",1,72,73,11,84,0.869047619047619
"5394","2021-2022","INDIANA","1800210",52,260,312,225,537,0.581005586592179
"5395","2021-2022","INDIANA","1800211",9,75,84,69,153,0.549019607843137
"5396","2021-2022","INDIANA","1800212",65,454,519,356,875,0.593142857142857
"5397","2021-2022","INDIANA","1800213",109,491,600,455,1055,0.568720379146919
"5398","2021-2022","INDIANA","1800214",8,39,47,38,85,0.552941176470588
"5399","2021-2022","INDIANA","1800215",17,280,297,276,573,0.518324607329843
"5400","2021-2022","INDIANA","1800216",2,360,362,256,618,0.585760517799353
"5401","2021-2022","INDIANA","1800217",0,0,0,9,9,0
"5402","2021-2022","INDIANA","1800218",5,324,329,301,630,0.522222222222222
"5403","2021-2022","INDIANA","1800219",6,131,137,107,244,0.561475409836066
"5404","2021-2022","INDIANA","1800220",28,413,441,298,739,0.596752368064953
"5405","2021-2022","INDIANA","1800221",0,130,130,129,259,0.501930501930502
"5406","2021-2022","INDIANA","1800222",4,384,388,377,765,0.50718954248366
"5407","2021-2022","INDIANA","1800223",7,97,104,73,177,0.587570621468927
"5408","2021-2022","INDIANA","1800224",7,74,81,64,145,0.558620689655172
"5409","2021-2022","INDIANA","1800225",5,215,220,207,427,0.515222482435597
"5410","2021-2022","INDIANA","1800226",18,211,229,201,430,0.532558139534884
"5411","2021-2022","INDIANA","1800227",5,46,51,25,76,0.671052631578947
"5412","2021-2022","INDIANA","1800228",2,61,63,49,112,0.5625
"5413","2021-2022","INDIANA","1800229",13,156,169,134,303,0.557755775577558
"5414","2021-2022","INDIANA","1800230",0,0,0,24,24,0
"5415","2021-2022","INDIANA","1800231",5,34,39,22,61,0.639344262295082
"5416","2021-2022","INDIANA","1800232",16,28,44,16,60,0.733333333333333
"5417","2021-2022","INDIANA","1800240",71,739,810,710,1520,0.532894736842105
"5418","2021-2022","INDIANA","1800270",822,2606,3428,2189,5617,0.610290190493146
"5419","2021-2022","INDIANA","1800330",21,203,224,173,397,0.564231738035264
"5420","2021-2022","INDIANA","1800360",616,4070,4686,3423,8109,0.577876433592305
"5421","2021-2022","INDIANA","1800390",110,434,544,404,948,0.573839662447257
"5422","2021-2022","INDIANA","1800420",29,157,186,312,498,0.373493975903614
"5423","2021-2022","INDIANA","1800450",160,1159,1319,1023,2342,0.563193851409052
"5424","2021-2022","INDIANA","1800480",101,700,801,570,1371,0.584245076586433
"5425","2021-2022","INDIANA","1800570",76,642,718,649,1367,0.525237746891002
"5426","2021-2022","INDIANA","1800600",54,304,358,263,621,0.576489533011272
"5427","2021-2022","INDIANA","1800630",223,3030,3253,2808,6061,0.5367101138426
"5428","2021-2022","INDIANA","1800660",39,255,294,221,515,0.570873786407767
"5429","2021-2022","INDIANA","1800690",142,757,899,597,1496,0.600935828877005
"5430","2021-2022","INDIANA","1800720",123,595,718,533,1251,0.573940847322142
"5431","2021-2022","INDIANA","1800750",94,342,436,276,712,0.612359550561798
"5432","2021-2022","INDIANA","1800840",255,1626,1881,1581,3462,0.543327556325823
"5433","2021-2022","INDIANA","1800900",101,465,566,384,950,0.595789473684211
"5434","2021-2022","INDIANA","1800960",100,651,751,580,1331,0.564237415477085
"5435","2021-2022","INDIANA","1801020",628,1726,2354,1498,3852,0.611111111111111
"5436","2021-2022","INDIANA","1801050",87,473,560,416,976,0.573770491803279
"5437","2021-2022","INDIANA","1801060",57,418,475,379,854,0.556206088992974
"5438","2021-2022","INDIANA","1801170",17,140,157,135,292,0.537671232876712
"5439","2021-2022","INDIANA","1801200",356,1263,1619,1145,2764,0.585745296671491
"5440","2021-2022","INDIANA","1801230",0,157,157,97,254,0.618110236220472
"5441","2021-2022","INDIANA","1801290",84,369,453,313,766,0.591383812010444
"5442","2021-2022","INDIANA","1801410",72,287,359,224,583,0.615780445969125
"5443","2021-2022","INDIANA","1801440",301,1413,1714,1416,3130,0.547603833865815
"5444","2021-2022","INDIANA","1801470",0,0,0,0,0,NA
"5445","2021-2022","INDIANA","1801560",123,449,572,429,1001,0.571428571428571
"5446","2021-2022","INDIANA","1801590",273,1194,1467,1041,2508,0.584928229665072
"5447","2021-2022","INDIANA","1801710",93,323,416,290,706,0.589235127478754
"5448","2021-2022","INDIANA","1801740",54,360,414,313,727,0.569463548830812
"5449","2021-2022","INDIANA","1801770",78,475,553,465,1018,0.543222003929273
"5450","2021-2022","INDIANA","1801890",487,2264,2751,2109,4860,0.566049382716049
"5451","2021-2022","INDIANA","1801920",43,985,1028,905,1933,0.531815830315572
"5452","2021-2022","INDIANA","1802040",119,366,485,352,837,0.579450418160096
"5453","2021-2022","INDIANA","1802130",34,339,373,303,676,0.551775147928994
"5454","2021-2022","INDIANA","1802160",85,417,502,365,867,0.579008073817762
"5455","2021-2022","INDIANA","1802190",55,272,327,226,553,0.591320072332731
"5456","2021-2022","INDIANA","1802220",93,504,597,473,1070,0.557943925233645
"5457","2021-2022","INDIANA","1802280",169,821,990,792,1782,0.555555555555556
"5458","2021-2022","INDIANA","1802400",410,2030,2440,1724,4164,0.58597502401537
"5459","2021-2022","INDIANA","1802420",0,0,0,0,0,NA
"5460","2021-2022","INDIANA","1802430",66,193,259,161,420,0.616666666666667
"5461","2021-2022","INDIANA","1802440",126,684,810,590,1400,0.578571428571429
"5462","2021-2022","INDIANA","1802460",198,1245,1443,1009,2452,0.588499184339315
"5463","2021-2022","INDIANA","1802490",267,1475,1742,1380,3122,0.557975656630365
"5464","2021-2022","INDIANA","1802520",52,374,426,317,743,0.573351278600269
"5465","2021-2022","INDIANA","1802550",139,480,619,435,1054,0.587286527514231
"5466","2021-2022","INDIANA","1802610",124,714,838,606,1444,0.580332409972299
"5467","2021-2022","INDIANA","1802640",540,3194,3734,2854,6588,0.566788099574985
"5468","2021-2022","INDIANA","1802660",147,851,998,817,1815,0.549862258953168
"5469","2021-2022","INDIANA","1802700",153,548,701,414,1115,0.628699551569507
"5470","2021-2022","INDIANA","1802800",226,1283,1509,1239,2748,0.549126637554585
"5471","2021-2022","INDIANA","1802830",93,312,405,297,702,0.576923076923077
"5472","2021-2022","INDIANA","1802850",556,4319,4875,3973,8848,0.550971971066908
"5473","2021-2022","INDIANA","1802880",146,2417,2563,2260,4823,0.531411984242173
"5474","2021-2022","INDIANA","1802910",76,806,882,709,1591,0.554368321810182
"5475","2021-2022","INDIANA","1802940",35,341,376,256,632,0.594936708860759
"5476","2021-2022","INDIANA","1802970",320,1243,1563,1084,2647,0.590479788439743
"5477","2021-2022","INDIANA","1803000",68,505,573,459,1032,0.555232558139535
"5478","2021-2022","INDIANA","1803030",122,399,521,397,918,0.567538126361656
"5479","2021-2022","INDIANA","1803060",99,365,464,338,802,0.5785536159601
"5480","2021-2022","INDIANA","1803090",71,446,517,352,869,0.594936708860759
"5481","2021-2022","INDIANA","1803120",52,288,340,246,586,0.580204778156997
"5482","2021-2022","INDIANA","1803150",162,491,653,414,1067,0.611996251171509
"5483","2021-2022","INDIANA","1803180",77,427,504,359,863,0.584009269988413
"5484","2021-2022","INDIANA","1803210",55,362,417,348,765,0.545098039215686
"5485","2021-2022","INDIANA","1803240",91,471,562,417,979,0.574055158324821
"5486","2021-2022","INDIANA","1803270",782,5493,6275,5325,11600,0.540948275862069
"5487","2021-2022","INDIANA","1803300",42,744,786,760,1546,0.508408796895213
"5488","2021-2022","INDIANA","1803330",15,133,148,90,238,0.621848739495798
"5489","2021-2022","INDIANA","1803450",1445,8486,9931,8139,18070,0.549584947426674
"5490","2021-2022","INDIANA","1803480",102,381,483,336,819,0.58974358974359
"5491","2021-2022","INDIANA","1803510",140,1872,2012,1567,3579,0.562168203408773
"5492","2021-2022","INDIANA","1803570",61,310,371,289,660,0.562121212121212
"5493","2021-2022","INDIANA","1803630",1687,17104,18791,15509,34300,0.547842565597668
"5494","2021-2022","INDIANA","1803660",353,1784,2137,1379,3516,0.607792946530148
"5495","2021-2022","INDIANA","1803690",389,1461,1850,1379,3229,0.572932796531434
"5496","2021-2022","INDIANA","1803700",161,710,871,636,1507,0.577969475779695
"5497","2021-2022","INDIANA","1803720",47,119,166,125,291,0.570446735395189
"5498","2021-2022","INDIANA","1803750",718,4059,4777,3470,8247,0.579240936097975
"5499","2021-2022","INDIANA","1803780",75,262,337,264,601,0.560732113144759
"5500","2021-2022","INDIANA","1803810",24,140,164,135,299,0.548494983277592
"5501","2021-2022","INDIANA","1803840",140,607,747,571,1318,0.566767830045524
"5502","2021-2022","INDIANA","1803870",44,3699,3743,3134,6877,0.544278028209975
"5503","2021-2022","INDIANA","1803930",837,2662,3499,2030,5529,0.632844999095677
"5504","2021-2022","INDIANA","1803940",580,4745,5325,3598,8923,0.596772385968845
"5505","2021-2022","INDIANA","1803960",261,888,1149,657,1806,0.636212624584718
"5506","2021-2022","INDIANA","1803990",147,653,800,651,1451,0.551343900758098
"5507","2021-2022","INDIANA","1804050",236,1171,1407,1122,2529,0.556346381969158
"5508","2021-2022","INDIANA","1804080",93,773,866,723,1589,0.544996853366897
"5509","2021-2022","INDIANA","1804110",258,1560,1818,1479,3297,0.551410373066424
"5510","2021-2022","INDIANA","1804140",85,409,494,354,848,0.582547169811321
"5511","2021-2022","INDIANA","1804170",171,809,980,582,1562,0.627400768245839
"5512","2021-2022","INDIANA","1804230",30,101,131,89,220,0.595454545454545
"5513","2021-2022","INDIANA","1804260",105,529,634,537,1171,0.541417591801879
"5514","2021-2022","INDIANA","1804320",721,8069,8790,6870,15660,0.561302681992337
"5515","2021-2022","INDIANA","1804350",77,379,456,358,814,0.56019656019656
"5516","2021-2022","INDIANA","1804470",56,548,604,506,1110,0.544144144144144
"5517","2021-2022","INDIANA","1804500",42,423,465,360,825,0.563636363636364
"5518","2021-2022","INDIANA","1804560",160,897,1057,811,1868,0.565845824411135
"5519","2021-2022","INDIANA","1804590",241,1576,1817,1453,3270,0.55565749235474
"5520","2021-2022","INDIANA","1804620",38,867,905,737,1642,0.55115712545676
"5521","2021-2022","INDIANA","1804710",281,1832,2113,1691,3804,0.55546792849632
"5522","2021-2022","INDIANA","1804770",0,14077,14077,12636,26713,0.526971886347471
"5523","2021-2022","INDIANA","1804800",58,304,362,267,629,0.575516693163752
"5524","2021-2022","INDIANA","1804980",268,1277,1545,1051,2596,0.595146379044684
"5525","2021-2022","INDIANA","1805190",391,1872,2263,1572,3835,0.590091264667536
"5526","2021-2022","INDIANA","1805280",236,1115,1351,968,2319,0.582578697714532
"5527","2021-2022","INDIANA","1805340",113,903,1016,753,1769,0.574335782928208
"5528","2021-2022","INDIANA","1805370",122,2889,3011,2732,5743,0.524290440536305
"5529","2021-2022","INDIANA","1805400",619,4341,4960,3809,8769,0.5656289200593
"5530","2021-2022","INDIANA","1805450",458,1792,2250,1523,3773,0.596342433077127
"5531","2021-2022","INDIANA","1805460",168,1232,1400,1023,2423,0.577796120511762
"5532","2021-2022","INDIANA","1805520",140,524,664,495,1159,0.57290767903365
"5533","2021-2022","INDIANA","1805550",181,726,907,890,1797,0.504730105731775
"5534","2021-2022","INDIANA","1805580",528,2632,3160,2417,5577,0.566612874305182
"5535","2021-2022","INDIANA","1805670",847,8855,9702,7473,17175,0.564890829694323
"5536","2021-2022","INDIANA","1805700",97,636,733,597,1330,0.551127819548872
"5537","2021-2022","INDIANA","1805790",195,930,1125,877,2002,0.561938061938062
"5538","2021-2022","INDIANA","1805880",74,420,494,401,895,0.55195530726257
"5539","2021-2022","INDIANA","1805910",84,560,644,508,1152,0.559027777777778
"5540","2021-2022","INDIANA","1806030",365,2003,2368,1540,3908,0.605936540429887
"5541","2021-2022","INDIANA","1806060",40,216,256,187,443,0.577878103837472
"5542","2021-2022","INDIANA","1806080",87,505,592,435,1027,0.576436222005842
"5543","2021-2022","INDIANA","1806090",163,881,1044,815,1859,0.561592253899946
"5544","2021-2022","INDIANA","1806120",169,1037,1206,945,2151,0.560669456066946
"5545","2021-2022","INDIANA","1806240",85,404,489,502,991,0.493440968718466
"5546","2021-2022","INDIANA","1806270",92,466,558,425,983,0.5676500508647
"5547","2021-2022","INDIANA","1806390",146,2378,2524,2395,4919,0.513112421223826
"5548","2021-2022","INDIANA","1806480",41,310,351,301,652,0.538343558282209
"5549","2021-2022","INDIANA","1806510",186,1451,1637,1400,3037,0.539018768521567
"5550","2021-2022","INDIANA","1806570",307,3744,4051,3328,7379,0.548990378100013
"5551","2021-2022","INDIANA","1806600",251,815,1066,639,1705,0.625219941348974
"5552","2021-2022","INDIANA","1806630",86,356,442,331,773,0.571798188874515
"5553","2021-2022","INDIANA","1806660",56,333,389,292,681,0.571218795888399
"5554","2021-2022","INDIANA","1806840",381,2131,2512,2276,4788,0.524644945697577
"5555","2021-2022","INDIANA","1806870",200,1389,1589,1249,2838,0.559901338971106
"5556","2021-2022","INDIANA","1806900",117,729,846,656,1502,0.563249001331558
"5557","2021-2022","INDIANA","1807020",60,329,389,309,698,0.55730659025788
"5558","2021-2022","INDIANA","1807080",64,428,492,416,908,0.541850220264317
"5559","2021-2022","INDIANA","1807110",110,418,528,383,911,0.579582875960483
"5560","2021-2022","INDIANA","1807140",274,1478,1752,1356,3108,0.563706563706564
"5561","2021-2022","INDIANA","1807230",120,728,848,726,1574,0.538754764930114
"5562","2021-2022","INDIANA","1807260",220,820,1040,747,1787,0.581980973698937
"5563","2021-2022","INDIANA","1807290",54,649,703,620,1323,0.531368102796674
"5564","2021-2022","INDIANA","1807320",204,3352,3556,3287,6843,0.519655122022505
"5565","2021-2022","INDIANA","1807350",155,586,741,473,1214,0.610378912685338
"5566","2021-2022","INDIANA","1807380",96,343,439,335,774,0.5671834625323
"5567","2021-2022","INDIANA","1807410",518,3082,3600,2862,6462,0.557103064066852
"5568","2021-2022","INDIANA","1807440",229,1439,1668,1346,3014,0.553417385534174
"5569","2021-2022","INDIANA","1807470",30,276,306,254,560,0.546428571428571
"5570","2021-2022","INDIANA","1807560",184,823,1007,722,1729,0.582417582417582
"5571","2021-2022","INDIANA","1807620",80,506,586,493,1079,0.543095458758109
"5572","2021-2022","INDIANA","1807650",409,1817,2226,1565,3791,0.587180163545239
"5573","2021-2022","INDIANA","1807680",103,636,739,600,1339,0.551904406273338
"5574","2021-2022","INDIANA","1807710",116,381,497,333,830,0.598795180722892
"5575","2021-2022","INDIANA","1807770",71,732,803,652,1455,0.551890034364261
"5576","2021-2022","INDIANA","1807800",22,379,401,349,750,0.534666666666667
"5577","2021-2022","INDIANA","1807830",59,581,640,503,1143,0.559930008748906
"5578","2021-2022","INDIANA","1807860",306,1503,1809,1385,3194,0.566374452097683
"5579","2021-2022","INDIANA","1807890",64,274,338,261,599,0.564273789649416
"5580","2021-2022","INDIANA","1807900",90,502,592,463,1055,0.561137440758294
"5581","2021-2022","INDIANA","1807920",80,488,568,431,999,0.568568568568569
"5582","2021-2022","INDIANA","1807950",76,364,440,320,760,0.578947368421053
"5583","2021-2022","INDIANA","1807980",110,498,608,398,1006,0.604373757455268
"5584","2021-2022","INDIANA","1808010",115,547,662,450,1112,0.595323741007194
"5585","2021-2022","INDIANA","1808040",57,267,324,248,572,0.566433566433566
"5586","2021-2022","INDIANA","1808070",52,276,328,240,568,0.577464788732394
"5587","2021-2022","INDIANA","1808100",58,365,423,276,699,0.605150214592275
"5588","2021-2022","INDIANA","1808120",36,153,189,115,304,0.621710526315789
"5589","2021-2022","INDIANA","1808130",109,565,674,346,1020,0.66078431372549
"5590","2021-2022","INDIANA","1808160",74,393,467,368,835,0.559281437125749
"5591","2021-2022","INDIANA","1808190",88,441,529,392,921,0.574375678610206
"5592","2021-2022","INDIANA","1808220",101,530,631,504,1135,0.555947136563877
"5593","2021-2022","INDIANA","1808250",348,1059,1407,957,2364,0.595177664974619
"5594","2021-2022","INDIANA","1808280",48,308,356,282,638,0.557993730407524
"5595","2021-2022","INDIANA","1808310",94,375,469,351,820,0.571951219512195
"5596","2021-2022","INDIANA","1808320",6,26,32,17,49,0.653061224489796
"5597","2021-2022","INDIANA","1808340",93,529,622,468,1090,0.570642201834862
"5598","2021-2022","INDIANA","1808460",38,235,273,221,494,0.552631578947368
"5599","2021-2022","INDIANA","1808490",77,421,498,393,891,0.558922558922559
"5600","2021-2022","INDIANA","1808640",85,663,748,590,1338,0.559043348281016
"5601","2021-2022","INDIANA","1808760",461,2133,2594,1911,4505,0.575804661487236
"5602","2021-2022","INDIANA","1808820",1478,10032,11510,8317,19827,0.580521511070762
"5603","2021-2022","INDIANA","1808850",116,914,1030,853,1883,0.546999468932554
"5604","2021-2022","INDIANA","1808900",94,677,771,594,1365,0.564835164835165
"5605","2021-2022","INDIANA","1808910",768,6117,6885,5414,12299,0.559801609886983
"5606","2021-2022","INDIANA","1808940",78,419,497,320,817,0.608323133414933
"5607","2021-2022","INDIANA","1808970",293,1136,1429,1082,2511,0.569095977698128
"5608","2021-2022","INDIANA","1809000",103,285,388,274,662,0.586102719033233
"5609","2021-2022","INDIANA","1809060",309,1451,1760,1136,2896,0.607734806629834
"5610","2021-2022","INDIANA","1809120",117,663,780,549,1329,0.586907449209932
"5611","2021-2022","INDIANA","1809130",0,0,0,0,0,NA
"5612","2021-2022","INDIANA","1809150",341,3140,3481,2687,6168,0.564364461738003
"5613","2021-2022","INDIANA","1809180",86,278,364,218,582,0.625429553264605
"5614","2021-2022","INDIANA","1809300",59,261,320,227,547,0.585009140767825
"5615","2021-2022","INDIANA","1809360",41,272,313,253,566,0.553003533568905
"5616","2021-2022","INDIANA","1809420",61,507,568,430,998,0.569138276553106
"5617","2021-2022","INDIANA","1809480",219,689,908,648,1556,0.583547557840617
"5618","2021-2022","INDIANA","1809510",414,3030,3444,2601,6045,0.569727047146402
"5619","2021-2022","INDIANA","1809600",17,276,293,242,535,0.547663551401869
"5620","2021-2022","INDIANA","1809630",119,746,865,645,1510,0.572847682119205
"5621","2021-2022","INDIANA","1809690",608,3236,3844,2683,6527,0.588938256473112
"5622","2021-2022","INDIANA","1809720",36,189,225,160,385,0.584415584415584
"5623","2021-2022","INDIANA","1809750",195,898,1093,761,1854,0.589536138079827
"5624","2021-2022","INDIANA","1809810",138,769,907,661,1568,0.57844387755102
"5625","2021-2022","INDIANA","1809840",62,408,470,368,838,0.560859188544153
"5626","2021-2022","INDIANA","1809990",82,591,673,502,1175,0.572765957446808
"5627","2021-2022","INDIANA","1810020",279,1211,1490,1014,2504,0.595047923322684
"5628","2021-2022","INDIANA","1810080",321,2582,2903,1521,4424,0.65619349005425
"5629","2021-2022","INDIANA","1810110",24,283,307,263,570,0.53859649122807
"5630","2021-2022","INDIANA","1810140",249,1705,1954,1401,3355,0.582414307004471
"5631","2021-2022","INDIANA","1810170",48,358,406,308,714,0.568627450980392
"5632","2021-2022","INDIANA","1810230",27,223,250,193,443,0.564334085778781
"5633","2021-2022","INDIANA","1810260",64,454,518,380,898,0.576837416481069
"5634","2021-2022","INDIANA","1810290",695,9080,9775,8054,17829,0.548264064165124
"5635","2021-2022","INDIANA","1810350",112,373,485,330,815,0.595092024539877
"5636","2021-2022","INDIANA","1810360",214,1201,1415,1122,2537,0.557745368545526
"5637","2021-2022","INDIANA","1810380",38,282,320,243,563,0.568383658969805
"5638","2021-2022","INDIANA","1810410",55,384,439,302,741,0.592442645074224
"5639","2021-2022","INDIANA","1810440",287,962,1249,970,2219,0.562866155926093
"5640","2021-2022","INDIANA","1810450",90,387,477,366,843,0.565836298932384
"5641","2021-2022","INDIANA","1810470",65,357,422,285,707,0.596888260254597
"5642","2021-2022","INDIANA","1810500",74,357,431,317,748,0.57620320855615
"5643","2021-2022","INDIANA","1810530",52,394,446,383,829,0.537997587454765
"5644","2021-2022","INDIANA","1810560",67,422,489,359,848,0.576650943396226
"5645","2021-2022","INDIANA","1810590",97,759,856,684,1540,0.555844155844156
"5646","2021-2022","INDIANA","1810620",55,424,479,348,827,0.579201934703748
"5647","2021-2022","INDIANA","1810640",53,249,302,198,500,0.604
"5648","2021-2022","INDIANA","1810650",722,2628,3350,2408,5758,0.58179923584578
"5649","2021-2022","INDIANA","1810660",0,0,0,0,0,NA
"5650","2021-2022","INDIANA","1810680",72,551,623,492,1115,0.558744394618834
"5651","2021-2022","INDIANA","1810710",201,724,925,686,1611,0.574177529484792
"5652","2021-2022","INDIANA","1810740",22,215,237,191,428,0.553738317757009
"5653","2021-2022","INDIANA","1810770",34,283,317,253,570,0.556140350877193
"5654","2021-2022","INDIANA","1810800",87,642,729,477,1206,0.604477611940298
"5655","2021-2022","INDIANA","1810830",23,201,224,189,413,0.542372881355932
"5656","2021-2022","INDIANA","1810860",83,691,774,526,1300,0.595384615384615
"5657","2021-2022","INDIANA","1810870",190,661,851,452,1303,0.653108211818879
"5658","2021-2022","INDIANA","1810900",50,490,540,433,973,0.554984583761562
"5659","2021-2022","INDIANA","1810920",135,829,964,662,1626,0.592865928659287
"5660","2021-2022","INDIANA","1810950",109,799,908,795,1703,0.533176746917205
"5661","2021-2022","INDIANA","1810980",51,350,401,298,699,0.573676680972818
"5662","2021-2022","INDIANA","1811100",180,769,949,714,1663,0.570655441972339
"5663","2021-2022","INDIANA","1811190",103,578,681,514,1195,0.569874476987448
"5664","2021-2022","INDIANA","1811220",109,649,758,568,1326,0.571644042232277
"5665","2021-2022","INDIANA","1811250",108,595,703,529,1232,0.570616883116883
"5666","2021-2022","INDIANA","1811260",82,556,638,489,1127,0.566104702750665
"5667","2021-2022","INDIANA","1811340",748,4104,4852,3364,8216,0.590555014605648
"5668","2021-2022","INDIANA","1811370",174,735,909,640,1549,0.586830213040671
"5669","2021-2022","INDIANA","1811400",111,432,543,408,951,0.570977917981073
"5670","2021-2022","INDIANA","1811430",16,276,292,220,512,0.5703125
"5671","2021-2022","INDIANA","1811460",159,643,802,609,1411,0.568391211906449
"5672","2021-2022","INDIANA","1811490",56,264,320,247,567,0.564373897707231
"5673","2021-2022","INDIANA","1811580",241,1080,1321,795,2116,0.624291115311909
"5674","2021-2022","INDIANA","1811600",0,0,0,0,0,NA
"5675","2021-2022","INDIANA","1811610",136,475,611,385,996,0.613453815261044
"5676","2021-2022","INDIANA","1811700",97,287,384,243,627,0.61244019138756
"5677","2021-2022","INDIANA","1811730",342,3637,3979,3170,7149,0.556581340047559
"5678","2021-2022","INDIANA","1811910",75,484,559,375,934,0.598501070663812
"5679","2021-2022","INDIANA","1811930",0,0,0,0,0,NA
"5680","2021-2022","INDIANA","1811970",265,1537,1802,1349,3151,0.571881942240559
"5681","2021-2022","INDIANA","1812060",42,251,293,201,494,0.593117408906883
"5682","2021-2022","INDIANA","1812090",788,6792,7580,6459,14039,0.539924496046727
"5683","2021-2022","INDIANA","1812120",116,1216,1332,1132,2464,0.540584415584416
"5684","2021-2022","INDIANA","1812150",114,675,789,617,1406,0.561166429587482
"5685","2021-2022","INDIANA","1812180",189,787,976,746,1722,0.56678281068525
"5686","2021-2022","INDIANA","1812240",242,611,853,543,1396,0.611031518624642
"5687","2021-2022","INDIANA","1812360",545,6449,6994,6373,13367,0.523228847160919
"5688","2021-2022","INDIANA","1812390",580,2324,2904,2112,5016,0.578947368421053
"5689","2021-2022","INDIANA","1812420",473,2370,2843,1946,4789,0.593652119440384
"5690","2021-2022","INDIANA","1812450",170,1333,1503,1098,2601,0.577854671280277
"5691","2021-2022","INDIANA","1812720",470,3766,4236,3504,7740,0.547286821705426
"5692","2021-2022","INDIANA","1812810",802,9172,9974,7721,17695,0.563662051426957
"5693","2021-2022","INDIANA","1812870",79,304,383,293,676,0.566568047337278
"5694","2021-2022","INDIANA","1812880",200,804,1004,760,1764,0.569160997732426
"5695","2021-2022","INDIANA","1812900",204,822,1026,674,1700,0.603529411764706
"5696","2021-2022","INDIANA","1812930",0,0,0,353,353,0
"5697","2021-2022","INDIANA","1812990",73,453,526,379,905,0.58121546961326
"5698","2021-2022","INDIANA","1813050",6,431,437,341,778,0.561696658097686
"5699","2021-2022","INDIANA","1813080",197,1197,1394,921,2315,0.602159827213823
"5700","2021-2022","INDIANA","1813110",117,333,450,256,706,0.637393767705382
"5701","2021-2022","INDIANA","1813200",136,592,728,454,1182,0.61590524534687
"5702","2021-2022","INDIANA","1813230",85,435,520,409,929,0.559741657696448
"5703","2021-2022","IOWA","1900006",51,320,371,0,371,1
"5704","2021-2022","IOWA","1900009",41,230,271,0,271,1
"5705","2021-2022","IOWA","1900015",81,287,368,0,368,1
"5706","2021-2022","IOWA","1900021",68,312,380,0,380,1
"5707","2021-2022","IOWA","1900022",61,219,280,0,280,1
"5708","2021-2022","IOWA","1900023",37,233,270,0,270,1
"5709","2021-2022","IOWA","1900024",40,313,353,0,353,1
"5710","2021-2022","IOWA","1900025",38,246,284,0,284,1
"5711","2021-2022","IOWA","1900026",31,163,194,0,194,1
"5712","2021-2022","IOWA","1900027",62,199,261,0,261,1
"5713","2021-2022","IOWA","1900028",46,181,227,0,227,1
"5714","2021-2022","IOWA","1900031",9,41,50,0,50,1
"5715","2021-2022","IOWA","1900032",10,55,65,0,65,1
"5716","2021-2022","IOWA","1900040",28,242,270,0,270,1
"5717","2021-2022","IOWA","1900060",22,149,171,0,171,1
"5718","2021-2022","IOWA","1903060",34,241,275,0,275,1
"5719","2021-2022","IOWA","1903090",15,97,112,0,112,1
"5720","2021-2022","IOWA","1903150",74,321,395,0,395,1
"5721","2021-2022","IOWA","1903220",37,138,175,0,175,1
"5722","2021-2022","IOWA","1903270",45,349,394,0,394,1
"5723","2021-2022","IOWA","1903300",24,117,141,0,141,1
"5724","2021-2022","IOWA","1903360",98,426,524,0,524,1
"5725","2021-2022","IOWA","1903390",120,314,434,0,434,1
"5726","2021-2022","IOWA","1903450",8,122,130,0,130,1
"5727","2021-2022","IOWA","1903480",76,235,311,0,311,1
"5728","2021-2022","IOWA","1903540",109,1234,1343,0,1343,1
"5729","2021-2022","IOWA","1903570",38,394,432,0,432,1
"5730","2021-2022","IOWA","1903630",6,44,50,0,50,1
"5731","2021-2022","IOWA","1903690",317,1776,2093,0,2093,1
"5732","2021-2022","IOWA","1903750",21,150,171,0,171,1
"5733","2021-2022","IOWA","1903780",17,74,91,0,91,1
"5734","2021-2022","IOWA","1903850",38,126,164,0,164,1
"5735","2021-2022","IOWA","1903930",129,680,809,0,809,1
"5736","2021-2022","IOWA","1903960",11,177,188,0,188,1
"5737","2021-2022","IOWA","1904080",52,235,287,0,287,1
"5738","2021-2022","IOWA","1904200",29,229,258,0,258,1
"5739","2021-2022","IOWA","1904380",23,93,116,0,116,1
"5740","2021-2022","IOWA","1904440",25,164,189,0,189,1
"5741","2021-2022","IOWA","1904560",27,192,219,0,219,1
"5742","2021-2022","IOWA","1904620",32,153,185,0,185,1
"5743","2021-2022","IOWA","1904650",19,139,158,0,158,1
"5744","2021-2022","IOWA","1904680",27,313,340,0,340,1
"5745","2021-2022","IOWA","1904740",3,38,41,0,41,1
"5746","2021-2022","IOWA","1904830",84,336,420,0,420,1
"5747","2021-2022","IOWA","1904860",161,1259,1420,0,1420,1
"5748","2021-2022","IOWA","1904950",42,259,301,0,301,1
"5749","2021-2022","IOWA","1905070",58,397,455,0,455,1
"5750","2021-2022","IOWA","1905130",84,716,800,0,800,1
"5751","2021-2022","IOWA","1905190",44,176,220,0,220,1
"5752","2021-2022","IOWA","1905430",56,174,230,0,230,1
"5753","2021-2022","IOWA","1905490",28,209,237,0,237,1
"5754","2021-2022","IOWA","1905750",24,131,155,0,155,1
"5755","2021-2022","IOWA","1905790",29,1907,1936,0,1936,1
"5756","2021-2022","IOWA","1905940",123,385,508,0,508,1
"5757","2021-2022","IOWA","1905970",15,63,78,0,78,1
"5758","2021-2022","IOWA","1906000",33,115,148,0,148,1
"5759","2021-2022","IOWA","1906060",59,277,336,0,336,1
"5760","2021-2022","IOWA","1906240",31,394,425,0,425,1
"5761","2021-2022","IOWA","1906270",72,513,585,0,585,1
"5762","2021-2022","IOWA","1906330",44,517,561,0,561,1
"5763","2021-2022","IOWA","1906510",133,1249,1382,0,1382,1
"5764","2021-2022","IOWA","1906540",1334,7523,8857,0,8857,1
"5765","2021-2022","IOWA","1906660",13,223,236,0,236,1
"5766","2021-2022","IOWA","1906750",71,626,697,0,697,1
"5767","2021-2022","IOWA","1906780",20,137,157,0,157,1
"5768","2021-2022","IOWA","1906810",68,381,449,0,449,1
"5769","2021-2022","IOWA","1906840",39,114,153,0,153,1
"5770","2021-2022","IOWA","1906900",48,346,394,0,394,1
"5771","2021-2022","IOWA","1906930",82,430,512,0,512,1
"5772","2021-2022","IOWA","1906960",68,159,227,0,227,1
"5773","2021-2022","IOWA","1907050",120,557,677,0,677,1
"5774","2021-2022","IOWA","1907080",81,746,827,0,827,1
"5775","2021-2022","IOWA","1907110",26,95,121,0,121,1
"5776","2021-2022","IOWA","1907170",79,375,454,0,454,1
"5777","2021-2022","IOWA","1907350",42,359,401,0,401,1
"5778","2021-2022","IOWA","1907380",56,441,497,0,497,1
"5779","2021-2022","IOWA","1907410",129,650,779,0,779,1
"5780","2021-2022","IOWA","1907440",4,73,77,0,77,1
"5781","2021-2022","IOWA","1907470",4,42,46,0,46,1
"5782","2021-2022","IOWA","1907590",108,513,621,0,621,1
"5783","2021-2022","IOWA","1907620",46,328,374,0,374,1
"5784","2021-2022","IOWA","1907710",86,1725,1811,0,1811,1
"5785","2021-2022","IOWA","1907860",146,1818,1964,0,1964,1
"5786","2021-2022","IOWA","1907900",7,133,140,0,140,1
"5787","2021-2022","IOWA","1907920",29,130,159,0,159,1
"5788","2021-2022","IOWA","1907980",68,330,398,0,398,1
"5789","2021-2022","IOWA","1908070",21,144,165,0,165,1
"5790","2021-2022","IOWA","1908130",23,123,146,0,146,1
"5791","2021-2022","IOWA","1908220",1335,4837,6172,0,6172,1
"5792","2021-2022","IOWA","1908310",97,578,675,0,675,1
"5793","2021-2022","IOWA","1908520",62,446,508,0,508,1
"5794","2021-2022","IOWA","1908550",25,173,198,0,198,1
"5795","2021-2022","IOWA","1908580",483,7199,7682,0,7682,1
"5796","2021-2022","IOWA","1908610",97,488,585,0,585,1
"5797","2021-2022","IOWA","1908730",72,293,365,0,365,1
"5798","2021-2022","IOWA","1908880",6,49,55,0,55,1
"5799","2021-2022","IOWA","1908910",200,991,1191,0,1191,1
"5800","2021-2022","IOWA","1908940",21,109,130,0,130,1
"5801","2021-2022","IOWA","1908970",2815,21104,23919,0,23919,1
"5802","2021-2022","IOWA","1909060",21,53,74,0,74,1
"5803","2021-2022","IOWA","1909120",14,140,154,0,154,1
"5804","2021-2022","IOWA","1909480",450,3567,4017,0,4017,1
"5805","2021-2022","IOWA","1909540",17,133,150,0,150,1
"5806","2021-2022","IOWA","1909570",13,132,145,0,145,1
"5807","2021-2022","IOWA","1909600",31,162,193,0,193,1
"5808","2021-2022","IOWA","1909990",40,529,569,0,569,1
"5809","2021-2022","IOWA","1910050",20,94,114,0,114,1
"5810","2021-2022","IOWA","1910110",21,151,172,0,172,1
"5811","2021-2022","IOWA","1910130",17,156,173,0,173,1
"5812","2021-2022","IOWA","1910340",25,136,161,0,161,1
"5813","2021-2022","IOWA","1910350",46,169,215,0,215,1
"5814","2021-2022","IOWA","1910410",32,93,125,0,125,1
"5815","2021-2022","IOWA","1910500",36,152,188,0,188,1
"5816","2021-2022","IOWA","1910690",42,167,209,0,209,1
"5817","2021-2022","IOWA","1910950",51,312,363,0,363,1
"5818","2021-2022","IOWA","1910980",19,169,188,0,188,1
"5819","2021-2022","IOWA","1911040",17,77,94,0,94,1
"5820","2021-2022","IOWA","1911070",97,516,613,0,613,1
"5821","2021-2022","IOWA","1911250",33,129,162,0,162,1
"5822","2021-2022","IOWA","1911340",87,613,700,0,700,1
"5823","2021-2022","IOWA","1911790",59,345,404,0,404,1
"5824","2021-2022","IOWA","1911820",205,1895,2100,0,2100,1
"5825","2021-2022","IOWA","1911850",85,858,943,0,943,1
"5826","2021-2022","IOWA","1912120",14,118,132,0,132,1
"5827","2021-2022","IOWA","1912230",31,118,149,0,149,1
"5828","2021-2022","IOWA","1912330",47,205,252,0,252,1
"5829","2021-2022","IOWA","1912480",32,122,154,0,154,1
"5830","2021-2022","IOWA","1912510",27,111,138,0,138,1
"5831","2021-2022","IOWA","1912600",6,50,56,0,56,1
"5832","2021-2022","IOWA","1912660",17,135,152,0,152,1
"5833","2021-2022","IOWA","1912690",117,624,741,0,741,1
"5834","2021-2022","IOWA","1912750",5,85,90,0,90,1
"5835","2021-2022","IOWA","1912810",31,91,122,0,122,1
"5836","2021-2022","IOWA","1913110",28,206,234,0,234,1
"5837","2021-2022","IOWA","1913200",73,395,468,0,468,1
"5838","2021-2022","IOWA","1913230",38,137,175,0,175,1
"5839","2021-2022","IOWA","1913290",28,167,195,0,195,1
"5840","2021-2022","IOWA","1913320",21,59,80,0,80,1
"5841","2021-2022","IOWA","1913350",86,325,411,0,411,1
"5842","2021-2022","IOWA","1913380",9,86,95,0,95,1
"5843","2021-2022","IOWA","1913440",14,98,112,0,112,1
"5844","2021-2022","IOWA","1913470",97,636,733,0,733,1
"5845","2021-2022","IOWA","1913500",108,450,558,0,558,1
"5846","2021-2022","IOWA","1913660",49,225,274,0,274,1
"5847","2021-2022","IOWA","1914010",8,76,84,0,84,1
"5848","2021-2022","IOWA","1914160",47,129,176,0,176,1
"5849","2021-2022","IOWA","1914280",59,349,408,0,408,1
"5850","2021-2022","IOWA","1914310",22,122,144,0,144,1
"5851","2021-2022","IOWA","1914340",31,162,193,0,193,1
"5852","2021-2022","IOWA","1914370",39,455,494,0,494,1
"5853","2021-2022","IOWA","1914580",75,419,494,0,494,1
"5854","2021-2022","IOWA","1914640",112,776,888,0,888,1
"5855","2021-2022","IOWA","1914670",46,165,211,0,211,1
"5856","2021-2022","IOWA","1914700",509,5153,5662,0,5662,1
"5857","2021-2022","IOWA","1914730",47,428,475,0,475,1
"5858","2021-2022","IOWA","1914850",35,152,187,0,187,1
"5859","2021-2022","IOWA","1914880",53,197,250,0,250,1
"5860","2021-2022","IOWA","1915180",6,0,6,0,6,1
"5861","2021-2022","IOWA","1915210",89,445,534,0,534,1
"5862","2021-2022","IOWA","1915330",26,168,194,0,194,1
"5863","2021-2022","IOWA","1915450",211,1466,1677,0,1677,1
"5864","2021-2022","IOWA","1915630",69,1053,1122,0,1122,1
"5865","2021-2022","IOWA","1915660",19,98,117,0,117,1
"5866","2021-2022","IOWA","1915750",14,140,154,0,154,1
"5867","2021-2022","IOWA","1915840",62,583,645,0,645,1
"5868","2021-2022","IOWA","1916110",21,166,187,0,187,1
"5869","2021-2022","IOWA","1916140",24,97,121,0,121,1
"5870","2021-2022","IOWA","1916320",26,163,189,0,189,1
"5871","2021-2022","IOWA","1916420",11,61,72,0,72,1
"5872","2021-2022","IOWA","1916440",12,117,129,0,129,1
"5873","2021-2022","IOWA","1916530",119,614,733,0,733,1
"5874","2021-2022","IOWA","1916620",49,203,252,0,252,1
"5875","2021-2022","IOWA","1916680",111,877,988,0,988,1
"5876","2021-2022","IOWA","1917100",31,222,253,0,253,1
"5877","2021-2022","IOWA","1917220",240,1377,1617,0,1617,1
"5878","2021-2022","IOWA","1917250",20,137,157,0,157,1
"5879","2021-2022","IOWA","1917460",49,137,186,0,186,1
"5880","2021-2022","IOWA","1917550",37,101,138,0,138,1
"5881","2021-2022","IOWA","1917820",41,181,222,0,222,1
"5882","2021-2022","IOWA","1917880",1,26,27,0,27,1
"5883","2021-2022","IOWA","1918030",20,97,117,0,117,1
"5884","2021-2022","IOWA","1918120",54,257,311,0,311,1
"5885","2021-2022","IOWA","1918180",3,108,111,0,111,1
"5886","2021-2022","IOWA","1918240",6,90,96,0,96,1
"5887","2021-2022","IOWA","1918330",22,193,215,0,215,1
"5888","2021-2022","IOWA","1918480",74,266,340,0,340,1
"5889","2021-2022","IOWA","1918510",67,577,644,0,644,1
"5890","2021-2022","IOWA","1918540",39,141,180,0,180,1
"5891","2021-2022","IOWA","1918630",21,83,104,0,104,1
"5892","2021-2022","IOWA","1918690",88,632,720,0,720,1
"5893","2021-2022","IOWA","1918720",553,2880,3433,0,3433,1
"5894","2021-2022","IOWA","1918750",26,93,119,0,119,1
"5895","2021-2022","IOWA","1918780",194,1562,1756,0,1756,1
"5896","2021-2022","IOWA","1918840",36,325,361,0,361,1
"5897","2021-2022","IOWA","1918930",49,209,258,0,258,1
"5898","2021-2022","IOWA","1918960",14,96,110,0,110,1
"5899","2021-2022","IOWA","1919140",51,304,355,0,355,1
"5900","2021-2022","IOWA","1919200",35,223,258,0,258,1
"5901","2021-2022","IOWA","1919440",51,250,301,0,301,1
"5902","2021-2022","IOWA","1919590",23,146,169,0,169,1
"5903","2021-2022","IOWA","1919650",49,287,336,0,336,1
"5904","2021-2022","IOWA","1919710",36,118,154,0,154,1
"5905","2021-2022","IOWA","1919740",22,88,110,0,110,1
"5906","2021-2022","IOWA","1919770",5,39,44,0,44,1
"5907","2021-2022","IOWA","1919800",13,85,98,0,98,1
"5908","2021-2022","IOWA","1919860",20,206,226,0,226,1
"5909","2021-2022","IOWA","1919890",95,775,870,0,870,1
"5910","2021-2022","IOWA","1920040",38,183,221,0,221,1
"5911","2021-2022","IOWA","1920100",8,69,77,0,77,1
"5912","2021-2022","IOWA","1920130",231,2064,2295,0,2295,1
"5913","2021-2022","IOWA","1920190",20,136,156,0,156,1
"5914","2021-2022","IOWA","1920250",58,437,495,0,495,1
"5915","2021-2022","IOWA","1920340",59,252,311,0,311,1
"5916","2021-2022","IOWA","1920460",33,196,229,0,229,1
"5917","2021-2022","IOWA","1920580",41,199,240,0,240,1
"5918","2021-2022","IOWA","1920610",136,1140,1276,0,1276,1
"5919","2021-2022","IOWA","1920760",40,216,256,0,256,1
"5920","2021-2022","IOWA","1920820",15,83,98,0,98,1
"5921","2021-2022","IOWA","1920830",31,112,143,0,143,1
"5922","2021-2022","IOWA","1920850",48,165,213,0,213,1
"5923","2021-2022","IOWA","1920910",18,128,146,0,146,1
"5924","2021-2022","IOWA","1920940",64,630,694,0,694,1
"5925","2021-2022","IOWA","1921000",41,156,197,0,197,1
"5926","2021-2022","IOWA","1921090",25,222,247,0,247,1
"5927","2021-2022","IOWA","1921210",26,172,198,0,198,1
"5928","2021-2022","IOWA","1921240",105,589,694,0,694,1
"5929","2021-2022","IOWA","1921600",88,357,445,0,445,1
"5930","2021-2022","IOWA","1921630",67,623,690,0,690,1
"5931","2021-2022","IOWA","1921660",31,180,211,0,211,1
"5932","2021-2022","IOWA","1921720",10,29,39,0,39,1
"5933","2021-2022","IOWA","1921810",13,75,88,0,88,1
"5934","2021-2022","IOWA","1921840",51,294,345,0,345,1
"5935","2021-2022","IOWA","1921870",73,727,800,0,800,1
"5936","2021-2022","IOWA","1922110",32,2180,2212,0,2212,1
"5937","2021-2022","IOWA","1922380",12,77,89,0,89,1
"5938","2021-2022","IOWA","1922440",28,174,202,0,202,1
"5939","2021-2022","IOWA","1922470",98,361,459,0,459,1
"5940","2021-2022","IOWA","1922530",127,711,838,0,838,1
"5941","2021-2022","IOWA","1923110",69,460,529,0,529,1
"5942","2021-2022","IOWA","1923160",37,214,251,0,251,1
"5943","2021-2022","IOWA","1923190",14,319,333,0,333,1
"5944","2021-2022","IOWA","1923340",55,426,481,0,481,1
"5945","2021-2022","IOWA","1924000",56,563,619,0,619,1
"5946","2021-2022","IOWA","1924120",22,79,101,0,101,1
"5947","2021-2022","IOWA","1924150",12,135,147,0,147,1
"5948","2021-2022","IOWA","1924660",95,263,358,0,358,1
"5949","2021-2022","IOWA","1924870",29,174,203,0,203,1
"5950","2021-2022","IOWA","1924960",31,142,173,0,173,1
"5951","2021-2022","IOWA","1925050",23,62,85,0,85,1
"5952","2021-2022","IOWA","1925200",9,129,138,0,138,1
"5953","2021-2022","IOWA","1925320",94,723,817,0,817,1
"5954","2021-2022","IOWA","1925380",32,128,160,0,160,1
"5955","2021-2022","IOWA","1925410",10,48,58,0,58,1
"5956","2021-2022","IOWA","1925590",31,400,431,0,431,1
"5957","2021-2022","IOWA","1925620",23,134,157,0,157,1
"5958","2021-2022","IOWA","1925920",56,215,271,0,271,1
"5959","2021-2022","IOWA","1925980",80,383,463,0,463,1
"5960","2021-2022","IOWA","1926070",66,486,552,0,552,1
"5961","2021-2022","IOWA","1926250",30,213,243,0,243,1
"5962","2021-2022","IOWA","1926280",28,174,202,0,202,1
"5963","2021-2022","IOWA","1926370",123,465,588,0,588,1
"5964","2021-2022","IOWA","1926400",1457,8087,9544,0,9544,1
"5965","2021-2022","IOWA","1926580",20,78,98,0,98,1
"5966","2021-2022","IOWA","1926640",22,141,163,0,163,1
"5967","2021-2022","IOWA","1926670",12,89,101,0,101,1
"5968","2021-2022","IOWA","1926730",123,595,718,0,718,1
"5969","2021-2022","IOWA","1926790",39,110,149,0,149,1
"5970","2021-2022","IOWA","1926820",363,2041,2404,0,2404,1
"5971","2021-2022","IOWA","1926850",20,114,134,0,134,1
"5972","2021-2022","IOWA","1926910",154,781,935,0,935,1
"5973","2021-2022","IOWA","1927000",39,242,281,0,281,1
"5974","2021-2022","IOWA","1927060",5,79,84,0,84,1
"5975","2021-2022","IOWA","1927240",17,79,96,0,96,1
"5976","2021-2022","IOWA","1927270",16,203,219,0,219,1
"5977","2021-2022","IOWA","1927390",341,1629,1970,0,1970,1
"5978","2021-2022","IOWA","1927480",3,24,27,0,27,1
"5979","2021-2022","IOWA","1927500",54,308,362,0,362,1
"5980","2021-2022","IOWA","1927600",27,200,227,0,227,1
"5981","2021-2022","IOWA","1927870",17,221,238,0,238,1
"5982","2021-2022","IOWA","1927960",23,73,96,0,96,1
"5983","2021-2022","IOWA","1927990",32,157,189,0,189,1
"5984","2021-2022","IOWA","1928020",4,70,74,0,74,1
"5985","2021-2022","IOWA","1928050",26,105,131,0,131,1
"5986","2021-2022","IOWA","1928110",36,100,136,0,136,1
"5987","2021-2022","IOWA","1928170",8,114,122,0,122,1
"5988","2021-2022","IOWA","1928200",5,19,24,0,24,1
"5989","2021-2022","IOWA","1928230",18,97,115,0,115,1
"5990","2021-2022","IOWA","1928560",8,49,57,0,57,1
"5991","2021-2022","IOWA","1928680",211,1196,1407,0,1407,1
"5992","2021-2022","IOWA","1928980",50,382,432,0,432,1
"5993","2021-2022","IOWA","1929010",4,60,64,0,64,1
"5994","2021-2022","IOWA","1929280",7,119,126,0,126,1
"5995","2021-2022","IOWA","1929310",67,505,572,0,572,1
"5996","2021-2022","IOWA","1929490",22,233,255,0,255,1
"5997","2021-2022","IOWA","1929580",73,271,344,0,344,1
"5998","2021-2022","IOWA","1929730",25,181,206,0,206,1
"5999","2021-2022","IOWA","1929760",14,110,124,0,124,1
"6000","2021-2022","IOWA","1930240",104,680,784,0,784,1
"6001","2021-2022","IOWA","1930480",1308,6307,7615,0,7615,1
"6002","2021-2022","IOWA","1930510",198,1767,1965,0,1965,1
"6003","2021-2022","IOWA","1930540",73,389,462,0,462,1
"6004","2021-2022","IOWA","1930560",54,256,310,0,310,1
"6005","2021-2022","IOWA","1930630",52,615,667,0,667,1
"6006","2021-2022","IOWA","1930720",38,99,137,0,137,1
"6007","2021-2022","IOWA","1930750",26,168,194,0,194,1
"6008","2021-2022","IOWA","1930780",38,344,382,0,382,1
"6009","2021-2022","IOWA","1930870",31,122,153,0,153,1
"6010","2021-2022","IOWA","1930900",47,443,490,0,490,1
"6011","2021-2022","IOWA","1930930",464,2906,3370,0,3370,1
"6012","2021-2022","IOWA","1930960",11,110,121,0,121,1
"6013","2021-2022","IOWA","1930990",163,622,785,0,785,1
"6014","2021-2022","IOWA","1931020",79,158,237,0,237,1
"6015","2021-2022","IOWA","1931080",22,213,235,0,235,1
"6016","2021-2022","IOWA","1931110",30,239,269,0,269,1
"6017","2021-2022","IOWA","1931290",125,329,454,0,454,1
"6018","2021-2022","IOWA","1931350",142,719,861,0,861,1
"6019","2021-2022","IOWA","1931470",51,155,206,0,206,1
"6020","2021-2022","IOWA","1931620",27,86,113,0,113,1
"6021","2021-2022","IOWA","1931680",38,247,285,0,285,1
"6022","2021-2022","IOWA","1931800",55,199,254,0,254,1
"6023","2021-2022","IOWA","1931830",19,188,207,0,207,1
"6024","2021-2022","IOWA","1931860",70,467,537,0,537,1
"6025","2021-2022","IOWA","1931920",17,165,182,0,182,1
"6026","2021-2022","IOWA","1931950",16,151,167,0,167,1
"6027","2021-2022","IOWA","1932010",41,107,148,0,148,1
"6028","2021-2022","IOWA","1999017",50,204,254,0,254,1
"6029","2021-2022","IOWA","1999019",55,148,203,0,203,1
"6030","2021-2022","KANSAS","2000001",50,102,152,0,152,1
"6031","2021-2022","KANSAS","2000002",72,145,217,0,217,1
"6032","2021-2022","KANSAS","2000003",113,275,388,0,388,1
"6033","2021-2022","KANSAS","2000004",129,227,356,0,356,1
"6034","2021-2022","KANSAS","2000006",133,331,464,0,464,1
"6035","2021-2022","KANSAS","2000007",62,132,194,0,194,1
"6036","2021-2022","KANSAS","2000012",49,101,150,0,150,1
"6037","2021-2022","KANSAS","2000013",14,14,28,0,28,1
"6038","2021-2022","KANSAS","2000014",58,178,236,0,236,1
"6039","2021-2022","KANSAS","2000015",335,835,1170,0,1170,1
"6040","2021-2022","KANSAS","2000016",101,235,336,0,336,1
"6041","2021-2022","KANSAS","2000017",74,297,371,0,371,1
"6042","2021-2022","KANSAS","2000018",0,0,0,0,0,NA
"6043","2021-2022","KANSAS","2000019",0,16,16,0,16,1
"6044","2021-2022","KANSAS","2000020",10,54,64,0,64,1
"6045","2021-2022","KANSAS","2000022",0,0,0,0,0,NA
"6046","2021-2022","KANSAS","2000023",48,145,193,0,193,1
"6047","2021-2022","KANSAS","2000024",0,89,89,0,89,1
"6048","2021-2022","KANSAS","2000028",67,119,186,0,186,1
"6049","2021-2022","KANSAS","2000029",64,142,206,0,206,1
"6050","2021-2022","KANSAS","2000030",78,185,263,0,263,1
"6051","2021-2022","KANSAS","2000346",25,53,78,0,78,1
"6052","2021-2022","KANSAS","2000348",43,81,124,0,124,1
"6053","2021-2022","KANSAS","2000349",60,172,232,0,232,1
"6054","2021-2022","KANSAS","2000350",118,266,384,0,384,1
"6055","2021-2022","KANSAS","2000351",63,174,237,0,237,1
"6056","2021-2022","KANSAS","2000353",67,139,206,0,206,1
"6057","2021-2022","KANSAS","2003180",212,476,688,0,688,1
"6058","2021-2022","KANSAS","2003200",538,1248,1786,0,1786,1
"6059","2021-2022","KANSAS","2003210",31,106,137,0,137,1
"6060","2021-2022","KANSAS","2003240",22,56,78,0,78,1
"6061","2021-2022","KANSAS","2003270",15,55,70,0,70,1
"6062","2021-2022","KANSAS","2003300",243,580,823,0,823,1
"6063","2021-2022","KANSAS","2003360",170,514,684,0,684,1
"6064","2021-2022","KANSAS","2003390",103,337,440,0,440,1
"6065","2021-2022","KANSAS","2003430",20,59,79,0,79,1
"6066","2021-2022","KANSAS","2003450",267,1521,1788,0,1788,1
"6067","2021-2022","KANSAS","2003480",69,260,329,0,329,1
"6068","2021-2022","KANSAS","2003510",34,70,104,0,104,1
"6069","2021-2022","KANSAS","2003540",208,780,988,0,988,1
"6070","2021-2022","KANSAS","2003570",40,44,84,0,84,1
"6071","2021-2022","KANSAS","2003630",253,513,766,0,766,1
"6072","2021-2022","KANSAS","2003720",109,228,337,0,337,1
"6073","2021-2022","KANSAS","2003780",69,260,329,0,329,1
"6074","2021-2022","KANSAS","2003810",89,419,508,0,508,1
"6075","2021-2022","KANSAS","2003870",66,242,308,0,308,1
"6076","2021-2022","KANSAS","2003900",73,153,226,0,226,1
"6077","2021-2022","KANSAS","2003960",65,174,239,0,239,1
"6078","2021-2022","KANSAS","2004020",28,49,77,0,77,1
"6079","2021-2022","KANSAS","2004050",346,858,1204,0,1204,1
"6080","2021-2022","KANSAS","2004080",31,42,73,0,73,1
"6081","2021-2022","KANSAS","2004140",15,94,109,0,109,1
"6082","2021-2022","KANSAS","2004170",38,77,115,0,115,1
"6083","2021-2022","KANSAS","2004200",272,523,795,0,795,1
"6084","2021-2022","KANSAS","2004230",49,132,181,0,181,1
"6085","2021-2022","KANSAS","2004260",46,90,136,0,136,1
"6086","2021-2022","KANSAS","2004290",96,242,338,0,338,1
"6087","2021-2022","KANSAS","2004350",30,67,97,0,97,1
"6088","2021-2022","KANSAS","2004380",41,117,158,0,158,1
"6089","2021-2022","KANSAS","2004410",69,192,261,0,261,1
"6090","2021-2022","KANSAS","2004440",39,81,120,0,120,1
"6091","2021-2022","KANSAS","2004470",23,102,125,0,125,1
"6092","2021-2022","KANSAS","2004500",24,51,75,0,75,1
"6093","2021-2022","KANSAS","2004560",36,89,125,0,125,1
"6094","2021-2022","KANSAS","2004590",324,797,1121,0,1121,1
"6095","2021-2022","KANSAS","2004620",132,264,396,0,396,1
"6096","2021-2022","KANSAS","2004650",23,85,108,0,108,1
"6097","2021-2022","KANSAS","2004670",90,164,254,0,254,1
"6098","2021-2022","KANSAS","2004710",60,228,288,0,288,1
"6099","2021-2022","KANSAS","2004740",95,365,460,0,460,1
"6100","2021-2022","KANSAS","2004770",61,161,222,0,222,1
"6101","2021-2022","KANSAS","2004790",22,62,84,0,84,1
"6102","2021-2022","KANSAS","2004800",78,182,260,0,260,1
"6103","2021-2022","KANSAS","2004830",43,112,155,0,155,1
"6104","2021-2022","KANSAS","2004890",191,366,557,0,557,1
"6105","2021-2022","KANSAS","2004920",98,224,322,0,322,1
"6106","2021-2022","KANSAS","2004950",33,65,98,0,98,1
"6107","2021-2022","KANSAS","2004980",136,1169,1305,0,1305,1
"6108","2021-2022","KANSAS","2005010",89,269,358,0,358,1
"6109","2021-2022","KANSAS","2005040",52,99,151,0,151,1
"6110","2021-2022","KANSAS","2005070",106,362,468,0,468,1
"6111","2021-2022","KANSAS","2005100",172,408,580,0,580,1
"6112","2021-2022","KANSAS","2005130",29,84,113,0,113,1
"6113","2021-2022","KANSAS","2005190",15,26,41,0,41,1
"6114","2021-2022","KANSAS","2005250",25,97,122,0,122,1
"6115","2021-2022","KANSAS","2005280",72,288,360,0,360,1
"6116","2021-2022","KANSAS","2005310",44,79,123,0,123,1
"6117","2021-2022","KANSAS","2005370",28,50,78,0,78,1
"6118","2021-2022","KANSAS","2005400",28,148,176,0,176,1
"6119","2021-2022","KANSAS","2005460",778,2377,3155,0,3155,1
"6120","2021-2022","KANSAS","2005490",242,473,715,0,715,1
"6121","2021-2022","KANSAS","2005520",37,80,117,0,117,1
"6122","2021-2022","KANSAS","2005550",57,69,126,0,126,1
"6123","2021-2022","KANSAS","2005580",1293,4463,5756,0,5756,1
"6124","2021-2022","KANSAS","2005610",75,151,226,0,226,1
"6125","2021-2022","KANSAS","2005640",42,88,130,0,130,1
"6126","2021-2022","KANSAS","2005700",43,128,171,0,171,1
"6127","2021-2022","KANSAS","2005730",197,826,1023,0,1023,1
"6128","2021-2022","KANSAS","2005760",15,65,80,0,80,1
"6129","2021-2022","KANSAS","2005790",47,154,201,0,201,1
"6130","2021-2022","KANSAS","2005800",61,93,154,0,154,1
"6131","2021-2022","KANSAS","2005820",52,98,150,0,150,1
"6132","2021-2022","KANSAS","2005850",36,67,103,0,103,1
"6133","2021-2022","KANSAS","2005870",60,126,186,0,186,1
"6134","2021-2022","KANSAS","2005940",692,1732,2424,0,2424,1
"6135","2021-2022","KANSAS","2006000",62,144,206,0,206,1
"6136","2021-2022","KANSAS","2006060",44,72,116,0,116,1
"6137","2021-2022","KANSAS","2006090",135,281,416,0,416,1
"6138","2021-2022","KANSAS","2006120",57,270,327,0,327,1
"6139","2021-2022","KANSAS","2006180",195,863,1058,0,1058,1
"6140","2021-2022","KANSAS","2006210",26,40,66,0,66,1
"6141","2021-2022","KANSAS","2006240",61,121,182,0,182,1
"6142","2021-2022","KANSAS","2006270",72,256,328,0,328,1
"6143","2021-2022","KANSAS","2006300",72,244,316,0,316,1
"6144","2021-2022","KANSAS","2006330",26,10,36,0,36,1
"6145","2021-2022","KANSAS","2006360",85,383,468,0,468,1
"6146","2021-2022","KANSAS","2006390",786,3441,4227,0,4227,1
"6147","2021-2022","KANSAS","2006420",531,1127,1658,0,1658,1
"6148","2021-2022","KANSAS","2006450",108,326,434,0,434,1
"6149","2021-2022","KANSAS","2006480",126,345,471,0,471,1
"6150","2021-2022","KANSAS","2006510",22,66,88,0,88,1
"6151","2021-2022","KANSAS","2006540",394,872,1266,0,1266,1
"6152","2021-2022","KANSAS","2006570",38,44,82,0,82,1
"6153","2021-2022","KANSAS","2006580",101,323,424,0,424,1
"6154","2021-2022","KANSAS","2006630",7,21,28,0,28,1
"6155","2021-2022","KANSAS","2006660",347,1457,1804,0,1804,1
"6156","2021-2022","KANSAS","2006690",36,93,129,0,129,1
"6157","2021-2022","KANSAS","2006720",44,92,136,0,136,1
"6158","2021-2022","KANSAS","2006780",9,17,26,0,26,1
"6159","2021-2022","KANSAS","2006840",117,233,350,0,350,1
"6160","2021-2022","KANSAS","2006870",2,52,54,0,54,1
"6161","2021-2022","KANSAS","2006930",33,179,212,0,212,1
"6162","2021-2022","KANSAS","2006960",116,174,290,0,290,1
"6163","2021-2022","KANSAS","2006990",12,17,29,0,29,1
"6164","2021-2022","KANSAS","2007020",319,914,1233,0,1233,1
"6165","2021-2022","KANSAS","2007050",633,2236,2869,0,2869,1
"6166","2021-2022","KANSAS","2007080",3,34,37,0,37,1
"6167","2021-2022","KANSAS","2007110",44,219,263,0,263,1
"6168","2021-2022","KANSAS","2007170",50,119,169,0,169,1
"6169","2021-2022","KANSAS","2007260",54,146,200,0,200,1
"6170","2021-2022","KANSAS","2007290",64,142,206,0,206,1
"6171","2021-2022","KANSAS","2007320",96,327,423,0,423,1
"6172","2021-2022","KANSAS","2007350",140,308,448,0,448,1
"6173","2021-2022","KANSAS","2007380",57,396,453,0,453,1
"6174","2021-2022","KANSAS","2007440",23,77,100,0,100,1
"6175","2021-2022","KANSAS","2007470",44,238,282,0,282,1
"6176","2021-2022","KANSAS","2007500",64,189,253,0,253,1
"6177","2021-2022","KANSAS","2007530",38,108,146,0,146,1
"6178","2021-2022","KANSAS","2007560",142,448,590,0,590,1
"6179","2021-2022","KANSAS","2007590",77,229,306,0,306,1
"6180","2021-2022","KANSAS","2007620",496,2181,2677,0,2677,1
"6181","2021-2022","KANSAS","2007650",215,917,1132,0,1132,1
"6182","2021-2022","KANSAS","2007680",6,57,63,0,63,1
"6183","2021-2022","KANSAS","2007710",27,78,105,0,105,1
"6184","2021-2022","KANSAS","2007740",163,506,669,0,669,1
"6185","2021-2022","KANSAS","2007750",72,218,290,0,290,1
"6186","2021-2022","KANSAS","2007800",30,66,96,0,96,1
"6187","2021-2022","KANSAS","2007860",90,145,235,0,235,1
"6188","2021-2022","KANSAS","2007890",1072,2292,3364,0,3364,1
"6189","2021-2022","KANSAS","2007950",2250,14836,17086,0,17086,1
"6190","2021-2022","KANSAS","2007970",138,395,533,0,533,1
"6191","2021-2022","KANSAS","2008040",34,91,125,0,125,1
"6192","2021-2022","KANSAS","2008070",112,276,388,0,388,1
"6193","2021-2022","KANSAS","2008100",20,120,140,0,140,1
"6194","2021-2022","KANSAS","2008130",40,63,103,0,103,1
"6195","2021-2022","KANSAS","2008190",127,291,418,0,418,1
"6196","2021-2022","KANSAS","2008220",22,96,118,0,118,1
"6197","2021-2022","KANSAS","2008250",120,289,409,0,409,1
"6198","2021-2022","KANSAS","2008280",77,257,334,0,334,1
"6199","2021-2022","KANSAS","2008310",20,126,146,0,146,1
"6200","2021-2022","KANSAS","2008340",262,578,840,0,840,1
"6201","2021-2022","KANSAS","2008370",94,329,423,0,423,1
"6202","2021-2022","KANSAS","2008400",893,2455,3348,0,3348,1
"6203","2021-2022","KANSAS","2008430",263,1364,1627,0,1627,1
"6204","2021-2022","KANSAS","2008550",80,168,248,0,248,1
"6205","2021-2022","KANSAS","2008610",30,127,157,0,157,1
"6206","2021-2022","KANSAS","2008670",33,72,105,0,105,1
"6207","2021-2022","KANSAS","2008700",5,35,40,0,40,1
"6208","2021-2022","KANSAS","2008730",634,2834,3468,0,3468,1
"6209","2021-2022","KANSAS","2008790",61,108,169,0,169,1
"6210","2021-2022","KANSAS","2008880",12,46,58,0,58,1
"6211","2021-2022","KANSAS","2008910",18,46,64,0,64,1
"6212","2021-2022","KANSAS","2008940",14,47,61,0,61,1
"6213","2021-2022","KANSAS","2008970",109,165,274,0,274,1
"6214","2021-2022","KANSAS","2009000",47,104,151,0,151,1
"6215","2021-2022","KANSAS","2009030",75,402,477,0,477,1
"6216","2021-2022","KANSAS","2009060",43,83,126,0,126,1
"6217","2021-2022","KANSAS","2009090",33,94,127,0,127,1
"6218","2021-2022","KANSAS","2009140",479,934,1413,0,1413,1
"6219","2021-2022","KANSAS","2009180",563,1978,2541,0,2541,1
"6220","2021-2022","KANSAS","2009240",51,144,195,0,195,1
"6221","2021-2022","KANSAS","2009320",62,302,364,0,364,1
"6222","2021-2022","KANSAS","2009360",59,121,180,0,180,1
"6223","2021-2022","KANSAS","2009390",231,662,893,0,893,1
"6224","2021-2022","KANSAS","2009420",56,120,176,0,176,1
"6225","2021-2022","KANSAS","2009450",58,146,204,0,204,1
"6226","2021-2022","KANSAS","2009480",34,79,113,0,113,1
"6227","2021-2022","KANSAS","2009510",84,146,230,0,230,1
"6228","2021-2022","KANSAS","2009570",0,0,0,0,0,NA
"6229","2021-2022","KANSAS","2009600",58,73,131,0,131,1
"6230","2021-2022","KANSAS","2009630",18,29,47,0,47,1
"6231","2021-2022","KANSAS","2009660",42,83,125,0,125,1
"6232","2021-2022","KANSAS","2009720",19,45,64,0,64,1
"6233","2021-2022","KANSAS","2009780",59,101,160,0,160,1
"6234","2021-2022","KANSAS","2009840",153,409,562,0,562,1
"6235","2021-2022","KANSAS","2009850",24,53,77,0,77,1
"6236","2021-2022","KANSAS","2009900",97,275,372,0,372,1
"6237","2021-2022","KANSAS","2009930",50,97,147,0,147,1
"6238","2021-2022","KANSAS","2009960",349,1177,1526,0,1526,1
"6239","2021-2022","KANSAS","2009990",48,429,477,0,477,1
"6240","2021-2022","KANSAS","2010020",84,177,261,0,261,1
"6241","2021-2022","KANSAS","2010050",58,130,188,0,188,1
"6242","2021-2022","KANSAS","2010080",52,134,186,0,186,1
"6243","2021-2022","KANSAS","2010140",1775,5400,7175,0,7175,1
"6244","2021-2022","KANSAS","2010170",58,52,110,0,110,1
"6245","2021-2022","KANSAS","2010230",89,229,318,0,318,1
"6246","2021-2022","KANSAS","2010260",172,494,666,0,666,1
"6247","2021-2022","KANSAS","2010290",43,103,146,0,146,1
"6248","2021-2022","KANSAS","2010320",74,188,262,0,262,1
"6249","2021-2022","KANSAS","2010350",63,163,226,0,226,1
"6250","2021-2022","KANSAS","2010410",82,301,383,0,383,1
"6251","2021-2022","KANSAS","2010440",43,112,155,0,155,1
"6252","2021-2022","KANSAS","2010470",15,27,42,0,42,1
"6253","2021-2022","KANSAS","2010500",66,412,478,0,478,1
"6254","2021-2022","KANSAS","2010560",164,748,912,0,912,1
"6255","2021-2022","KANSAS","2010590",32,83,115,0,115,1
"6256","2021-2022","KANSAS","2010620",55,186,241,0,241,1
"6257","2021-2022","KANSAS","2010650",72,144,216,0,216,1
"6258","2021-2022","KANSAS","2010680",170,252,422,0,422,1
"6259","2021-2022","KANSAS","2010710",350,1815,2165,0,2165,1
"6260","2021-2022","KANSAS","2010740",65,77,142,0,142,1
"6261","2021-2022","KANSAS","2010770",55,163,218,0,218,1
"6262","2021-2022","KANSAS","2010800",73,169,242,0,242,1
"6263","2021-2022","KANSAS","2010890",142,395,537,0,537,1
"6264","2021-2022","KANSAS","2010920",63,82,145,0,145,1
"6265","2021-2022","KANSAS","2010950",42,48,90,0,90,1
"6266","2021-2022","KANSAS","2010980",30,26,56,0,56,1
"6267","2021-2022","KANSAS","2011040",20,74,94,0,94,1
"6268","2021-2022","KANSAS","2011080",71,283,354,0,354,1
"6269","2021-2022","KANSAS","2011100",60,115,175,0,175,1
"6270","2021-2022","KANSAS","2011130",72,247,319,0,319,1
"6271","2021-2022","KANSAS","2011190",12,51,63,0,63,1
"6272","2021-2022","KANSAS","2011220",38,112,150,0,150,1
"6273","2021-2022","KANSAS","2011250",118,289,407,0,407,1
"6274","2021-2022","KANSAS","2011280",9,70,79,0,79,1
"6275","2021-2022","KANSAS","2011310",134,327,461,0,461,1
"6276","2021-2022","KANSAS","2011370",974,2948,3922,0,3922,1
"6277","2021-2022","KANSAS","2011400",37,112,149,0,149,1
"6278","2021-2022","KANSAS","2011430",54,91,145,0,145,1
"6279","2021-2022","KANSAS","2011490",340,924,1264,0,1264,1
"6280","2021-2022","KANSAS","2011520",46,208,254,0,254,1
"6281","2021-2022","KANSAS","2011550",63,133,196,0,196,1
"6282","2021-2022","KANSAS","2011610",24,39,63,0,63,1
"6283","2021-2022","KANSAS","2011640",2246,6217,8463,0,8463,1
"6284","2021-2022","KANSAS","2011700",27,69,96,0,96,1
"6285","2021-2022","KANSAS","2011760",65,128,193,0,193,1
"6286","2021-2022","KANSAS","2011790",24,44,68,0,68,1
"6287","2021-2022","KANSAS","2011820",30,47,77,0,77,1
"6288","2021-2022","KANSAS","2011850",127,319,446,0,446,1
"6289","2021-2022","KANSAS","2011880",69,78,147,0,147,1
"6290","2021-2022","KANSAS","2011910",40,121,161,0,161,1
"6291","2021-2022","KANSAS","2011970",38,87,125,0,125,1
"6292","2021-2022","KANSAS","2012000",615,953,1568,0,1568,1
"6293","2021-2022","KANSAS","2012030",67,120,187,0,187,1
"6294","2021-2022","KANSAS","2012060",60,86,146,0,146,1
"6295","2021-2022","KANSAS","2012090",41,204,245,0,245,1
"6296","2021-2022","KANSAS","2012120",37,69,106,0,106,1
"6297","2021-2022","KANSAS","2012150",60,318,378,0,378,1
"6298","2021-2022","KANSAS","2012180",356,868,1224,0,1224,1
"6299","2021-2022","KANSAS","2012210",177,317,494,0,494,1
"6300","2021-2022","KANSAS","2012260",1602,6663,8265,0,8265,1
"6301","2021-2022","KANSAS","2012300",108,458,566,0,566,1
"6302","2021-2022","KANSAS","2012330",9,35,44,0,44,1
"6303","2021-2022","KANSAS","2012360",538,2121,2659,0,2659,1
"6304","2021-2022","KANSAS","2012390",32,107,139,0,139,1
"6305","2021-2022","KANSAS","2012420",132,687,819,0,819,1
"6306","2021-2022","KANSAS","2012450",61,208,269,0,269,1
"6307","2021-2022","KANSAS","2012510",384,714,1098,0,1098,1
"6308","2021-2022","KANSAS","2012540",27,87,114,0,114,1
"6309","2021-2022","KANSAS","2012600",31,50,81,0,81,1
"6310","2021-2022","KANSAS","2012630",38,83,121,0,121,1
"6311","2021-2022","KANSAS","2012780",57,115,172,0,172,1
"6312","2021-2022","KANSAS","2012810",48,132,180,0,180,1
"6313","2021-2022","KANSAS","2012840",184,504,688,0,688,1
"6314","2021-2022","KANSAS","2012870",86,186,272,0,272,1
"6315","2021-2022","KANSAS","2012900",2,24,26,0,26,1
"6316","2021-2022","KANSAS","2012990",4753,29181,33934,0,33934,1
"6317","2021-2022","KANSAS","2013020",27,111,138,0,138,1
"6318","2021-2022","KANSAS","2013050",232,827,1059,0,1059,1
"6319","2021-2022","KANSAS","2013110",57,158,215,0,215,1
"6320","2021-2022","KENTUCKY","2100030",85,1656,1741,1582,3323,0.523924164911225
"6321","2021-2022","KENTUCKY","2100070",142,1735,1877,1638,3515,0.533997155049787
"6322","2021-2022","KENTUCKY","2100081",127,2633,2760,2476,5236,0.527119938884645
"6323","2021-2022","KENTUCKY","2100090",0,20,20,20,40,0.5
"6324","2021-2022","KENTUCKY","2100094",0,0,0,3,3,0
"6325","2021-2022","KENTUCKY","2100095",5,50,55,38,93,0.591397849462366
"6326","2021-2022","KENTUCKY","2100120",88,1448,1536,1421,2957,0.519445383834968
"6327","2021-2022","KENTUCKY","2100150",84,1860,1944,1767,3711,0.523848019401778
"6328","2021-2022","KENTUCKY","2100180",16,188,204,175,379,0.538258575197889
"6329","2021-2022","KENTUCKY","2100210",64,588,652,545,1197,0.54469507101086
"6330","2021-2022","KENTUCKY","2100240",52,440,492,429,921,0.534201954397394
"6331","2021-2022","KENTUCKY","2100270",106,1269,1375,1179,2554,0.538371182458888
"6332","2021-2022","KENTUCKY","2100289",0,0,0,0,0,NA
"6333","2021-2022","KENTUCKY","2100300",212,2740,2952,2408,5360,0.550746268656716
"6334","2021-2022","KENTUCKY","2100330",68,1391,1459,790,2249,0.648732770120053
"6335","2021-2022","KENTUCKY","2100360",4,220,224,188,412,0.543689320388349
"6336","2021-2022","KENTUCKY","2100390",98,1901,1999,1779,3778,0.529115934356802
"6337","2021-2022","KENTUCKY","2100420",19,397,416,334,750,0.554666666666667
"6338","2021-2022","KENTUCKY","2100480",22,620,642,581,1223,0.524938675388389
"6339","2021-2022","KENTUCKY","2100510",502,6959,7461,6491,13952,0.534762041284404
"6340","2021-2022","KENTUCKY","2100540",92,1541,1633,1446,3079,0.530367002273465
"6341","2021-2022","KENTUCKY","2100570",119,2578,2697,2303,5000,0.5394
"6342","2021-2022","KENTUCKY","2100620",64,1637,1701,1555,3256,0.522420147420147
"6343","2021-2022","KENTUCKY","2100630",185,1259,1444,1143,2587,0.55817549284886
"6344","2021-2022","KENTUCKY","2100660",58,534,592,491,1083,0.5466297322253
"6345","2021-2022","KENTUCKY","2100690",44,1275,1319,1204,2523,0.522790328973444
"6346","2021-2022","KENTUCKY","2100720",131,1513,1644,1446,3090,0.532038834951456
"6347","2021-2022","KENTUCKY","2100750",418,5172,5590,4913,10503,0.532228886984671
"6348","2021-2022","KENTUCKY","2100780",29,196,225,173,398,0.565326633165829
"6349","2021-2022","KENTUCKY","2100810",79,1130,1209,1017,2226,0.543126684636119
"6350","2021-2022","KENTUCKY","2100840",77,1018,1095,961,2056,0.532587548638132
"6351","2021-2022","KENTUCKY","2100870",155,1638,1793,1479,3272,0.547982885085575
"6352","2021-2022","KENTUCKY","2100900",224,1950,2174,1781,3955,0.54968394437421
"6353","2021-2022","KENTUCKY","2100930",13,893,906,880,1786,0.507278835386338
"6354","2021-2022","KENTUCKY","2100960",31,421,452,388,840,0.538095238095238
"6355","2021-2022","KENTUCKY","2100990",43,1315,1358,1243,2601,0.522106881968474
"6356","2021-2022","KENTUCKY","2101020",133,2491,2624,2384,5008,0.523961661341853
"6357","2021-2022","KENTUCKY","2101050",96,1388,1484,1232,2716,0.54639175257732
"6358","2021-2022","KENTUCKY","2101110",8,488,496,461,957,0.51828631138976
"6359","2021-2022","KENTUCKY","2101150",330,5315,5645,4905,10550,0.535071090047393
"6360","2021-2022","KENTUCKY","2101200",190,2892,3082,2744,5826,0.529007895640233
"6361","2021-2022","KENTUCKY","2101230",105,2076,2181,1944,4125,0.528727272727273
"6362","2021-2022","KENTUCKY","2101260",54,1143,1197,1079,2276,0.525922671353251
"6363","2021-2022","KENTUCKY","2101290",14,166,180,146,326,0.552147239263804
"6364","2021-2022","KENTUCKY","2101320",22,1499,1521,1486,3007,0.505819753907549
"6365","2021-2022","KENTUCKY","2101350",3,2827,2830,2624,5454,0.518885221855519
"6366","2021-2022","KENTUCKY","2101380",84,826,910,751,1661,0.547862733293197
"6367","2021-2022","KENTUCKY","2101410",44,715,759,662,1421,0.534130893736805
"6368","2021-2022","KENTUCKY","2101440",30,1194,1224,1145,2369,0.516673701983959
"6369","2021-2022","KENTUCKY","2101470",456,5433,5889,4892,10781,0.546238753362397
"6370","2021-2022","KENTUCKY","2101500",12,363,375,347,722,0.519390581717452
"6371","2021-2022","KENTUCKY","2101530",34,582,616,537,1153,0.534258456201214
"6372","2021-2022","KENTUCKY","2101590",21,327,348,309,657,0.529680365296804
"6373","2021-2022","KENTUCKY","2101620",69,930,999,853,1852,0.539416846652268
"6374","2021-2022","KENTUCKY","2101650",92,1086,1178,1046,2224,0.529676258992806
"6375","2021-2022","KENTUCKY","2101680",13,605,618,587,1205,0.512863070539419
"6376","2021-2022","KENTUCKY","2101710",32,360,392,336,728,0.538461538461538
"6377","2021-2022","KENTUCKY","2101740",65,1460,1525,1399,2924,0.521545827633379
"6378","2021-2022","KENTUCKY","2101760",64,1380,1444,1309,2753,0.524518706865238
"6379","2021-2022","KENTUCKY","2101800",45,432,477,49,526,0.906844106463878
"6380","2021-2022","KENTUCKY","2101860",843,19243,20086,18359,38445,0.522460658082976
"6381","2021-2022","KENTUCKY","2101920",48,1245,1293,1192,2485,0.520321931589537
"6382","2021-2022","KENTUCKY","2101950",165,4047,4212,3796,8008,0.525974025974026
"6383","2021-2022","KENTUCKY","2101980",52,120,172,12,184,0.934782608695652
"6384","2021-2022","KENTUCKY","2102010",169,3208,3377,3023,6400,0.52765625
"6385","2021-2022","KENTUCKY","2102040",72,152,224,15,239,0.937238493723849
"6386","2021-2022","KENTUCKY","2102070",19,234,253,110,363,0.696969696969697
"6387","2021-2022","KENTUCKY","2102100",6,412,418,408,826,0.506053268765133
"6388","2021-2022","KENTUCKY","2102130",98,996,1094,919,2013,0.543467461500248
"6389","2021-2022","KENTUCKY","2102160",116,1549,1665,1479,3144,0.529580152671756
"6390","2021-2022","KENTUCKY","2102220",66,1405,1471,1297,2768,0.53143063583815
"6391","2021-2022","KENTUCKY","2102250",174,2179,2353,1980,4333,0.543041772444034
"6392","2021-2022","KENTUCKY","2102280",123,2096,2219,2031,4250,0.522117647058824
"6393","2021-2022","KENTUCKY","2102300",162,2293,2455,2191,4646,0.528411536805855
"6394","2021-2022","KENTUCKY","2102340",80,926,1006,883,1889,0.532556908417152
"6395","2021-2022","KENTUCKY","2102400",93,1649,1742,1574,3316,0.525331724969843
"6396","2021-2022","KENTUCKY","2102460",62,831,893,756,1649,0.541540327471195
"6397","2021-2022","KENTUCKY","2102490",348,5051,5399,4859,10258,0.52632092025736
"6398","2021-2022","KENTUCKY","2102520",26,482,508,438,946,0.536997885835095
"6399","2021-2022","KENTUCKY","2102540",76,2755,2831,2687,5518,0.513048205871693
"6400","2021-2022","KENTUCKY","2102580",99,1510,1609,1413,3022,0.532428855062872
"6401","2021-2022","KENTUCKY","2102640",83,1229,1312,1109,2421,0.541924824452706
"6402","2021-2022","KENTUCKY","2102670",22,566,588,557,1145,0.51353711790393
"6403","2021-2022","KENTUCKY","2102710",42,3636,3678,3585,7263,0.506402313093763
"6404","2021-2022","KENTUCKY","2102760",6,1047,1053,1035,2088,0.504310344827586
"6405","2021-2022","KENTUCKY","2102790",22,417,439,395,834,0.526378896882494
"6406","2021-2022","KENTUCKY","2102860",208,3530,3738,3351,7089,0.527295810410495
"6407","2021-2022","KENTUCKY","2102910",8,181,189,174,363,0.520661157024793
"6408","2021-2022","KENTUCKY","2102940",99,1376,1475,1303,2778,0.530957523398128
"6409","2021-2022","KENTUCKY","2102990",4226,56844,61070,50212,111282,0.548785967182473
"6410","2021-2022","KENTUCKY","2103000",5,371,376,359,735,0.51156462585034
"6411","2021-2022","KENTUCKY","2103030",73,4054,4127,3943,8070,0.511400247831475
"6412","2021-2022","KENTUCKY","2103060",3,2094,2097,2089,4186,0.500955566172957
"6413","2021-2022","KENTUCKY","2103090",420,5390,5810,4946,10756,0.540163629602083
"6414","2021-2022","KENTUCKY","2103120",30,1523,1553,1439,2992,0.519050802139037
"6415","2021-2022","KENTUCKY","2103150",6,2702,2708,2677,5385,0.502878365831012
"6416","2021-2022","KENTUCKY","2103180",90,1142,1232,1058,2290,0.537991266375546
"6417","2021-2022","KENTUCKY","2103210",285,5103,5388,4778,10166,0.530001967342121
"6418","2021-2022","KENTUCKY","2103240",36,1475,1511,1453,2964,0.509784075573549
"6419","2021-2022","KENTUCKY","2103270",46,646,692,387,1079,0.641334569045412
"6420","2021-2022","KENTUCKY","2103330",35,998,1033,953,1986,0.520140986908359
"6421","2021-2022","KENTUCKY","2103360",80,1840,1920,1776,3696,0.519480519480519
"6422","2021-2022","KENTUCKY","2103390",3,1409,1412,1310,2722,0.518736223365173
"6423","2021-2022","KENTUCKY","2103480",129,1974,2103,1792,3895,0.53992297817715
"6424","2021-2022","KENTUCKY","2103510",36,638,674,595,1269,0.531126871552403
"6425","2021-2022","KENTUCKY","2103540",88,1555,1643,1496,3139,0.52341510035043
"6426","2021-2022","KENTUCKY","2103630",38,452,490,426,916,0.534934497816594
"6427","2021-2022","KENTUCKY","2103690",71,513,584,451,1035,0.564251207729469
"6428","2021-2022","KENTUCKY","2103720",412,5273,5685,4844,10529,0.539937315984424
"6429","2021-2022","KENTUCKY","2103750",1,55,56,15,71,0.788732394366197
"6430","2021-2022","KENTUCKY","2103780",83,1771,1854,1696,3550,0.522253521126761
"6431","2021-2022","KENTUCKY","2103810",129,2241,2370,2136,4506,0.525965379494008
"6432","2021-2022","KENTUCKY","2103840",0,1144,1144,1144,2288,0.5
"6433","2021-2022","KENTUCKY","2103870",114,1535,1649,1454,3103,0.531421205285208
"6434","2021-2022","KENTUCKY","2103900",10,1354,1364,1341,2705,0.504251386321627
"6435","2021-2022","KENTUCKY","2103960",254,3193,3447,3003,6450,0.534418604651163
"6436","2021-2022","KENTUCKY","2103990",89,2084,2173,1972,4145,0.524246079613993
"6437","2021-2022","KENTUCKY","2104020",50,762,812,698,1510,0.537748344370861
"6438","2021-2022","KENTUCKY","2104050",162,2394,2556,2238,4794,0.533166458072591
"6439","2021-2022","KENTUCKY","2104080",30,730,760,594,1354,0.561299852289513
"6440","2021-2022","KENTUCKY","2104110",130,1481,1611,1413,3024,0.532738095238095
"6441","2021-2022","KENTUCKY","2104140",33,1041,1074,1006,2080,0.516346153846154
"6442","2021-2022","KENTUCKY","2104170",23,762,785,609,1394,0.56312769010043
"6443","2021-2022","KENTUCKY","2104200",90,1162,1252,1058,2310,0.541991341991342
"6444","2021-2022","KENTUCKY","2104250",126,2316,2442,2211,4653,0.524822695035461
"6445","2021-2022","KENTUCKY","2104290",96,1266,1362,1069,2431,0.560263266145619
"6446","2021-2022","KENTUCKY","2104380",69,743,812,700,1512,0.537037037037037
"6447","2021-2022","KENTUCKY","2104410",219,2098,2317,1859,4176,0.554837164750958
"6448","2021-2022","KENTUCKY","2104440",30,1126,1156,987,2143,0.539430704619692
"6449","2021-2022","KENTUCKY","2104470",52,728,780,660,1440,0.541666666666667
"6450","2021-2022","KENTUCKY","2104500",146,2434,2580,2330,4910,0.525458248472505
"6451","2021-2022","KENTUCKY","2104530",206,2084,2290,1921,4211,0.543813820945144
"6452","2021-2022","KENTUCKY","2104560",35,947,982,407,1389,0.706983441324694
"6453","2021-2022","KENTUCKY","2104590",232,3126,3358,2761,6119,0.548782480797516
"6454","2021-2022","KENTUCKY","2104620",8,656,664,579,1243,0.53419147224457
"6455","2021-2022","KENTUCKY","2104650",38,2050,2088,1997,4085,0.511138310893513
"6456","2021-2022","KENTUCKY","2104680",21,337,358,310,668,0.535928143712575
"6457","2021-2022","KENTUCKY","2104710",24,537,561,467,1028,0.545719844357977
"6458","2021-2022","KENTUCKY","2104740",101,1261,1362,1207,2569,0.53016738030362
"6459","2021-2022","KENTUCKY","2104770",71,2501,2572,2403,4975,0.516984924623116
"6460","2021-2022","KENTUCKY","2104800",340,5110,5450,4397,9847,0.553468061338479
"6461","2021-2022","KENTUCKY","2104830",23,415,438,372,810,0.540740740740741
"6462","2021-2022","KENTUCKY","2104860",29,458,487,414,901,0.540510543840178
"6463","2021-2022","KENTUCKY","2104890",79,1486,1565,1312,2877,0.543969412582551
"6464","2021-2022","KENTUCKY","2104950",318,5254,5572,5055,10627,0.524324832972617
"6465","2021-2022","KENTUCKY","2104980",26,457,483,422,905,0.533701657458564
"6466","2021-2022","KENTUCKY","2105040",21,267,288,254,542,0.531365313653137
"6467","2021-2022","KENTUCKY","2105070",68,1699,1767,1668,3435,0.514410480349345
"6468","2021-2022","KENTUCKY","2105100",117,1972,2089,1870,3959,0.527658499621116
"6469","2021-2022","KENTUCKY","2105130",42,871,913,830,1743,0.523809523809524
"6470","2021-2022","KENTUCKY","2105160",120,1889,2009,1786,3795,0.529380764163373
"6471","2021-2022","KENTUCKY","2105190",20,845,865,814,1679,0.515187611673615
"6472","2021-2022","KENTUCKY","2105220",37,242,279,116,395,0.706329113924051
"6473","2021-2022","KENTUCKY","2105260",401,3891,4292,3650,7942,0.54041803072274
"6474","2021-2022","KENTUCKY","2105320",98,2750,2848,2588,5436,0.523914643119941
"6475","2021-2022","KENTUCKY","2105400",205,1633,1838,1384,3222,0.570453134698945
"6476","2021-2022","KENTUCKY","2105430",45,981,1026,954,1980,0.518181818181818
"6477","2021-2022","KENTUCKY","2105460",10,128,138,52,190,0.726315789473684
"6478","2021-2022","KENTUCKY","2105490",92,1157,1249,1049,2298,0.543516100957354
"6479","2021-2022","KENTUCKY","2105520",41,1400,1441,1307,2748,0.524381368267831
"6480","2021-2022","KENTUCKY","2105550",66,1012,1078,936,2014,0.535253227408143
"6481","2021-2022","KENTUCKY","2105580",19,1000,1019,986,2005,0.508229426433915
"6482","2021-2022","KENTUCKY","2105610",30,617,647,591,1238,0.522617124394184
"6483","2021-2022","KENTUCKY","2105640",35,1113,1148,1090,2238,0.51295799821269
"6484","2021-2022","KENTUCKY","2105700",44,568,612,509,1121,0.545941123996432
"6485","2021-2022","KENTUCKY","2105730",636,9367,10003,8665,18668,0.535836725948147
"6486","2021-2022","KENTUCKY","2105760",76,935,1011,868,1879,0.53805215540181
"6487","2021-2022","KENTUCKY","2105790",133,2306,2439,2186,4625,0.527351351351351
"6488","2021-2022","KENTUCKY","2105820",28,1245,1273,1233,2506,0.507980845969673
"6489","2021-2022","KENTUCKY","2105880",103,3051,3154,2962,6116,0.515696533682145
"6490","2021-2022","KENTUCKY","2105910",5,630,635,618,1253,0.506783719074222
"6491","2021-2022","KENTUCKY","2105940",17,449,466,410,876,0.531963470319635
"6492","2021-2022","KENTUCKY","2105970",38,855,893,827,1720,0.519186046511628
"6493","2021-2022","KENTUCKY","2106000",102,1526,1628,1449,3077,0.529086772830679
"6494","2021-2022","LOUISIANA","2200017",0,0,0,0,0,NA
"6495","2021-2022","LOUISIANA","2200018",3,130,133,0,133,1
"6496","2021-2022","LOUISIANA","2200022",0,0,0,0,0,NA
"6497","2021-2022","LOUISIANA","2200023",60,299,359,0,359,1
"6498","2021-2022","LOUISIANA","2200025",0,162,162,0,162,1
"6499","2021-2022","LOUISIANA","2200030",0,4360,4360,0,4360,1
"6500","2021-2022","LOUISIANA","2200032",0,218,218,0,218,1
"6501","2021-2022","LOUISIANA","2200033",98,398,496,0,496,1
"6502","2021-2022","LOUISIANA","2200035",92,242,334,0,334,1
"6503","2021-2022","LOUISIANA","2200036",7,51,58,0,58,1
"6504","2021-2022","LOUISIANA","2200038",32,497,529,0,529,1
"6505","2021-2022","LOUISIANA","2200039",310,1675,1985,0,1985,1
"6506","2021-2022","LOUISIANA","2200040",0,588,588,0,588,1
"6507","2021-2022","LOUISIANA","2200041",133,132,265,0,265,1
"6508","2021-2022","LOUISIANA","2200047",0,162,162,0,162,1
"6509","2021-2022","LOUISIANA","2200054",0,803,803,0,803,1
"6510","2021-2022","LOUISIANA","2200056",0,27,27,0,27,1
"6511","2021-2022","LOUISIANA","2200060",107,1714,1821,0,1821,1
"6512","2021-2022","LOUISIANA","2200090",921,6993,7914,0,7914,1
"6513","2021-2022","LOUISIANA","2200120",10,1404,1414,0,1414,1
"6514","2021-2022","LOUISIANA","2200125",279,1346,1625,0,1625,1
"6515","2021-2022","LOUISIANA","2200126",0,39,39,0,39,1
"6516","2021-2022","LOUISIANA","2200146",61,346,407,0,407,1
"6517","2021-2022","LOUISIANA","2200148",29,369,398,0,398,1
"6518","2021-2022","LOUISIANA","2200150",0,2741,2741,0,2741,1
"6519","2021-2022","LOUISIANA","2200151",0,16,16,0,16,1
"6520","2021-2022","LOUISIANA","2200156",0,142,142,0,142,1
"6521","2021-2022","LOUISIANA","2200157",0,890,890,0,890,1
"6522","2021-2022","LOUISIANA","2200158",0,880,880,0,880,1
"6523","2021-2022","LOUISIANA","2200159",89,271,360,0,360,1
"6524","2021-2022","LOUISIANA","2200160",27,332,359,0,359,1
"6525","2021-2022","LOUISIANA","2200180",189,1696,1885,0,1885,1
"6526","2021-2022","LOUISIANA","2200186",0,290,290,0,290,1
"6527","2021-2022","LOUISIANA","2200187",0,268,268,0,268,1
"6528","2021-2022","LOUISIANA","2200188",0,84,84,0,84,1
"6529","2021-2022","LOUISIANA","2200189",0,410,410,0,410,1
"6530","2021-2022","LOUISIANA","2200190",0,252,252,0,252,1
"6531","2021-2022","LOUISIANA","2200192",0,444,444,0,444,1
"6532","2021-2022","LOUISIANA","2200195",0,485,485,0,485,1
"6533","2021-2022","LOUISIANA","2200196",0,151,151,0,151,1
"6534","2021-2022","LOUISIANA","2200197",0,496,496,0,496,1
"6535","2021-2022","LOUISIANA","2200198",0,217,217,0,217,1
"6536","2021-2022","LOUISIANA","2200199",0,153,153,0,153,1
"6537","2021-2022","LOUISIANA","2200203",72,657,729,0,729,1
"6538","2021-2022","LOUISIANA","2200206",0,491,491,0,491,1
"6539","2021-2022","LOUISIANA","2200207",0,698,698,0,698,1
"6540","2021-2022","LOUISIANA","2200208",0,462,462,0,462,1
"6541","2021-2022","LOUISIANA","2200210",0,907,907,0,907,1
"6542","2021-2022","LOUISIANA","2200211",0,688,688,0,688,1
"6543","2021-2022","LOUISIANA","2200212",0,334,334,0,334,1
"6544","2021-2022","LOUISIANA","2200213",0,171,171,0,171,1
"6545","2021-2022","LOUISIANA","2200215",6,260,266,0,266,1
"6546","2021-2022","LOUISIANA","2200216",0,573,573,0,573,1
"6547","2021-2022","LOUISIANA","2200217",0,603,603,0,603,1
"6548","2021-2022","LOUISIANA","2200219",0,191,191,0,191,1
"6549","2021-2022","LOUISIANA","2200220",0,616,616,0,616,1
"6550","2021-2022","LOUISIANA","2200226",0,159,159,0,159,1
"6551","2021-2022","LOUISIANA","2200230",0,408,408,0,408,1
"6552","2021-2022","LOUISIANA","2200231",177,426,603,0,603,1
"6553","2021-2022","LOUISIANA","2200233",107,1490,1597,0,1597,1
"6554","2021-2022","LOUISIANA","2200235",66,703,769,0,769,1
"6555","2021-2022","LOUISIANA","2200236",0,665,665,0,665,1
"6556","2021-2022","LOUISIANA","2200237",0,540,540,0,540,1
"6557","2021-2022","LOUISIANA","2200238",0,69,69,0,69,1
"6558","2021-2022","LOUISIANA","2200240",0,1027,1027,0,1027,1
"6559","2021-2022","LOUISIANA","2200241",8,96,104,0,104,1
"6560","2021-2022","LOUISIANA","2200242",0,356,356,0,356,1
"6561","2021-2022","LOUISIANA","2200243",0,515,515,0,515,1
"6562","2021-2022","LOUISIANA","2200246",0,718,718,0,718,1
"6563","2021-2022","LOUISIANA","2200247",23,227,250,0,250,1
"6564","2021-2022","LOUISIANA","2200248",0,659,659,0,659,1
"6565","2021-2022","LOUISIANA","2200249",0,224,224,0,224,1
"6566","2021-2022","LOUISIANA","2200252",11,137,148,0,148,1
"6567","2021-2022","LOUISIANA","2200253",0,453,453,0,453,1
"6568","2021-2022","LOUISIANA","2200254",0,303,303,0,303,1
"6569","2021-2022","LOUISIANA","2200255",0,466,466,0,466,1
"6570","2021-2022","LOUISIANA","2200258",6,249,255,0,255,1
"6571","2021-2022","LOUISIANA","2200259",0,295,295,0,295,1
"6572","2021-2022","LOUISIANA","2200262",0,762,762,0,762,1
"6573","2021-2022","LOUISIANA","2200263",82,530,612,0,612,1
"6574","2021-2022","LOUISIANA","2200265",0,629,629,0,629,1
"6575","2021-2022","LOUISIANA","2200267",0,342,342,0,342,1
"6576","2021-2022","LOUISIANA","2200268",32,375,407,0,407,1
"6577","2021-2022","LOUISIANA","2200270",908,7807,8715,0,8715,1
"6578","2021-2022","LOUISIANA","2200275",0,621,621,0,621,1
"6579","2021-2022","LOUISIANA","2200276",0,473,473,0,473,1
"6580","2021-2022","LOUISIANA","2200277",0,583,583,0,583,1
"6581","2021-2022","LOUISIANA","2200278",0,66,66,0,66,1
"6582","2021-2022","LOUISIANA","2200279",0,481,481,0,481,1
"6583","2021-2022","LOUISIANA","2200280",0,156,156,0,156,1
"6584","2021-2022","LOUISIANA","2200281",0,384,384,0,384,1
"6585","2021-2022","LOUISIANA","2200282",66,410,476,0,476,1
"6586","2021-2022","LOUISIANA","2200283",0,202,202,0,202,1
"6587","2021-2022","LOUISIANA","2200284",0,354,354,0,354,1
"6588","2021-2022","LOUISIANA","2200285",37,237,274,0,274,1
"6589","2021-2022","LOUISIANA","2200286",0,317,317,0,317,1
"6590","2021-2022","LOUISIANA","2200287",0,310,310,0,310,1
"6591","2021-2022","LOUISIANA","2200288",0,366,366,0,366,1
"6592","2021-2022","LOUISIANA","2200289",46,301,347,0,347,1
"6593","2021-2022","LOUISIANA","2200290",0,166,166,0,166,1
"6594","2021-2022","LOUISIANA","2200291",0,590,590,0,590,1
"6595","2021-2022","LOUISIANA","2200292",0,235,235,0,235,1
"6596","2021-2022","LOUISIANA","2200293",0,103,103,0,103,1
"6597","2021-2022","LOUISIANA","2200294",0,704,704,0,704,1
"6598","2021-2022","LOUISIANA","2200295",0,163,163,0,163,1
"6599","2021-2022","LOUISIANA","2200296",0,553,553,0,553,1
"6600","2021-2022","LOUISIANA","2200297",34,150,184,0,184,1
"6601","2021-2022","LOUISIANA","2200298",0,418,418,0,418,1
"6602","2021-2022","LOUISIANA","2200299",37,172,209,0,209,1
"6603","2021-2022","LOUISIANA","2200300",0,16690,16690,0,16690,1
"6604","2021-2022","LOUISIANA","2200301",3,51,54,0,54,1
"6605","2021-2022","LOUISIANA","2200302",0,172,172,0,172,1
"6606","2021-2022","LOUISIANA","2200303",20,161,181,0,181,1
"6607","2021-2022","LOUISIANA","2200304",5,111,116,0,116,1
"6608","2021-2022","LOUISIANA","2200305",0,553,553,0,553,1
"6609","2021-2022","LOUISIANA","2200306",0,352,352,0,352,1
"6610","2021-2022","LOUISIANA","2200307",0,302,302,0,302,1
"6611","2021-2022","LOUISIANA","2200308",6,89,95,0,95,1
"6612","2021-2022","LOUISIANA","2200309",0,56,56,0,56,1
"6613","2021-2022","LOUISIANA","2200310",0,213,213,0,213,1
"6614","2021-2022","LOUISIANA","2200311",0,158,158,0,158,1
"6615","2021-2022","LOUISIANA","2200312",0,474,474,0,474,1
"6616","2021-2022","LOUISIANA","2200313",0,146,146,0,146,1
"6617","2021-2022","LOUISIANA","2200314",0,53,53,0,53,1
"6618","2021-2022","LOUISIANA","2200315",0,212,212,0,212,1
"6619","2021-2022","LOUISIANA","2200316",0,450,450,0,450,1
"6620","2021-2022","LOUISIANA","2200317",3,103,106,0,106,1
"6621","2021-2022","LOUISIANA","2200318",8,83,91,0,91,1
"6622","2021-2022","LOUISIANA","2200319",0,378,378,0,378,1
"6623","2021-2022","LOUISIANA","2200320",0,355,355,0,355,1
"6624","2021-2022","LOUISIANA","2200321",0,213,213,0,213,1
"6625","2021-2022","LOUISIANA","2200322",0,596,596,0,596,1
"6626","2021-2022","LOUISIANA","2200323",0,518,518,0,518,1
"6627","2021-2022","LOUISIANA","2200324",0,90,90,0,90,1
"6628","2021-2022","LOUISIANA","2200325",5,67,72,0,72,1
"6629","2021-2022","LOUISIANA","2200326",0,121,121,0,121,1
"6630","2021-2022","LOUISIANA","2200327",4,258,262,0,262,1
"6631","2021-2022","LOUISIANA","2200328",0,315,315,0,315,1
"6632","2021-2022","LOUISIANA","2200329",0,327,327,0,327,1
"6633","2021-2022","LOUISIANA","2200330",0,9119,9119,0,9119,1
"6634","2021-2022","LOUISIANA","2200331",0,79,79,0,79,1
"6635","2021-2022","LOUISIANA","2200360",0,612,612,0,612,1
"6636","2021-2022","LOUISIANA","2200390",0,802,802,0,802,1
"6637","2021-2022","LOUISIANA","2200420",0,683,683,0,683,1
"6638","2021-2022","LOUISIANA","2200450",0,1222,1222,0,1222,1
"6639","2021-2022","LOUISIANA","2200480",49,2245,2294,0,2294,1
"6640","2021-2022","LOUISIANA","2200510",0,2309,2309,0,2309,1
"6641","2021-2022","LOUISIANA","2200540",566,20563,21129,0,21129,1
"6642","2021-2022","LOUISIANA","2200570",0,625,625,0,625,1
"6643","2021-2022","LOUISIANA","2200600",32,674,706,0,706,1
"6644","2021-2022","LOUISIANA","2200630",0,2702,2702,0,2702,1
"6645","2021-2022","LOUISIANA","2200660",0,1862,1862,0,1862,1
"6646","2021-2022","LOUISIANA","2200690",225,1728,1953,0,1953,1
"6647","2021-2022","LOUISIANA","2200720",0,5669,5669,0,5669,1
"6648","2021-2022","LOUISIANA","2200750",0,2497,2497,0,2497,1
"6649","2021-2022","LOUISIANA","2200780",0,827,827,0,827,1
"6650","2021-2022","LOUISIANA","2200810",0,1982,1982,0,1982,1
"6651","2021-2022","LOUISIANA","2200840",443,21869,22312,0,22312,1
"6652","2021-2022","LOUISIANA","2200870",364,12767,13131,0,13131,1
"6653","2021-2022","LOUISIANA","2200900",168,5701,5869,0,5869,1
"6654","2021-2022","LOUISIANA","2200960",0,768,768,0,768,1
"6655","2021-2022","LOUISIANA","2200990",13,2217,2230,0,2230,1
"6656","2021-2022","LOUISIANA","2201020",2248,12538,14786,0,14786,1
"6657","2021-2022","LOUISIANA","2201050",0,348,348,0,348,1
"6658","2021-2022","LOUISIANA","2201080",0,5002,5002,0,5002,1
"6659","2021-2022","LOUISIANA","2201110",0,88,88,0,88,1
"6660","2021-2022","LOUISIANA","2201140",19,4293,4312,0,4312,1
"6661","2021-2022","LOUISIANA","2201170",0,1060,1060,0,1060,1
"6662","2021-2022","LOUISIANA","2201200",219,7099,7318,0,7318,1
"6663","2021-2022","LOUISIANA","2201230",171,2076,2247,0,2247,1
"6664","2021-2022","LOUISIANA","2201260",0,1389,1389,0,1389,1
"6665","2021-2022","LOUISIANA","2201290",31,8614,8645,0,8645,1
"6666","2021-2022","LOUISIANA","2201320",0,1032,1032,0,1032,1
"6667","2021-2022","LOUISIANA","2201350",0,1505,1505,0,1505,1
"6668","2021-2022","LOUISIANA","2201380",61,1943,2004,0,2004,1
"6669","2021-2022","LOUISIANA","2201410",0,3346,3346,0,3346,1
"6670","2021-2022","LOUISIANA","2201440",197,3028,3225,0,3225,1
"6671","2021-2022","LOUISIANA","2201470",0,961,961,0,961,1
"6672","2021-2022","LOUISIANA","2201500",0,1400,1400,0,1400,1
"6673","2021-2022","LOUISIANA","2201530",0,2440,2440,0,2440,1
"6674","2021-2022","LOUISIANA","2201560",0,7915,7915,0,7915,1
"6675","2021-2022","LOUISIANA","2201590",0,3458,3458,0,3458,1
"6676","2021-2022","LOUISIANA","2201620",289,4699,4988,0,4988,1
"6677","2021-2022","LOUISIANA","2201650",954,10917,11871,0,11871,1
"6678","2021-2022","LOUISIANA","2201680",0,9260,9260,0,9260,1
"6679","2021-2022","LOUISIANA","2201710",0,244,244,0,244,1
"6680","2021-2022","LOUISIANA","2201740",101,7124,7225,0,7225,1
"6681","2021-2022","LOUISIANA","2201770",0,931,931,0,931,1
"6682","2021-2022","LOUISIANA","2201800",0,3553,3553,0,3553,1
"6683","2021-2022","LOUISIANA","2201830",472,3745,4217,0,4217,1
"6684","2021-2022","LOUISIANA","2201860",0,1956,1956,0,1956,1
"6685","2021-2022","LOUISIANA","2201890",0,3108,3108,0,3108,1
"6686","2021-2022","LOUISIANA","2201920",391,2291,2682,0,2682,1
"6687","2021-2022","LOUISIANA","2201950",16,1014,1030,0,1030,1
"6688","2021-2022","LOUISIANA","2201980",13,572,585,0,585,1
"6689","2021-2022","LOUISIANA","2202010",0,867,867,0,867,1
"6690","2021-2022","LOUISIANA","2280100",0,131,131,0,131,1
"6691","2021-2022","MAINE","2300008",10,31,41,11,52,0.788461538461538
"6692","2021-2022","MAINE","2300009",0,3,3,3,6,0.5
"6693","2021-2022","MAINE","2300049",0,3,3,3,6,0.5
"6694","2021-2022","MAINE","2300050",0,5,5,5,10,0.5
"6695","2021-2022","MAINE","2300053",47,95,142,55,197,0.720812182741117
"6696","2021-2022","MAINE","2300062",15,73,88,46,134,0.656716417910448
"6697","2021-2022","MAINE","2300065",1,22,23,22,45,0.511111111111111
"6698","2021-2022","MAINE","2300067",1,17,18,12,30,0.6
"6699","2021-2022","MAINE","2300068",4,10,14,8,22,0.636363636363636
"6700","2021-2022","MAINE","2302220",7,73,80,48,128,0.625
"6701","2021-2022","MAINE","2302280",4,17,21,10,31,0.67741935483871
"6702","2021-2022","MAINE","2302500",5,22,27,13,40,0.675
"6703","2021-2022","MAINE","2302510",15,23,38,13,51,0.745098039215686
"6704","2021-2022","MAINE","2302610",153,1515,1668,1007,2675,0.623551401869159
"6705","2021-2022","MAINE","2302640",115,1056,1171,718,1889,0.61990471148756
"6706","2021-2022","MAINE","2302730",14,116,130,83,213,0.610328638497653
"6707","2021-2022","MAINE","2302820",196,1376,1572,1042,2614,0.601377199693956
"6708","2021-2022","MAINE","2302850",54,46,100,25,125,0.8
"6709","2021-2022","MAINE","2302950",6,17,23,16,39,0.58974358974359
"6710","2021-2022","MAINE","2303150",211,1039,1250,662,1912,0.653765690376569
"6711","2021-2022","MAINE","2303210",0,46,46,46,92,0.5
"6712","2021-2022","MAINE","2303290",14,131,145,90,235,0.617021276595745
"6713","2021-2022","MAINE","2303510",107,530,637,309,946,0.673361522198731
"6714","2021-2022","MAINE","2303600",18,44,62,27,89,0.696629213483146
"6715","2021-2022","MAINE","2303610",4,23,27,8,35,0.771428571428571
"6716","2021-2022","MAINE","2303640",0,12,12,12,24,0.5
"6717","2021-2022","MAINE","2303780",99,522,621,349,970,0.64020618556701
"6718","2021-2022","MAINE","2303870",14,286,300,191,491,0.610997963340122
"6719","2021-2022","MAINE","2303930",8,46,54,26,80,0.675
"6720","2021-2022","MAINE","2304080",0,0,0,3,3,0
"6721","2021-2022","MAINE","2304110",6,37,43,28,71,0.605633802816901
"6722","2021-2022","MAINE","2304160",1,3,4,3,7,0.571428571428571
"6723","2021-2022","MAINE","2304620",4,2,6,3,9,0.666666666666667
"6724","2021-2022","MAINE","2304860",6,19,25,13,38,0.657894736842105
"6725","2021-2022","MAINE","2304890",3,19,22,11,33,0.666666666666667
"6726","2021-2022","MAINE","2304895",16,96,112,68,180,0.622222222222222
"6727","2021-2022","MAINE","2305280",13,110,123,69,192,0.640625
"6728","2021-2022","MAINE","2305310",20,55,75,37,112,0.669642857142857
"6729","2021-2022","MAINE","2305360",8,77,85,57,142,0.598591549295775
"6730","2021-2022","MAINE","2305380",4,6,10,3,13,0.769230769230769
"6731","2021-2022","MAINE","2305400",9,31,40,16,56,0.714285714285714
"6732","2021-2022","MAINE","2305500",35,384,419,266,685,0.611678832116788
"6733","2021-2022","MAINE","2305670",14,69,83,35,118,0.703389830508475
"6734","2021-2022","MAINE","2305970",3,11,14,10,24,0.583333333333333
"6735","2021-2022","MAINE","2306000",6,67,73,61,134,0.544776119402985
"6736","2021-2022","MAINE","2306060",93,335,428,232,660,0.648484848484848
"6737","2021-2022","MAINE","2306160",27,111,138,54,192,0.71875
"6738","2021-2022","MAINE","2306180",12,99,111,58,169,0.656804733727811
"6739","2021-2022","MAINE","2306250",39,60,99,33,132,0.75
"6740","2021-2022","MAINE","2306260",10,71,81,43,124,0.653225806451613
"6741","2021-2022","MAINE","2306330",6,38,44,23,67,0.656716417910448
"6742","2021-2022","MAINE","2306510",54,255,309,162,471,0.656050955414013
"6743","2021-2022","MAINE","2306610",5,23,28,20,48,0.583333333333333
"6744","2021-2022","MAINE","2306780",0,0,0,0,0,NA
"6745","2021-2022","MAINE","2306810",0,10,10,10,20,0.5
"6746","2021-2022","MAINE","2306870",10,69,79,51,130,0.607692307692308
"6747","2021-2022","MAINE","2306900",7,26,33,16,49,0.673469387755102
"6748","2021-2022","MAINE","2307100",1,48,49,40,89,0.550561797752809
"6749","2021-2022","MAINE","2307140",35,159,194,128,322,0.602484472049689
"6750","2021-2022","MAINE","2307250",9,19,28,13,41,0.682926829268293
"6751","2021-2022","MAINE","2307320",0,3389,3389,2454,5843,0.580010268697587
"6752","2021-2022","MAINE","2307450",8,51,59,24,83,0.710843373493976
"6753","2021-2022","MAINE","2307530",80,367,447,267,714,0.626050420168067
"6754","2021-2022","MAINE","2307590",0,0,0,0,0,NA
"6755","2021-2022","MAINE","2307710",54,206,260,140,400,0.65
"6756","2021-2022","MAINE","2307800",22,138,160,89,249,0.642570281124498
"6757","2021-2022","MAINE","2308160",3,39,42,24,66,0.636363636363636
"6758","2021-2022","MAINE","2308250",0,86,86,86,172,0.5
"6759","2021-2022","MAINE","2308280",34,206,240,141,381,0.62992125984252
"6760","2021-2022","MAINE","2308340",0,0,0,0,0,NA
"6761","2021-2022","MAINE","2308400",4,16,20,14,34,0.588235294117647
"6762","2021-2022","MAINE","2308490",24,13,37,11,48,0.770833333333333
"6763","2021-2022","MAINE","2308500",12,55,67,36,103,0.650485436893204
"6764","2021-2022","MAINE","2308940",8,43,51,22,73,0.698630136986301
"6765","2021-2022","MAINE","2309330",10,83,93,51,144,0.645833333333333
"6766","2021-2022","MAINE","2309390",7,29,36,18,54,0.666666666666667
"6767","2021-2022","MAINE","2309560",12,22,34,15,49,0.693877551020408
"6768","2021-2022","MAINE","2309630",0,10,10,10,20,0.5
"6769","2021-2022","MAINE","2309650",2,25,27,23,50,0.54
"6770","2021-2022","MAINE","2309930",208,2671,2879,1608,4487,0.641631379540896
"6771","2021-2022","MAINE","2309990",12,55,67,37,104,0.644230769230769
"6772","2021-2022","MAINE","2310380",149,342,491,229,720,0.681944444444444
"6773","2021-2022","MAINE","2310500",555,1091,1646,701,2347,0.701320835108649
"6774","2021-2022","MAINE","2310530",5,215,220,149,369,0.596205962059621
"6775","2021-2022","MAINE","2310590",111,578,689,403,1092,0.630952380952381
"6776","2021-2022","MAINE","2310620",17,31,48,16,64,0.75
"6777","2021-2022","MAINE","2310650",19,76,95,46,141,0.673758865248227
"6778","2021-2022","MAINE","2310680",8,62,70,29,99,0.707070707070707
"6779","2021-2022","MAINE","2310710",127,416,543,225,768,0.70703125
"6780","2021-2022","MAINE","2310770",207,1561,1768,969,2737,0.645962732919255
"6781","2021-2022","MAINE","2310830",0,85,85,26,111,0.765765765765766
"6782","2021-2022","MAINE","2310860",91,633,724,457,1181,0.613039796782388
"6783","2021-2022","MAINE","2310890",32,219,251,126,377,0.6657824933687
"6784","2021-2022","MAINE","2310980",72,168,240,99,339,0.707964601769911
"6785","2021-2022","MAINE","2311010",8,217,225,93,318,0.707547169811321
"6786","2021-2022","MAINE","2311100",36,243,279,116,395,0.706329113924051
"6787","2021-2022","MAINE","2311130",30,87,117,64,181,0.646408839779006
"6788","2021-2022","MAINE","2311160",98,633,731,469,1200,0.609166666666667
"6789","2021-2022","MAINE","2311220",6,71,77,54,131,0.587786259541985
"6790","2021-2022","MAINE","2311250",39,196,235,112,347,0.677233429394813
"6791","2021-2022","MAINE","2311280",18,65,83,50,133,0.62406015037594
"6792","2021-2022","MAINE","2311310",12,70,82,43,125,0.656
"6793","2021-2022","MAINE","2311370",65,232,297,124,421,0.705463182897862
"6794","2021-2022","MAINE","2311430",36,289,325,183,508,0.639763779527559
"6795","2021-2022","MAINE","2311520",8,612,620,284,904,0.685840707964602
"6796","2021-2022","MAINE","2311550",137,700,837,450,1287,0.65034965034965
"6797","2021-2022","MAINE","2311580",49,418,467,284,751,0.621837549933422
"6798","2021-2022","MAINE","2311610",14,117,131,88,219,0.598173515981735
"6799","2021-2022","MAINE","2311670",45,241,286,145,431,0.663573085846868
"6800","2021-2022","MAINE","2311700",18,124,142,93,235,0.604255319148936
"6801","2021-2022","MAINE","2311730",1,186,187,151,338,0.553254437869823
"6802","2021-2022","MAINE","2311790",161,788,949,463,1412,0.672096317280453
"6803","2021-2022","MAINE","2311820",11,1,12,3,15,0.8
"6804","2021-2022","MAINE","2311850",5,33,38,27,65,0.584615384615385
"6805","2021-2022","MAINE","2311910",4,4,8,3,11,0.727272727272727
"6806","2021-2022","MAINE","2312100",11,60,71,32,103,0.689320388349515
"6807","2021-2022","MAINE","2312140",18,25,43,14,57,0.754385964912281
"6808","2021-2022","MAINE","2312300",4,15,19,7,26,0.730769230769231
"6809","2021-2022","MAINE","2312330",127,850,977,517,1494,0.653949129852744
"6810","2021-2022","MAINE","2312360",0,4,4,3,7,0.571428571428571
"6811","2021-2022","MAINE","2312390",19,22,41,16,57,0.719298245614035
"6812","2021-2022","MAINE","2312750",0,28,28,28,56,0.5
"6813","2021-2022","MAINE","2312960",14,29,43,14,57,0.754385964912281
"6814","2021-2022","MAINE","2312980",35,35,70,26,96,0.729166666666667
"6815","2021-2022","MAINE","2313110",30,144,174,101,275,0.632727272727273
"6816","2021-2022","MAINE","2313140",6,44,50,31,81,0.617283950617284
"6817","2021-2022","MAINE","2313350",114,875,989,591,1580,0.625949367088608
"6818","2021-2022","MAINE","2313490",73,169,242,82,324,0.746913580246914
"6819","2021-2022","MAINE","2313500",0,0,0,0,0,NA
"6820","2021-2022","MAINE","2313530",9,13,22,9,31,0.709677419354839
"6821","2021-2022","MAINE","2313560",168,1206,1374,763,2137,0.642957416939635
"6822","2021-2022","MAINE","2313860",91,374,465,259,724,0.642265193370166
"6823","2021-2022","MAINE","2313970",52,236,288,133,421,0.684085510688836
"6824","2021-2022","MAINE","2313980",0,105,105,105,210,0.5
"6825","2021-2022","MAINE","2314010",11,47,58,32,90,0.644444444444444
"6826","2021-2022","MAINE","2314100",21,107,128,69,197,0.649746192893401
"6827","2021-2022","MAINE","2314130",42,132,174,52,226,0.769911504424779
"6828","2021-2022","MAINE","2314160",55,395,450,303,753,0.597609561752988
"6829","2021-2022","MAINE","2314190",118,448,566,242,808,0.70049504950495
"6830","2021-2022","MAINE","2314210",100,681,781,331,1112,0.702338129496403
"6831","2021-2022","MAINE","2314240",3,82,85,49,134,0.634328358208955
"6832","2021-2022","MAINE","2314300",38,210,248,149,397,0.624685138539043
"6833","2021-2022","MAINE","2314330",161,810,971,469,1440,0.674305555555556
"6834","2021-2022","MAINE","2314410",0,0,0,0,0,NA
"6835","2021-2022","MAINE","2314440",144,401,545,285,830,0.656626506024096
"6836","2021-2022","MAINE","2314470",23,93,116,63,179,0.64804469273743
"6837","2021-2022","MAINE","2314530",35,331,366,276,642,0.570093457943925
"6838","2021-2022","MAINE","2314560",54,296,350,182,532,0.657894736842105
"6839","2021-2022","MAINE","2314590",255,1257,1512,643,2155,0.701624129930394
"6840","2021-2022","MAINE","2314610",36,305,341,192,533,0.639774859287054
"6841","2021-2022","MAINE","2314670",162,776,938,438,1376,0.681686046511628
"6842","2021-2022","MAINE","2314700",167,633,800,352,1152,0.694444444444444
"6843","2021-2022","MAINE","2314761",64,232,296,160,456,0.649122807017544
"6844","2021-2022","MAINE","2314762",43,262,305,153,458,0.665938864628821
"6845","2021-2022","MAINE","2314765",69,320,389,138,527,0.738140417457306
"6846","2021-2022","MAINE","2314767",65,337,402,191,593,0.677908937605396
"6847","2021-2022","MAINE","2314768",0,299,299,259,558,0.53584229390681
"6848","2021-2022","MAINE","2314771",0,0,0,3,3,0
"6849","2021-2022","MAINE","2314772",88,496,584,337,921,0.634093376764386
"6850","2021-2022","MAINE","2314773",37,255,292,164,456,0.640350877192982
"6851","2021-2022","MAINE","2314775",97,488,585,319,904,0.64712389380531
"6852","2021-2022","MAINE","2314776",117,478,595,299,894,0.665548098434004
"6853","2021-2022","MAINE","2314777",76,323,399,270,669,0.596412556053812
"6854","2021-2022","MAINE","2314778",31,210,241,139,380,0.634210526315789
"6855","2021-2022","MAINE","2314779",164,684,848,430,1278,0.663536776212833
"6856","2021-2022","MAINE","2314780",76,344,420,195,615,0.682926829268293
"6857","2021-2022","MAINE","2314782",126,581,707,416,1123,0.629563668744435
"6858","2021-2022","MAINE","2314783",109,464,573,258,831,0.689530685920578
"6859","2021-2022","MAINE","2314784",44,208,252,140,392,0.642857142857143
"6860","2021-2022","MAINE","2314785",109,773,882,529,1411,0.625088589652729
"6861","2021-2022","MAINE","2314787",68,456,524,368,892,0.587443946188341
"6862","2021-2022","MAINE","2314788",34,196,230,147,377,0.610079575596817
"6863","2021-2022","MAINE","2314789",81,277,358,168,526,0.680608365019011
"6864","2021-2022","MAINE","2314790",70,308,378,192,570,0.663157894736842
"6865","2021-2022","MAINE","2314791",27,224,251,143,394,0.637055837563452
"6866","2021-2022","MAINE","2314793",209,590,799,319,1118,0.714669051878354
"6867","2021-2022","MAINE","2314794",79,488,567,291,858,0.660839160839161
"6868","2021-2022","MAINE","2314795",131,1079,1210,717,1927,0.627919045147898
"6869","2021-2022","MAINE","2314796",81,421,502,281,783,0.641123882503193
"6870","2021-2022","MAINE","2314803",14,45,59,24,83,0.710843373493976
"6871","2021-2022","MAINE","2314805",0,405,405,404,809,0.50061804697157
"6872","2021-2022","MAINE","2314806",33,165,198,95,293,0.675767918088737
"6873","2021-2022","MAINE","2314807",38,154,192,108,300,0.64
"6874","2021-2022","MAINE","2314808",16,114,130,61,191,0.680628272251309
"6875","2021-2022","MAINE","2314809",130,791,921,555,1476,0.623983739837398
"6876","2021-2022","MAINE","2314812",7,51,58,17,75,0.773333333333333
"6877","2021-2022","MAINE","2314813",0,20,20,20,40,0.5
"6878","2021-2022","MAINE","2314814",10,32,42,22,64,0.65625
"6879","2021-2022","MAINE","2314815",174,488,662,312,974,0.679671457905544
"6880","2021-2022","MAINE","2314816",10,66,76,45,121,0.628099173553719
"6881","2021-2022","MAINE","2314817",8,45,53,29,82,0.646341463414634
"6882","2021-2022","MAINE","2314818",0,13,13,13,26,0.5
"6883","2021-2022","MAINE","2314819",24,159,183,103,286,0.63986013986014
"6884","2021-2022","MAINE","2314820",16,30,46,18,64,0.71875
"6885","2021-2022","MAINE","2314821",60,177,237,93,330,0.718181818181818
"6886","2021-2022","MAINE","2314822",121,569,690,346,1036,0.666023166023166
"6887","2021-2022","MAINE","2314823",8,15,23,3,26,0.884615384615385
"6888","2021-2022","MAINE","2314824",9,29,38,16,54,0.703703703703704
"6889","2021-2022","MAINE","2314831",9,51,60,29,89,0.674157303370786
"6890","2021-2022","MAINE","2314832",0,48,48,48,96,0.5
"6891","2021-2022","MAINE","2314833",74,298,372,206,578,0.643598615916955
"6892","2021-2022","MAINE","2314837",5,27,32,20,52,0.615384615384615
"6893","2021-2022","MAINE","2314838",33,103,136,52,188,0.723404255319149
"6894","2021-2022","MAINE","2314840",0,3,3,3,6,0.5
"6895","2021-2022","MAINE","2314841",0,11,11,11,22,0.5
"6896","2021-2022","MAINE","2314842",12,89,101,63,164,0.615853658536585
"6897","2021-2022","MAINE","2314843",0,0,0,0,0,NA
"6898","2021-2022","MARYLAND","2400027",0,397,397,394,791,0.501896333754741
"6899","2021-2022","MARYLAND","2400030",214,3498,3712,3248,6960,0.533333333333333
"6900","2021-2022","MARYLAND","2400060",4085,27030,31115,15458,46573,0.668090953986215
"6901","2021-2022","MARYLAND","2400090",0,51389,51389,51389,102778,0.5
"6902","2021-2022","MARYLAND","2400120",475,41543,42018,36293,78311,0.536552974677887
"6903","2021-2022","MARYLAND","2400150",338,2955,3293,1964,5257,0.626402891382918
"6904","2021-2022","MARYLAND","2400180",244,2657,2901,2087,4988,0.581595829991981
"6905","2021-2022","MARYLAND","2400210",879,4657,5536,2685,8221,0.673397396910351
"6906","2021-2022","MARYLAND","2400240",503,4774,5277,3709,8986,0.587246828399733
"6907","2021-2022","MARYLAND","2400270",1429,9424,10853,5558,16411,0.66132472122357
"6908","2021-2022","MARYLAND","2400300",0,4573,4573,2403,6976,0.655533256880734
"6909","2021-2022","MARYLAND","2400330",1966,10612,12578,6322,18900,0.665502645502645
"6910","2021-2022","MARYLAND","2400360",314,1346,1660,977,2637,0.629503223359879
"6911","2021-2022","MARYLAND","2400390",1723,11763,13486,6592,20078,0.671680446259588
"6912","2021-2022","MARYLAND","2400420",1763,10234,11997,7094,19091,0.628411293279556
"6913","2021-2022","MARYLAND","2400450",57,897,954,722,1676,0.569212410501193
"6914","2021-2022","MARYLAND","2400480",10638,51243,61881,27470,89351,0.692560799543374
"6915","2021-2022","MARYLAND","2400510",7075,64296,71371,35744,107115,0.666302572002054
"6916","2021-2022","MARYLAND","2400540",152,1632,1784,1159,2943,0.606184165817193
"6917","2021-2022","MARYLAND","2400570",0,1569,1569,1567,3136,0.50031887755102
"6918","2021-2022","MARYLAND","2400600",529,4797,5326,3480,8806,0.604814898932546
"6919","2021-2022","MARYLAND","2400630",201,2111,2312,1293,3605,0.641331484049931
"6920","2021-2022","MARYLAND","2400660",1365,10108,11473,6565,18038,0.636046124847544
"6921","2021-2022","MARYLAND","2400690",524,8615,9139,5836,14975,0.610283806343907
"6922","2021-2022","MARYLAND","2400720",353,2718,3071,2279,5350,0.574018691588785
"6923","2021-2022","MASSACHUSETTS","2500001",0,0,0,861,861,0
"6924","2021-2022","MASSACHUSETTS","2500002",0,0,0,702,702,0
"6925","2021-2022","MASSACHUSETTS","2500013",0,0,0,498,498,0
"6926","2021-2022","MASSACHUSETTS","2500014",0,0,0,59,59,0
"6927","2021-2022","MASSACHUSETTS","2500021",0,0,0,327,327,0
"6928","2021-2022","MASSACHUSETTS","2500022",0,0,0,236,236,0
"6929","2021-2022","MASSACHUSETTS","2500024",0,0,0,69,69,0
"6930","2021-2022","MASSACHUSETTS","2500025",0,0,0,213,213,0
"6931","2021-2022","MASSACHUSETTS","2500026",0,0,0,179,179,0
"6932","2021-2022","MASSACHUSETTS","2500027",0,0,0,311,311,0
"6933","2021-2022","MASSACHUSETTS","2500028",0,0,0,915,915,0
"6934","2021-2022","MASSACHUSETTS","2500029",0,0,0,485,485,0
"6935","2021-2022","MASSACHUSETTS","2500030",0,0,0,161,161,0
"6936","2021-2022","MASSACHUSETTS","2500031",0,0,0,42,42,0
"6937","2021-2022","MASSACHUSETTS","2500032",0,0,0,669,669,0
"6938","2021-2022","MASSACHUSETTS","2500033",0,0,0,59,59,0
"6939","2021-2022","MASSACHUSETTS","2500034",0,0,0,49,49,0
"6940","2021-2022","MASSACHUSETTS","2500035",0,0,0,89,89,0
"6941","2021-2022","MASSACHUSETTS","2500036",0,0,0,3,3,0
"6942","2021-2022","MASSACHUSETTS","2500038",0,0,0,49,49,0
"6943","2021-2022","MASSACHUSETTS","2500039",0,0,0,674,674,0
"6944","2021-2022","MASSACHUSETTS","2500040",0,0,0,391,391,0
"6945","2021-2022","MASSACHUSETTS","2500041",0,0,0,826,826,0
"6946","2021-2022","MASSACHUSETTS","2500043",0,0,0,132,132,0
"6947","2021-2022","MASSACHUSETTS","2500044",0,0,0,163,163,0
"6948","2021-2022","MASSACHUSETTS","2500045",0,0,0,557,557,0
"6949","2021-2022","MASSACHUSETTS","2500046",0,0,0,729,729,0
"6950","2021-2022","MASSACHUSETTS","2500049",0,0,0,271,271,0
"6951","2021-2022","MASSACHUSETTS","2500051",0,0,0,982,982,0
"6952","2021-2022","MASSACHUSETTS","2500052",0,0,0,747,747,0
"6953","2021-2022","MASSACHUSETTS","2500053",0,0,0,313,313,0
"6954","2021-2022","MASSACHUSETTS","2500054",0,0,0,323,323,0
"6955","2021-2022","MASSACHUSETTS","2500055",0,0,0,511,511,0
"6956","2021-2022","MASSACHUSETTS","2500057",0,0,0,155,155,0
"6957","2021-2022","MASSACHUSETTS","2500058",0,0,0,211,211,0
"6958","2021-2022","MASSACHUSETTS","2500060",0,0,0,318,318,0
"6959","2021-2022","MASSACHUSETTS","2500062",0,0,0,28,28,0
"6960","2021-2022","MASSACHUSETTS","2500063",0,0,0,1220,1220,0
"6961","2021-2022","MASSACHUSETTS","2500065",0,0,0,600,600,0
"6962","2021-2022","MASSACHUSETTS","2500066",0,0,0,964,964,0
"6963","2021-2022","MASSACHUSETTS","2500067",0,0,0,169,169,0
"6964","2021-2022","MASSACHUSETTS","2500068",0,0,0,305,305,0
"6965","2021-2022","MASSACHUSETTS","2500070",0,0,0,295,295,0
"6966","2021-2022","MASSACHUSETTS","2500071",0,0,0,1456,1456,0
"6967","2021-2022","MASSACHUSETTS","2500073",0,0,0,186,186,0
"6968","2021-2022","MASSACHUSETTS","2500075",0,0,0,959,959,0
"6969","2021-2022","MASSACHUSETTS","2500076",0,0,0,75,75,0
"6970","2021-2022","MASSACHUSETTS","2500077",0,0,0,118,118,0
"6971","2021-2022","MASSACHUSETTS","2500079",0,0,0,213,213,0
"6972","2021-2022","MASSACHUSETTS","2500080",0,0,0,494,494,0
"6973","2021-2022","MASSACHUSETTS","2500082",0,0,0,1164,1164,0
"6974","2021-2022","MASSACHUSETTS","2500083",0,0,0,114,114,0
"6975","2021-2022","MASSACHUSETTS","2500084",0,0,0,267,267,0
"6976","2021-2022","MASSACHUSETTS","2500085",0,0,0,142,142,0
"6977","2021-2022","MASSACHUSETTS","2500086",0,0,0,175,175,0
"6978","2021-2022","MASSACHUSETTS","2500087",0,0,0,558,558,0
"6979","2021-2022","MASSACHUSETTS","2500089",0,0,0,308,308,0
"6980","2021-2022","MASSACHUSETTS","2500090",0,0,0,164,164,0
"6981","2021-2022","MASSACHUSETTS","2500517",0,0,0,152,152,0
"6982","2021-2022","MASSACHUSETTS","2500518",0,0,0,461,461,0
"6983","2021-2022","MASSACHUSETTS","2500519",0,0,0,362,362,0
"6984","2021-2022","MASSACHUSETTS","2500522",0,0,0,356,356,0
"6985","2021-2022","MASSACHUSETTS","2500525",0,0,0,721,721,0
"6986","2021-2022","MASSACHUSETTS","2500526",0,0,0,383,383,0
"6987","2021-2022","MASSACHUSETTS","2500527",0,0,0,261,261,0
"6988","2021-2022","MASSACHUSETTS","2500533",0,0,0,268,268,0
"6989","2021-2022","MASSACHUSETTS","2500535",0,0,0,301,301,0
"6990","2021-2022","MASSACHUSETTS","2500536",0,0,0,331,331,0
"6991","2021-2022","MASSACHUSETTS","2500537",0,0,0,482,482,0
"6992","2021-2022","MASSACHUSETTS","2500538",0,0,0,298,298,0
"6993","2021-2022","MASSACHUSETTS","2500541",0,0,0,251,251,0
"6994","2021-2022","MASSACHUSETTS","2500542",0,0,0,549,549,0
"6995","2021-2022","MASSACHUSETTS","2500543",0,0,0,237,237,0
"6996","2021-2022","MASSACHUSETTS","2500544",0,0,0,702,702,0
"6997","2021-2022","MASSACHUSETTS","2500545",0,0,0,738,738,0
"6998","2021-2022","MASSACHUSETTS","2500546",0,0,0,187,187,0
"6999","2021-2022","MASSACHUSETTS","2500547",0,0,0,220,220,0
"7000","2021-2022","MASSACHUSETTS","2500549",0,0,0,549,549,0
"7001","2021-2022","MASSACHUSETTS","2500550",0,0,0,381,381,0
"7002","2021-2022","MASSACHUSETTS","2500551",0,0,0,594,594,0
"7003","2021-2022","MASSACHUSETTS","2500552",0,0,0,447,447,0
"7004","2021-2022","MASSACHUSETTS","2500554",0,0,0,402,402,0
"7005","2021-2022","MASSACHUSETTS","2500555",0,0,0,157,157,0
"7006","2021-2022","MASSACHUSETTS","2500556",0,0,0,1451,1451,0
"7007","2021-2022","MASSACHUSETTS","2500557",0,0,0,334,334,0
"7008","2021-2022","MASSACHUSETTS","2500559",0,0,0,478,478,0
"7009","2021-2022","MASSACHUSETTS","2500586",0,0,0,293,293,0
"7010","2021-2022","MASSACHUSETTS","2500587",0,0,0,140,140,0
"7011","2021-2022","MASSACHUSETTS","2500588",0,0,0,231,231,0
"7012","2021-2022","MASSACHUSETTS","2500589",0,0,0,145,145,0
"7013","2021-2022","MASSACHUSETTS","2500590",0,0,0,126,126,0
"7014","2021-2022","MASSACHUSETTS","2501650",0,0,0,847,847,0
"7015","2021-2022","MASSACHUSETTS","2501710",0,0,0,566,566,0
"7016","2021-2022","MASSACHUSETTS","2501740",0,0,0,346,346,0
"7017","2021-2022","MASSACHUSETTS","2501780",0,0,0,618,618,0
"7018","2021-2022","MASSACHUSETTS","2501800",0,0,0,1522,1522,0
"7019","2021-2022","MASSACHUSETTS","2501860",0,0,0,603,603,0
"7020","2021-2022","MASSACHUSETTS","2501890",0,0,0,406,406,0
"7021","2021-2022","MASSACHUSETTS","2501920",0,0,0,416,416,0
"7022","2021-2022","MASSACHUSETTS","2501950",0,0,0,673,673,0
"7023","2021-2022","MASSACHUSETTS","2501980",0,0,0,675,675,0
"7024","2021-2022","MASSACHUSETTS","2502040",0,0,0,593,593,0
"7025","2021-2022","MASSACHUSETTS","2502100",0,0,0,651,651,0
"7026","2021-2022","MASSACHUSETTS","2502110",0,0,0,502,502,0
"7027","2021-2022","MASSACHUSETTS","2502160",0,0,0,1022,1022,0
"7028","2021-2022","MASSACHUSETTS","2502190",0,0,0,2494,2494,0
"7029","2021-2022","MASSACHUSETTS","2502220",0,0,0,788,788,0
"7030","2021-2022","MASSACHUSETTS","2502250",0,0,0,348,348,0
"7031","2021-2022","MASSACHUSETTS","2502310",0,0,0,2625,2625,0
"7032","2021-2022","MASSACHUSETTS","2502400",0,0,0,342,342,0
"7033","2021-2022","MASSACHUSETTS","2502430",0,0,0,544,544,0
"7034","2021-2022","MASSACHUSETTS","2502460",0,0,0,642,642,0
"7035","2021-2022","MASSACHUSETTS","2502490",0,0,0,503,503,0
"7036","2021-2022","MASSACHUSETTS","2502520",0,0,0,241,241,0
"7037","2021-2022","MASSACHUSETTS","2502530",0,0,0,499,499,0
"7038","2021-2022","MASSACHUSETTS","2502580",0,0,0,178,178,0
"7039","2021-2022","MASSACHUSETTS","2502640",0,0,0,1600,1600,0
"7040","2021-2022","MASSACHUSETTS","2502670",0,0,0,1285,1285,0
"7041","2021-2022","MASSACHUSETTS","2502710",0,0,0,192,192,0
"7042","2021-2022","MASSACHUSETTS","2502715",0,0,0,558,558,0
"7043","2021-2022","MASSACHUSETTS","2502740",0,0,0,371,371,0
"7044","2021-2022","MASSACHUSETTS","2502790",0,0,0,32851,32851,0
"7045","2021-2022","MASSACHUSETTS","2502820",0,0,0,598,598,0
"7046","2021-2022","MASSACHUSETTS","2502880",0,0,0,63,63,0
"7047","2021-2022","MASSACHUSETTS","2502940",0,0,0,1613,1613,0
"7048","2021-2022","MASSACHUSETTS","2502970",0,0,0,179,179,0
"7049","2021-2022","MASSACHUSETTS","2503030",0,0,0,1520,1520,0
"7050","2021-2022","MASSACHUSETTS","2503060",0,0,0,84,84,0
"7051","2021-2022","MASSACHUSETTS","2503070",0,0,0,164,164,0
"7052","2021-2022","MASSACHUSETTS","2503080",0,0,0,487,487,0
"7053","2021-2022","MASSACHUSETTS","2503090",0,0,0,11661,11661,0
"7054","2021-2022","MASSACHUSETTS","2503120",0,0,0,111,111,0
"7055","2021-2022","MASSACHUSETTS","2503150",0,0,0,967,967,0
"7056","2021-2022","MASSACHUSETTS","2503240",0,0,0,707,707,0
"7057","2021-2022","MASSACHUSETTS","2503270",0,0,0,2535,2535,0
"7058","2021-2022","MASSACHUSETTS","2503300",0,0,0,711,711,0
"7059","2021-2022","MASSACHUSETTS","2503310",0,0,0,342,342,0
"7060","2021-2022","MASSACHUSETTS","2503330",0,0,0,27,27,0
"7061","2021-2022","MASSACHUSETTS","2503360",0,0,0,529,529,0
"7062","2021-2022","MASSACHUSETTS","2503390",0,0,0,678,678,0
"7063","2021-2022","MASSACHUSETTS","2503510",0,0,0,950,950,0
"7064","2021-2022","MASSACHUSETTS","2503540",0,0,0,5047,5047,0
"7065","2021-2022","MASSACHUSETTS","2503660",0,0,0,4686,4686,0
"7066","2021-2022","MASSACHUSETTS","2503720",0,0,0,90,90,0
"7067","2021-2022","MASSACHUSETTS","2503750",0,0,0,1032,1032,0
"7068","2021-2022","MASSACHUSETTS","2503780",0,0,0,106,106,0
"7069","2021-2022","MASSACHUSETTS","2503840",0,0,0,197,197,0
"7070","2021-2022","MASSACHUSETTS","2503870",0,0,0,123,123,0
"7071","2021-2022","MASSACHUSETTS","2503900",0,0,0,45,45,0
"7072","2021-2022","MASSACHUSETTS","2503990",0,0,0,860,860,0
"7073","2021-2022","MASSACHUSETTS","2504020",0,0,0,1125,1125,0
"7074","2021-2022","MASSACHUSETTS","2504050",0,0,0,765,765,0
"7075","2021-2022","MASSACHUSETTS","2504080",0,0,0,73,73,0
"7076","2021-2022","MASSACHUSETTS","2504140",0,0,0,1665,1665,0
"7077","2021-2022","MASSACHUSETTS","2504200",0,0,0,604,604,0
"7078","2021-2022","MASSACHUSETTS","2504230",0,0,0,303,303,0
"7079","2021-2022","MASSACHUSETTS","2504260",0,0,0,20,20,0
"7080","2021-2022","MASSACHUSETTS","2504290",0,0,0,67,67,0
"7081","2021-2022","MASSACHUSETTS","2504320",0,0,0,1380,1380,0
"7082","2021-2022","MASSACHUSETTS","2504360",0,0,0,1187,1187,0
"7083","2021-2022","MASSACHUSETTS","2504410",0,0,0,253,253,0
"7084","2021-2022","MASSACHUSETTS","2504440",0,0,0,603,603,0
"7085","2021-2022","MASSACHUSETTS","2504500",0,0,0,688,688,0
"7086","2021-2022","MASSACHUSETTS","2504530",0,0,0,106,106,0
"7087","2021-2022","MASSACHUSETTS","2504560",0,0,0,456,456,0
"7088","2021-2022","MASSACHUSETTS","2504590",0,0,0,582,582,0
"7089","2021-2022","MASSACHUSETTS","2504620",0,0,0,695,695,0
"7090","2021-2022","MASSACHUSETTS","2504650",0,0,0,193,193,0
"7091","2021-2022","MASSACHUSETTS","2504710",0,0,0,62,62,0
"7092","2021-2022","MASSACHUSETTS","2504770",0,0,0,5066,5066,0
"7093","2021-2022","MASSACHUSETTS","2504800",0,0,0,758,758,0
"7094","2021-2022","MASSACHUSETTS","2504830",0,0,0,8390,8390,0
"7095","2021-2022","MASSACHUSETTS","2504860",0,0,0,1254,1254,0
"7096","2021-2022","MASSACHUSETTS","2504890",0,0,0,3900,3900,0
"7097","2021-2022","MASSACHUSETTS","2504920",0,0,0,58,58,0
"7098","2021-2022","MASSACHUSETTS","2504950",0,0,0,565,565,0
"7099","2021-2022","MASSACHUSETTS","2504980",0,0,0,4848,4848,0
"7100","2021-2022","MASSACHUSETTS","2505010",0,0,0,704,704,0
"7101","2021-2022","MASSACHUSETTS","2505020",0,0,0,270,270,0
"7102","2021-2022","MASSACHUSETTS","2505070",0,0,0,714,714,0
"7103","2021-2022","MASSACHUSETTS","2505100",0,0,0,174,174,0
"7104","2021-2022","MASSACHUSETTS","2505130",0,0,0,1506,1506,0
"7105","2021-2022","MASSACHUSETTS","2505160",0,0,0,336,336,0
"7106","2021-2022","MASSACHUSETTS","2505220",0,0,0,192,192,0
"7107","2021-2022","MASSACHUSETTS","2505270",0,0,0,509,509,0
"7108","2021-2022","MASSACHUSETTS","2505280",0,0,0,1368,1368,0
"7109","2021-2022","MASSACHUSETTS","2505340",0,0,0,0,0,NA
"7110","2021-2022","MASSACHUSETTS","2505370",0,0,0,611,611,0
"7111","2021-2022","MASSACHUSETTS","2505400",0,0,0,251,251,0
"7112","2021-2022","MASSACHUSETTS","2505470",0,0,0,1168,1168,0
"7113","2021-2022","MASSACHUSETTS","2505480",0,0,0,1334,1334,0
"7114","2021-2022","MASSACHUSETTS","2505485",0,0,0,704,704,0
"7115","2021-2022","MASSACHUSETTS","2505490",0,0,0,1026,1026,0
"7116","2021-2022","MASSACHUSETTS","2505500",0,0,0,266,266,0
"7117","2021-2022","MASSACHUSETTS","2505580",0,0,0,146,146,0
"7118","2021-2022","MASSACHUSETTS","2505610",0,0,0,147,147,0
"7119","2021-2022","MASSACHUSETTS","2505670",0,0,0,179,179,0
"7120","2021-2022","MASSACHUSETTS","2505730",0,0,0,675,675,0
"7121","2021-2022","MASSACHUSETTS","2505740",0,0,0,145,145,0
"7122","2021-2022","MASSACHUSETTS","2505760",0,0,0,20,20,0
"7123","2021-2022","MASSACHUSETTS","2505790",0,0,0,286,286,0
"7124","2021-2022","MASSACHUSETTS","2505880",0,0,0,85,85,0
"7125","2021-2022","MASSACHUSETTS","2505940",0,0,0,93,93,0
"7126","2021-2022","MASSACHUSETTS","2505970",0,0,0,4853,4853,0
"7127","2021-2022","MASSACHUSETTS","2506000",0,0,0,65,65,0
"7128","2021-2022","MASSACHUSETTS","2506090",0,0,0,320,320,0
"7129","2021-2022","MASSACHUSETTS","2506150",0,0,0,581,581,0
"7130","2021-2022","MASSACHUSETTS","2506210",0,0,0,98,98,0
"7131","2021-2022","MASSACHUSETTS","2506240",0,0,0,324,324,0
"7132","2021-2022","MASSACHUSETTS","2506270",0,0,0,4415,4415,0
"7133","2021-2022","MASSACHUSETTS","2506300",0,0,0,252,252,0
"7134","2021-2022","MASSACHUSETTS","2506330",0,0,0,317,317,0
"7135","2021-2022","MASSACHUSETTS","2506390",0,0,0,885,885,0
"7136","2021-2022","MASSACHUSETTS","2506420",0,0,0,292,292,0
"7137","2021-2022","MASSACHUSETTS","2506480",0,0,0,333,333,0
"7138","2021-2022","MASSACHUSETTS","2506510",0,0,0,286,286,0
"7139","2021-2022","MASSACHUSETTS","2506540",0,0,0,253,253,0
"7140","2021-2022","MASSACHUSETTS","2506660",0,0,0,11359,11359,0
"7141","2021-2022","MASSACHUSETTS","2506690",0,0,0,302,302,0
"7142","2021-2022","MASSACHUSETTS","2506720",0,0,0,524,524,0
"7143","2021-2022","MASSACHUSETTS","2506750",0,0,0,185,185,0
"7144","2021-2022","MASSACHUSETTS","2506780",0,0,0,3419,3419,0
"7145","2021-2022","MASSACHUSETTS","2506810",0,0,0,40,40,0
"7146","2021-2022","MASSACHUSETTS","2506840",0,0,0,582,582,0
"7147","2021-2022","MASSACHUSETTS","2506900",0,0,0,120,120,0
"7148","2021-2022","MASSACHUSETTS","2506930",0,0,0,144,144,0
"7149","2021-2022","MASSACHUSETTS","2506960",0,0,0,181,181,0
"7150","2021-2022","MASSACHUSETTS","2506990",0,0,0,346,346,0
"7151","2021-2022","MASSACHUSETTS","2507020",0,0,0,10493,10493,0
"7152","2021-2022","MASSACHUSETTS","2507050",0,0,0,908,908,0
"7153","2021-2022","MASSACHUSETTS","2507080",0,0,0,406,406,0
"7154","2021-2022","MASSACHUSETTS","2507110",0,0,0,11993,11993,0
"7155","2021-2022","MASSACHUSETTS","2507140",0,0,0,233,233,0
"7156","2021-2022","MASSACHUSETTS","2507170",0,0,0,3977,3977,0
"7157","2021-2022","MASSACHUSETTS","2507230",0,0,0,752,752,0
"7158","2021-2022","MASSACHUSETTS","2507260",0,0,0,361,361,0
"7159","2021-2022","MASSACHUSETTS","2507290",0,0,0,118,118,0
"7160","2021-2022","MASSACHUSETTS","2507320",0,0,0,2672,2672,0
"7161","2021-2022","MASSACHUSETTS","2507350",0,0,0,737,737,0
"7162","2021-2022","MASSACHUSETTS","2507380",0,0,0,309,309,0
"7163","2021-2022","MASSACHUSETTS","2507410",0,0,0,172,172,0
"7164","2021-2022","MASSACHUSETTS","2507440",0,0,0,656,656,0
"7165","2021-2022","MASSACHUSETTS","2507470",0,0,0,113,113,0
"7166","2021-2022","MASSACHUSETTS","2507500",0,0,0,322,322,0
"7167","2021-2022","MASSACHUSETTS","2507530",0,0,0,223,223,0
"7168","2021-2022","MASSACHUSETTS","2507560",0,0,0,1627,1627,0
"7169","2021-2022","MASSACHUSETTS","2507590",0,0,0,295,295,0
"7170","2021-2022","MASSACHUSETTS","2507620",0,0,0,603,603,0
"7171","2021-2022","MASSACHUSETTS","2507680",0,0,0,303,303,0
"7172","2021-2022","MASSACHUSETTS","2507740",0,0,0,3454,3454,0
"7173","2021-2022","MASSACHUSETTS","2507770",0,0,0,1249,1249,0
"7174","2021-2022","MASSACHUSETTS","2507830",0,0,0,86,86,0
"7175","2021-2022","MASSACHUSETTS","2507860",0,0,0,2363,2363,0
"7176","2021-2022","MASSACHUSETTS","2507890",0,0,0,567,567,0
"7177","2021-2022","MASSACHUSETTS","2507920",0,0,0,221,221,0
"7178","2021-2022","MASSACHUSETTS","2507980",0,0,0,630,630,0
"7179","2021-2022","MASSACHUSETTS","2507985",0,0,0,150,150,0
"7180","2021-2022","MASSACHUSETTS","2507990",0,0,0,369,369,0
"7181","2021-2022","MASSACHUSETTS","2508040",0,0,0,353,353,0
"7182","2021-2022","MASSACHUSETTS","2508050",0,0,0,522,522,0
"7183","2021-2022","MASSACHUSETTS","2508160",0,0,0,303,303,0
"7184","2021-2022","MASSACHUSETTS","2508220",0,0,0,40,40,0
"7185","2021-2022","MASSACHUSETTS","2508250",0,0,0,706,706,0
"7186","2021-2022","MASSACHUSETTS","2508280",0,0,0,589,589,0
"7187","2021-2022","MASSACHUSETTS","2508310",0,0,0,413,413,0
"7188","2021-2022","MASSACHUSETTS","2508320",0,0,0,237,237,0
"7189","2021-2022","MASSACHUSETTS","2508340",0,0,0,714,714,0
"7190","2021-2022","MASSACHUSETTS","2508370",0,0,0,465,465,0
"7191","2021-2022","MASSACHUSETTS","2508430",0,0,0,10318,10318,0
"7192","2021-2022","MASSACHUSETTS","2508440",0,0,0,1122,1122,0
"7193","2021-2022","MASSACHUSETTS","2508530",0,0,0,58,58,0
"7194","2021-2022","MASSACHUSETTS","2508580",0,0,0,286,286,0
"7195","2021-2022","MASSACHUSETTS","2508610",0,0,0,1592,1592,0
"7196","2021-2022","MASSACHUSETTS","2508640",0,0,0,75,75,0
"7197","2021-2022","MASSACHUSETTS","2508650",0,0,0,140,140,0
"7198","2021-2022","MASSACHUSETTS","2508670",0,0,0,941,941,0
"7199","2021-2022","MASSACHUSETTS","2508700",0,0,0,1050,1050,0
"7200","2021-2022","MASSACHUSETTS","2508730",0,0,0,1000,1000,0
"7201","2021-2022","MASSACHUSETTS","2508760",0,0,0,239,239,0
"7202","2021-2022","MASSACHUSETTS","2508790",0,0,0,875,875,0
"7203","2021-2022","MASSACHUSETTS","2508820",0,0,0,284,284,0
"7204","2021-2022","MASSACHUSETTS","2508850",0,0,0,822,822,0
"7205","2021-2022","MASSACHUSETTS","2508860",0,0,0,227,227,0
"7206","2021-2022","MASSACHUSETTS","2508880",0,0,0,307,307,0
"7207","2021-2022","MASSACHUSETTS","2508910",0,0,0,160,160,0
"7208","2021-2022","MASSACHUSETTS","2508940",0,0,0,797,797,0
"7209","2021-2022","MASSACHUSETTS","2508950",0,0,0,232,232,0
"7210","2021-2022","MASSACHUSETTS","2508960",0,0,0,684,684,0
"7211","2021-2022","MASSACHUSETTS","2509000",0,0,0,649,649,0
"7212","2021-2022","MASSACHUSETTS","2509030",0,0,0,136,136,0
"7213","2021-2022","MASSACHUSETTS","2509060",0,0,0,1381,1381,0
"7214","2021-2022","MASSACHUSETTS","2509090",0,0,0,198,198,0
"7215","2021-2022","MASSACHUSETTS","2509140",0,0,0,152,152,0
"7216","2021-2022","MASSACHUSETTS","2509150",0,0,0,235,235,0
"7217","2021-2022","MASSACHUSETTS","2509180",0,0,0,401,401,0
"7218","2021-2022","MASSACHUSETTS","2509210",0,0,0,75,75,0
"7219","2021-2022","MASSACHUSETTS","2509270",0,0,0,666,666,0
"7220","2021-2022","MASSACHUSETTS","2509300",0,0,0,697,697,0
"7221","2021-2022","MASSACHUSETTS","2509310",0,0,0,289,289,0
"7222","2021-2022","MASSACHUSETTS","2509360",0,0,0,2724,2724,0
"7223","2021-2022","MASSACHUSETTS","2509390",0,0,0,19,19,0
"7224","2021-2022","MASSACHUSETTS","2509420",0,0,0,478,478,0
"7225","2021-2022","MASSACHUSETTS","2509450",0,0,0,357,357,0
"7226","2021-2022","MASSACHUSETTS","2509540",0,0,0,44,44,0
"7227","2021-2022","MASSACHUSETTS","2509600",0,0,0,248,248,0
"7228","2021-2022","MASSACHUSETTS","2509630",0,0,0,3339,3339,0
"7229","2021-2022","MASSACHUSETTS","2509690",0,0,0,193,193,0
"7230","2021-2022","MASSACHUSETTS","2509720",0,0,0,2470,2470,0
"7231","2021-2022","MASSACHUSETTS","2509780",0,0,0,59,59,0
"7232","2021-2022","MASSACHUSETTS","2509840",0,0,0,78,78,0
"7233","2021-2022","MASSACHUSETTS","2509870",0,0,0,4723,4723,0
"7234","2021-2022","MASSACHUSETTS","2509900",0,0,0,320,320,0
"7235","2021-2022","MASSACHUSETTS","2509930",0,0,0,1683,1683,0
"7236","2021-2022","MASSACHUSETTS","2509990",0,0,0,445,445,0
"7237","2021-2022","MASSACHUSETTS","2510050",0,0,0,5049,5049,0
"7238","2021-2022","MASSACHUSETTS","2510080",0,0,0,54,54,0
"7239","2021-2022","MASSACHUSETTS","2510140",0,0,0,122,122,0
"7240","2021-2022","MASSACHUSETTS","2510170",0,0,0,1016,1016,0
"7241","2021-2022","MASSACHUSETTS","2510200",0,0,0,213,213,0
"7242","2021-2022","MASSACHUSETTS","2510230",0,0,0,37,37,0
"7243","2021-2022","MASSACHUSETTS","2510380",0,0,0,2313,2313,0
"7244","2021-2022","MASSACHUSETTS","2510470",0,0,0,593,593,0
"7245","2021-2022","MASSACHUSETTS","2510500",0,0,0,1142,1142,0
"7246","2021-2022","MASSACHUSETTS","2510530",0,0,0,27,27,0
"7247","2021-2022","MASSACHUSETTS","2510560",0,0,0,356,356,0
"7248","2021-2022","MASSACHUSETTS","2510590",0,0,0,408,408,0
"7249","2021-2022","MASSACHUSETTS","2510615",0,0,0,295,295,0
"7250","2021-2022","MASSACHUSETTS","2510620",0,0,0,457,457,0
"7251","2021-2022","MASSACHUSETTS","2510710",0,0,0,24,24,0
"7252","2021-2022","MASSACHUSETTS","2510770",0,0,0,1062,1062,0
"7253","2021-2022","MASSACHUSETTS","2510800",0,0,0,35,35,0
"7254","2021-2022","MASSACHUSETTS","2510830",0,0,0,415,415,0
"7255","2021-2022","MASSACHUSETTS","2510860",0,0,0,563,563,0
"7256","2021-2022","MASSACHUSETTS","2510890",0,0,0,2497,2497,0
"7257","2021-2022","MASSACHUSETTS","2510920",0,0,0,640,640,0
"7258","2021-2022","MASSACHUSETTS","2510930",0,0,0,211,211,0
"7259","2021-2022","MASSACHUSETTS","2510950",0,0,0,98,98,0
"7260","2021-2022","MASSACHUSETTS","2510980",0,0,0,110,110,0
"7261","2021-2022","MASSACHUSETTS","2511010",0,0,0,1527,1527,0
"7262","2021-2022","MASSACHUSETTS","2511020",0,0,0,724,724,0
"7263","2021-2022","MASSACHUSETTS","2511040",0,0,0,298,298,0
"7264","2021-2022","MASSACHUSETTS","2511050",0,0,0,421,421,0
"7265","2021-2022","MASSACHUSETTS","2511060",0,0,0,507,507,0
"7266","2021-2022","MASSACHUSETTS","2511130",0,0,0,20781,20781,0
"7267","2021-2022","MASSACHUSETTS","2511220",0,0,0,561,561,0
"7268","2021-2022","MASSACHUSETTS","2511250",0,0,0,1610,1610,0
"7269","2021-2022","MASSACHUSETTS","2511310",0,0,0,182,182,0
"7270","2021-2022","MASSACHUSETTS","2511340",0,0,0,202,202,0
"7271","2021-2022","MASSACHUSETTS","2511370",0,0,0,75,75,0
"7272","2021-2022","MASSACHUSETTS","2511400",0,0,0,223,223,0
"7273","2021-2022","MASSACHUSETTS","2511430",0,0,0,483,483,0
"7274","2021-2022","MASSACHUSETTS","2511460",0,0,0,616,616,0
"7275","2021-2022","MASSACHUSETTS","2511490",0,0,0,514,514,0
"7276","2021-2022","MASSACHUSETTS","2511520",0,0,0,4673,4673,0
"7277","2021-2022","MASSACHUSETTS","2511580",0,0,0,732,732,0
"7278","2021-2022","MASSACHUSETTS","2511670",0,0,0,43,43,0
"7279","2021-2022","MASSACHUSETTS","2511730",0,0,0,53,53,0
"7280","2021-2022","MASSACHUSETTS","2511735",0,0,0,260,260,0
"7281","2021-2022","MASSACHUSETTS","2511740",0,0,0,744,744,0
"7282","2021-2022","MASSACHUSETTS","2511760",0,0,0,402,402,0
"7283","2021-2022","MASSACHUSETTS","2511800",0,0,0,315,315,0
"7284","2021-2022","MASSACHUSETTS","2511850",0,0,0,482,482,0
"7285","2021-2022","MASSACHUSETTS","2511880",0,0,0,1164,1164,0
"7286","2021-2022","MASSACHUSETTS","2511910",0,0,0,606,606,0
"7287","2021-2022","MASSACHUSETTS","2511940",0,0,0,59,59,0
"7288","2021-2022","MASSACHUSETTS","2511970",0,0,0,620,620,0
"7289","2021-2022","MASSACHUSETTS","2512000",0,0,0,2810,2810,0
"7290","2021-2022","MASSACHUSETTS","2512030",0,0,0,736,736,0
"7291","2021-2022","MASSACHUSETTS","2512060",0,0,0,1375,1375,0
"7292","2021-2022","MASSACHUSETTS","2512100",0,0,0,564,564,0
"7293","2021-2022","MASSACHUSETTS","2512180",0,0,0,979,979,0
"7294","2021-2022","MASSACHUSETTS","2512210",0,0,0,286,286,0
"7295","2021-2022","MASSACHUSETTS","2512240",0,0,0,1236,1236,0
"7296","2021-2022","MASSACHUSETTS","2512270",0,0,0,316,316,0
"7297","2021-2022","MASSACHUSETTS","2512300",0,0,0,53,53,0
"7298","2021-2022","MASSACHUSETTS","2512390",0,0,0,267,267,0
"7299","2021-2022","MASSACHUSETTS","2512420",0,0,0,353,353,0
"7300","2021-2022","MASSACHUSETTS","2512510",0,0,0,2248,2248,0
"7301","2021-2022","MASSACHUSETTS","2512570",0,0,0,159,159,0
"7302","2021-2022","MASSACHUSETTS","2512600",0,0,0,602,602,0
"7303","2021-2022","MASSACHUSETTS","2512630",0,0,0,2391,2391,0
"7304","2021-2022","MASSACHUSETTS","2512660",0,0,0,452,452,0
"7305","2021-2022","MASSACHUSETTS","2512690",0,0,0,31,31,0
"7306","2021-2022","MASSACHUSETTS","2512750",0,0,0,161,161,0
"7307","2021-2022","MASSACHUSETTS","2512780",0,0,0,512,512,0
"7308","2021-2022","MASSACHUSETTS","2512810",0,0,0,211,211,0
"7309","2021-2022","MASSACHUSETTS","2512840",0,0,0,2371,2371,0
"7310","2021-2022","MASSACHUSETTS","2512870",0,0,0,31,31,0
"7311","2021-2022","MASSACHUSETTS","2512930",0,0,0,1060,1060,0
"7312","2021-2022","MASSACHUSETTS","2512950",0,0,0,528,528,0
"7313","2021-2022","MASSACHUSETTS","2512990",0,0,0,49,49,0
"7314","2021-2022","MASSACHUSETTS","2513050",0,0,0,456,456,0
"7315","2021-2022","MASSACHUSETTS","2513080",0,0,0,717,717,0
"7316","2021-2022","MASSACHUSETTS","2513110",0,0,0,320,320,0
"7317","2021-2022","MASSACHUSETTS","2513170",0,0,0,753,753,0
"7318","2021-2022","MASSACHUSETTS","2513200",0,0,0,1730,1730,0
"7319","2021-2022","MASSACHUSETTS","2513230",0,0,0,17638,17638,0
"7320","2021-2022","MASSACHUSETTS","2513260",0,0,0,26,26,0
"7321","2021-2022","MASSACHUSETTS","2513290",0,0,0,136,136,0
"7322","2021-2022","MASSACHUSETTS","2513321",0,0,0,57,57,0
"7323","2021-2022","MICHIGAN","2600001",0,11,11,0,11,1
"7324","2021-2022","MICHIGAN","2600004",0,15,15,0,15,1
"7325","2021-2022","MICHIGAN","2600005",98,2693,2791,0,2791,1
"7326","2021-2022","MICHIGAN","2600006",20,221,241,0,241,1
"7327","2021-2022","MICHIGAN","2600007",31,174,205,0,205,1
"7328","2021-2022","MICHIGAN","2600010",4,7,11,0,11,1
"7329","2021-2022","MICHIGAN","2600011",1,10,11,0,11,1
"7330","2021-2022","MICHIGAN","2600012",40,228,268,0,268,1
"7331","2021-2022","MICHIGAN","2600013",68,871,939,0,939,1
"7332","2021-2022","MICHIGAN","2600014",12,87,99,0,99,1
"7333","2021-2022","MICHIGAN","2600015",141,5488,5629,0,5629,1
"7334","2021-2022","MICHIGAN","2600016",208,2907,3115,0,3115,1
"7335","2021-2022","MICHIGAN","2600017",76,402,478,0,478,1
"7336","2021-2022","MICHIGAN","2600018",39,320,359,0,359,1
"7337","2021-2022","MICHIGAN","2600019",33,159,192,0,192,1
"7338","2021-2022","MICHIGAN","2600020",0,86,86,0,86,1
"7339","2021-2022","MICHIGAN","2600067",0,148,148,0,148,1
"7340","2021-2022","MICHIGAN","2600068",11,353,364,0,364,1
"7341","2021-2022","MICHIGAN","2600069",8,59,67,0,67,1
"7342","2021-2022","MICHIGAN","2600070",0,39,39,0,39,1
"7343","2021-2022","MICHIGAN","2600071",37,309,346,0,346,1
"7344","2021-2022","MICHIGAN","2600073",12,71,83,0,83,1
"7345","2021-2022","MICHIGAN","2600074",5,81,86,0,86,1
"7346","2021-2022","MICHIGAN","2600076",8,215,223,0,223,1
"7347","2021-2022","MICHIGAN","2600078",2,39,41,0,41,1
"7348","2021-2022","MICHIGAN","2600079",21,195,216,0,216,1
"7349","2021-2022","MICHIGAN","2600082",2,399,401,0,401,1
"7350","2021-2022","MICHIGAN","2600087",32,203,235,0,235,1
"7351","2021-2022","MICHIGAN","2600088",16,358,374,0,374,1
"7352","2021-2022","MICHIGAN","2600090",28,268,296,0,296,1
"7353","2021-2022","MICHIGAN","2600092",50,380,430,0,430,1
"7354","2021-2022","MICHIGAN","2600093",50,362,412,0,412,1
"7355","2021-2022","MICHIGAN","2600096",18,71,89,0,89,1
"7356","2021-2022","MICHIGAN","2600097",69,507,576,0,576,1
"7357","2021-2022","MICHIGAN","2600098",70,374,444,0,444,1
"7358","2021-2022","MICHIGAN","2600099",5,40,45,0,45,1
"7359","2021-2022","MICHIGAN","2600100",8,209,217,0,217,1
"7360","2021-2022","MICHIGAN","2600101",0,8,8,0,8,1
"7361","2021-2022","MICHIGAN","2600103",11,172,183,0,183,1
"7362","2021-2022","MICHIGAN","2600105",2,10,12,0,12,1
"7363","2021-2022","MICHIGAN","2600106",10,197,207,0,207,1
"7364","2021-2022","MICHIGAN","2600112",17,72,89,0,89,1
"7365","2021-2022","MICHIGAN","2600113",26,238,264,0,264,1
"7366","2021-2022","MICHIGAN","2600114",18,173,191,0,191,1
"7367","2021-2022","MICHIGAN","2600115",31,323,354,0,354,1
"7368","2021-2022","MICHIGAN","2600121",3,30,33,0,33,1
"7369","2021-2022","MICHIGAN","2600125",7,409,416,0,416,1
"7370","2021-2022","MICHIGAN","2600131",0,330,330,0,330,1
"7371","2021-2022","MICHIGAN","2600136",2,253,255,0,255,1
"7372","2021-2022","MICHIGAN","2600137",7,123,130,0,130,1
"7373","2021-2022","MICHIGAN","2600139",56,2061,2117,0,2117,1
"7374","2021-2022","MICHIGAN","2600140",3,139,142,0,142,1
"7375","2021-2022","MICHIGAN","2600142",32,624,656,0,656,1
"7376","2021-2022","MICHIGAN","2600143",3,39,42,0,42,1
"7377","2021-2022","MICHIGAN","2600145",6,86,92,0,92,1
"7378","2021-2022","MICHIGAN","2600148",48,447,495,0,495,1
"7379","2021-2022","MICHIGAN","2600149",39,303,342,0,342,1
"7380","2021-2022","MICHIGAN","2600150",64,247,311,0,311,1
"7381","2021-2022","MICHIGAN","2600151",8,123,131,0,131,1
"7382","2021-2022","MICHIGAN","2600152",0,62,62,0,62,1
"7383","2021-2022","MICHIGAN","2600153",3,110,113,0,113,1
"7384","2021-2022","MICHIGAN","2600156",10,473,483,0,483,1
"7385","2021-2022","MICHIGAN","2600157",2,166,168,0,168,1
"7386","2021-2022","MICHIGAN","2600159",83,301,384,0,384,1
"7387","2021-2022","MICHIGAN","2600161",1,256,257,0,257,1
"7388","2021-2022","MICHIGAN","2600163",6,473,479,0,479,1
"7389","2021-2022","MICHIGAN","2600164",4,230,234,0,234,1
"7390","2021-2022","MICHIGAN","2600166",8,509,517,0,517,1
"7391","2021-2022","MICHIGAN","2600168",123,1873,1996,0,1996,1
"7392","2021-2022","MICHIGAN","2600169",2,282,284,0,284,1
"7393","2021-2022","MICHIGAN","2600170",0,530,530,0,530,1
"7394","2021-2022","MICHIGAN","2600171",19,277,296,0,296,1
"7395","2021-2022","MICHIGAN","2600173",4,460,464,0,464,1
"7396","2021-2022","MICHIGAN","2600174",1,951,952,0,952,1
"7397","2021-2022","MICHIGAN","2600175",11,458,469,0,469,1
"7398","2021-2022","MICHIGAN","2600178",0,317,317,0,317,1
"7399","2021-2022","MICHIGAN","2600181",8,174,182,0,182,1
"7400","2021-2022","MICHIGAN","2600182",14,85,99,0,99,1
"7401","2021-2022","MICHIGAN","2600184",13,64,77,0,77,1
"7402","2021-2022","MICHIGAN","2600185",0,328,328,0,328,1
"7403","2021-2022","MICHIGAN","2600186",34,171,205,0,205,1
"7404","2021-2022","MICHIGAN","2600191",3,464,467,0,467,1
"7405","2021-2022","MICHIGAN","2600192",56,459,515,0,515,1
"7406","2021-2022","MICHIGAN","2600193",14,303,317,0,317,1
"7407","2021-2022","MICHIGAN","2600194",2,196,198,0,198,1
"7408","2021-2022","MICHIGAN","2600195",5,782,787,0,787,1
"7409","2021-2022","MICHIGAN","2600197",21,730,751,0,751,1
"7410","2021-2022","MICHIGAN","2600200",1,22,23,0,23,1
"7411","2021-2022","MICHIGAN","2600203",68,425,493,0,493,1
"7412","2021-2022","MICHIGAN","2600204",31,363,394,0,394,1
"7413","2021-2022","MICHIGAN","2600206",21,408,429,0,429,1
"7414","2021-2022","MICHIGAN","2600207",5,138,143,0,143,1
"7415","2021-2022","MICHIGAN","2600208",34,430,464,0,464,1
"7416","2021-2022","MICHIGAN","2600209",36,182,218,0,218,1
"7417","2021-2022","MICHIGAN","2600210",18,845,863,0,863,1
"7418","2021-2022","MICHIGAN","2600211",19,368,387,0,387,1
"7419","2021-2022","MICHIGAN","2600213",5,35,40,0,40,1
"7420","2021-2022","MICHIGAN","2600214",29,578,607,0,607,1
"7421","2021-2022","MICHIGAN","2600215",48,539,587,0,587,1
"7422","2021-2022","MICHIGAN","2600216",9,149,158,0,158,1
"7423","2021-2022","MICHIGAN","2600217",20,755,775,0,775,1
"7424","2021-2022","MICHIGAN","2600218",7,461,468,0,468,1
"7425","2021-2022","MICHIGAN","2600219",23,520,543,0,543,1
"7426","2021-2022","MICHIGAN","2600220",25,539,564,0,564,1
"7427","2021-2022","MICHIGAN","2600222",0,21,21,0,21,1
"7428","2021-2022","MICHIGAN","2600223",28,174,202,0,202,1
"7429","2021-2022","MICHIGAN","2600224",0,349,349,0,349,1
"7430","2021-2022","MICHIGAN","2600225",31,993,1024,0,1024,1
"7431","2021-2022","MICHIGAN","2600227",11,1224,1235,0,1235,1
"7432","2021-2022","MICHIGAN","2600228",61,1510,1571,0,1571,1
"7433","2021-2022","MICHIGAN","2600229",8,403,411,0,411,1
"7434","2021-2022","MICHIGAN","2600230",16,246,262,0,262,1
"7435","2021-2022","MICHIGAN","2600232",58,795,853,0,853,1
"7436","2021-2022","MICHIGAN","2600234",4,180,184,0,184,1
"7437","2021-2022","MICHIGAN","2600237",0,663,663,0,663,1
"7438","2021-2022","MICHIGAN","2600239",19,1343,1362,0,1362,1
"7439","2021-2022","MICHIGAN","2600242",17,1010,1027,0,1027,1
"7440","2021-2022","MICHIGAN","2600243",15,900,915,0,915,1
"7441","2021-2022","MICHIGAN","2600244",0,213,213,0,213,1
"7442","2021-2022","MICHIGAN","2600245",11,234,245,0,245,1
"7443","2021-2022","MICHIGAN","2600249",0,397,397,0,397,1
"7444","2021-2022","MICHIGAN","2600250",12,164,176,0,176,1
"7445","2021-2022","MICHIGAN","2600251",24,600,624,0,624,1
"7446","2021-2022","MICHIGAN","2600252",10,97,107,0,107,1
"7447","2021-2022","MICHIGAN","2600254",55,717,772,0,772,1
"7448","2021-2022","MICHIGAN","2600255",52,1123,1175,0,1175,1
"7449","2021-2022","MICHIGAN","2600262",45,383,428,0,428,1
"7450","2021-2022","MICHIGAN","2600263",8,171,179,0,179,1
"7451","2021-2022","MICHIGAN","2600264",1,168,169,0,169,1
"7452","2021-2022","MICHIGAN","2600265",4,298,302,0,302,1
"7453","2021-2022","MICHIGAN","2600267",10,624,634,0,634,1
"7454","2021-2022","MICHIGAN","2600269",0,27,27,0,27,1
"7455","2021-2022","MICHIGAN","2600270",35,440,475,0,475,1
"7456","2021-2022","MICHIGAN","2600271",18,682,700,0,700,1
"7457","2021-2022","MICHIGAN","2600273",14,157,171,0,171,1
"7458","2021-2022","MICHIGAN","2600274",3,30,33,0,33,1
"7459","2021-2022","MICHIGAN","2600275",6,128,134,0,134,1
"7460","2021-2022","MICHIGAN","2600277",34,467,501,0,501,1
"7461","2021-2022","MICHIGAN","2600278",47,618,665,0,665,1
"7462","2021-2022","MICHIGAN","2600280",3,43,46,0,46,1
"7463","2021-2022","MICHIGAN","2600281",30,285,315,0,315,1
"7464","2021-2022","MICHIGAN","2600283",1,105,106,0,106,1
"7465","2021-2022","MICHIGAN","2600284",22,931,953,0,953,1
"7466","2021-2022","MICHIGAN","2600285",1,117,118,0,118,1
"7467","2021-2022","MICHIGAN","2600286",2,566,568,0,568,1
"7468","2021-2022","MICHIGAN","2600287",24,502,526,0,526,1
"7469","2021-2022","MICHIGAN","2600288",0,353,353,0,353,1
"7470","2021-2022","MICHIGAN","2600289",29,292,321,0,321,1
"7471","2021-2022","MICHIGAN","2600291",0,808,808,0,808,1
"7472","2021-2022","MICHIGAN","2600292",0,59,59,0,59,1
"7473","2021-2022","MICHIGAN","2600294",57,613,670,0,670,1
"7474","2021-2022","MICHIGAN","2600295",59,656,715,0,715,1
"7475","2021-2022","MICHIGAN","2600296",48,609,657,0,657,1
"7476","2021-2022","MICHIGAN","2600297",0,222,222,0,222,1
"7477","2021-2022","MICHIGAN","2600300",17,671,688,0,688,1
"7478","2021-2022","MICHIGAN","2600301",0,903,903,0,903,1
"7479","2021-2022","MICHIGAN","2600302",27,684,711,0,711,1
"7480","2021-2022","MICHIGAN","2600305",15,639,654,0,654,1
"7481","2021-2022","MICHIGAN","2600306",0,1363,1363,0,1363,1
"7482","2021-2022","MICHIGAN","2600307",33,685,718,0,718,1
"7483","2021-2022","MICHIGAN","2600308",6,732,738,0,738,1
"7484","2021-2022","MICHIGAN","2600310",43,524,567,0,567,1
"7485","2021-2022","MICHIGAN","2600311",52,411,463,0,463,1
"7486","2021-2022","MICHIGAN","2600312",17,302,319,0,319,1
"7487","2021-2022","MICHIGAN","2600314",46,483,529,0,529,1
"7488","2021-2022","MICHIGAN","2600315",2,134,136,0,136,1
"7489","2021-2022","MICHIGAN","2600316",0,48,48,0,48,1
"7490","2021-2022","MICHIGAN","2600317",15,456,471,0,471,1
"7491","2021-2022","MICHIGAN","2600322",19,509,528,0,528,1
"7492","2021-2022","MICHIGAN","2600330",4,92,96,0,96,1
"7493","2021-2022","MICHIGAN","2600331",36,449,485,0,485,1
"7494","2021-2022","MICHIGAN","2600333",18,571,589,0,589,1
"7495","2021-2022","MICHIGAN","2600945",18,649,667,0,667,1
"7496","2021-2022","MICHIGAN","2600946",3,80,83,0,83,1
"7497","2021-2022","MICHIGAN","2600947",0,51,51,0,51,1
"7498","2021-2022","MICHIGAN","2600949",6,273,279,0,279,1
"7499","2021-2022","MICHIGAN","2600950",34,445,479,0,479,1
"7500","2021-2022","MICHIGAN","2600951",0,86,86,0,86,1
"7501","2021-2022","MICHIGAN","2600952",88,966,1054,0,1054,1
"7502","2021-2022","MICHIGAN","2600955",0,28,28,0,28,1
"7503","2021-2022","MICHIGAN","2600956",98,1300,1398,0,1398,1
"7504","2021-2022","MICHIGAN","2600958",10,594,604,0,604,1
"7505","2021-2022","MICHIGAN","2600959",35,376,411,0,411,1
"7506","2021-2022","MICHIGAN","2600960",0,0,0,0,0,NA
"7507","2021-2022","MICHIGAN","2600961",50,943,993,0,993,1
"7508","2021-2022","MICHIGAN","2600963",21,147,168,0,168,1
"7509","2021-2022","MICHIGAN","2600964",17,126,143,0,143,1
"7510","2021-2022","MICHIGAN","2600965",56,529,585,0,585,1
"7511","2021-2022","MICHIGAN","2600966",5,59,64,0,64,1
"7512","2021-2022","MICHIGAN","2600967",0,812,812,0,812,1
"7513","2021-2022","MICHIGAN","2600968",8,89,97,0,97,1
"7514","2021-2022","MICHIGAN","2600969",87,932,1019,0,1019,1
"7515","2021-2022","MICHIGAN","2600970",0,30,30,0,30,1
"7516","2021-2022","MICHIGAN","2600971",3,471,474,0,474,1
"7517","2021-2022","MICHIGAN","2600972",233,2073,2306,0,2306,1
"7518","2021-2022","MICHIGAN","2600973",0,225,225,0,225,1
"7519","2021-2022","MICHIGAN","2600974",13,718,731,0,731,1
"7520","2021-2022","MICHIGAN","2600977",7,132,139,0,139,1
"7521","2021-2022","MICHIGAN","2600979",28,696,724,0,724,1
"7522","2021-2022","MICHIGAN","2600980",0,43,43,0,43,1
"7523","2021-2022","MICHIGAN","2600981",24,225,249,0,249,1
"7524","2021-2022","MICHIGAN","2600982",4,40,44,0,44,1
"7525","2021-2022","MICHIGAN","2600983",3,62,65,0,65,1
"7526","2021-2022","MICHIGAN","2600984",4,76,80,0,80,1
"7527","2021-2022","MICHIGAN","2600985",17,661,678,0,678,1
"7528","2021-2022","MICHIGAN","2600986",10,514,524,0,524,1
"7529","2021-2022","MICHIGAN","2600988",18,343,361,0,361,1
"7530","2021-2022","MICHIGAN","2600989",11,170,181,0,181,1
"7531","2021-2022","MICHIGAN","2600990",4,41,45,0,45,1
"7532","2021-2022","MICHIGAN","2600992",2,119,121,0,121,1
"7533","2021-2022","MICHIGAN","2600993",19,388,407,0,407,1
"7534","2021-2022","MICHIGAN","2600995",9,95,104,0,104,1
"7535","2021-2022","MICHIGAN","2600996",24,274,298,0,298,1
"7536","2021-2022","MICHIGAN","2600997",28,292,320,0,320,1
"7537","2021-2022","MICHIGAN","2600998",4,293,297,0,297,1
"7538","2021-2022","MICHIGAN","2601000",41,360,401,0,401,1
"7539","2021-2022","MICHIGAN","2601003",3,309,312,0,312,1
"7540","2021-2022","MICHIGAN","2601006",0,39,39,0,39,1
"7541","2021-2022","MICHIGAN","2601008",10,593,603,0,603,1
"7542","2021-2022","MICHIGAN","2601010",0,252,252,0,252,1
"7543","2021-2022","MICHIGAN","2601011",32,103,135,0,135,1
"7544","2021-2022","MICHIGAN","2601012",0,192,192,0,192,1
"7545","2021-2022","MICHIGAN","2601013",0,131,131,0,131,1
"7546","2021-2022","MICHIGAN","2601014",0,248,248,0,248,1
"7547","2021-2022","MICHIGAN","2601016",1,466,467,0,467,1
"7548","2021-2022","MICHIGAN","2601017",0,103,103,0,103,1
"7549","2021-2022","MICHIGAN","2601018",1,723,724,0,724,1
"7550","2021-2022","MICHIGAN","2601019",0,48,48,0,48,1
"7551","2021-2022","MICHIGAN","2601020",20,104,124,0,124,1
"7552","2021-2022","MICHIGAN","2601021",44,408,452,0,452,1
"7553","2021-2022","MICHIGAN","2601023",0,217,217,0,217,1
"7554","2021-2022","MICHIGAN","2601027",1,53,54,0,54,1
"7555","2021-2022","MICHIGAN","2601028",26,600,626,0,626,1
"7556","2021-2022","MICHIGAN","2601029",8,610,618,0,618,1
"7557","2021-2022","MICHIGAN","2601031",19,343,362,0,362,1
"7558","2021-2022","MICHIGAN","2601032",3,365,368,0,368,1
"7559","2021-2022","MICHIGAN","2601033",2,316,318,0,318,1
"7560","2021-2022","MICHIGAN","2601034",6,129,135,0,135,1
"7561","2021-2022","MICHIGAN","2601035",3,231,234,0,234,1
"7562","2021-2022","MICHIGAN","2601036",18,334,352,0,352,1
"7563","2021-2022","MICHIGAN","2601037",0,202,202,0,202,1
"7564","2021-2022","MICHIGAN","2601039",6,273,279,0,279,1
"7565","2021-2022","MICHIGAN","2601040",11,89,100,0,100,1
"7566","2021-2022","MICHIGAN","2601041",1,147,148,0,148,1
"7567","2021-2022","MICHIGAN","2601042",1,46,47,0,47,1
"7568","2021-2022","MICHIGAN","2601043",0,88,88,0,88,1
"7569","2021-2022","MICHIGAN","2601044",6,107,113,0,113,1
"7570","2021-2022","MICHIGAN","2601045",1,203,204,0,204,1
"7571","2021-2022","MICHIGAN","2601046",5,63,68,0,68,1
"7572","2021-2022","MICHIGAN","2601047",0,49,49,0,49,1
"7573","2021-2022","MICHIGAN","2601048",28,370,398,0,398,1
"7574","2021-2022","MICHIGAN","2601050",51,505,556,0,556,1
"7575","2021-2022","MICHIGAN","2601051",12,89,101,0,101,1
"7576","2021-2022","MICHIGAN","2601053",13,154,167,0,167,1
"7577","2021-2022","MICHIGAN","2601055",15,111,126,0,126,1
"7578","2021-2022","MICHIGAN","2601056",3,82,85,0,85,1
"7579","2021-2022","MICHIGAN","2601058",18,191,209,0,209,1
"7580","2021-2022","MICHIGAN","2601061",24,267,291,0,291,1
"7581","2021-2022","MICHIGAN","2601062",3,156,159,0,159,1
"7582","2021-2022","MICHIGAN","2601064",0,227,227,0,227,1
"7583","2021-2022","MICHIGAN","2601066",1,193,194,0,194,1
"7584","2021-2022","MICHIGAN","2601067",8,127,135,0,135,1
"7585","2021-2022","MICHIGAN","2601068",53,825,878,0,878,1
"7586","2021-2022","MICHIGAN","2601070",191,2407,2598,0,2598,1
"7587","2021-2022","MICHIGAN","2601071",1,53,54,0,54,1
"7588","2021-2022","MICHIGAN","2601072",1,94,95,0,95,1
"7589","2021-2022","MICHIGAN","2601074",16,144,160,0,160,1
"7590","2021-2022","MICHIGAN","2601075",5,192,197,0,197,1
"7591","2021-2022","MICHIGAN","2601076",0,98,98,0,98,1
"7592","2021-2022","MICHIGAN","2601077",35,560,595,0,595,1
"7593","2021-2022","MICHIGAN","2601080",26,194,220,0,220,1
"7594","2021-2022","MICHIGAN","2601082",43,548,591,0,591,1
"7595","2021-2022","MICHIGAN","2601083",2,159,161,0,161,1
"7596","2021-2022","MICHIGAN","2601088",0,153,153,0,153,1
"7597","2021-2022","MICHIGAN","2601089",0,9,9,0,9,1
"7598","2021-2022","MICHIGAN","2601090",4,137,141,0,141,1
"7599","2021-2022","MICHIGAN","2601092",6,111,117,0,117,1
"7600","2021-2022","MICHIGAN","2601093",9,37,46,0,46,1
"7601","2021-2022","MICHIGAN","2601095",52,378,430,0,430,1
"7602","2021-2022","MICHIGAN","2601096",1,36,37,0,37,1
"7603","2021-2022","MICHIGAN","2601097",2,92,94,0,94,1
"7604","2021-2022","MICHIGAN","2601098",0,23,23,0,23,1
"7605","2021-2022","MICHIGAN","2601099",0,114,114,0,114,1
"7606","2021-2022","MICHIGAN","2601100",1,484,485,0,485,1
"7607","2021-2022","MICHIGAN","2601101",5,510,515,0,515,1
"7608","2021-2022","MICHIGAN","2601103",578,38804,39382,0,39382,1
"7609","2021-2022","MICHIGAN","2601104",23,1248,1271,0,1271,1
"7610","2021-2022","MICHIGAN","2601106",0,102,102,0,102,1
"7611","2021-2022","MICHIGAN","2601107",166,1931,2097,0,2097,1
"7612","2021-2022","MICHIGAN","2601108",2,51,53,0,53,1
"7613","2021-2022","MICHIGAN","2601110",1,199,200,0,200,1
"7614","2021-2022","MICHIGAN","2601111",0,57,57,0,57,1
"7615","2021-2022","MICHIGAN","2601112",20,686,706,0,706,1
"7616","2021-2022","MICHIGAN","2601114",10,754,764,0,764,1
"7617","2021-2022","MICHIGAN","2601115",28,663,691,0,691,1
"7618","2021-2022","MICHIGAN","2601116",15,288,303,0,303,1
"7619","2021-2022","MICHIGAN","2601117",0,233,233,0,233,1
"7620","2021-2022","MICHIGAN","2601118",138,1720,1858,0,1858,1
"7621","2021-2022","MICHIGAN","2601119",6,30,36,0,36,1
"7622","2021-2022","MICHIGAN","2601120",31,414,445,0,445,1
"7623","2021-2022","MICHIGAN","2601121",1,177,178,0,178,1
"7624","2021-2022","MICHIGAN","2601122",3,30,33,0,33,1
"7625","2021-2022","MICHIGAN","2601123",6,62,68,0,68,1
"7626","2021-2022","MICHIGAN","2601124",35,356,391,0,391,1
"7627","2021-2022","MICHIGAN","2601125",62,1049,1111,0,1111,1
"7628","2021-2022","MICHIGAN","2601129",0,45,45,0,45,1
"7629","2021-2022","MICHIGAN","2601131",17,462,479,0,479,1
"7630","2021-2022","MICHIGAN","2601132",45,996,1041,0,1041,1
"7631","2021-2022","MICHIGAN","2601133",0,22,22,0,22,1
"7632","2021-2022","MICHIGAN","2601136",0,58,58,0,58,1
"7633","2021-2022","MICHIGAN","2601137",34,60,94,0,94,1
"7634","2021-2022","MICHIGAN","2601139",0,1266,1266,0,1266,1
"7635","2021-2022","MICHIGAN","2601890",25,170,195,0,195,1
"7636","2021-2022","MICHIGAN","2601920",28,328,356,0,356,1
"7637","2021-2022","MICHIGAN","2601950",176,1674,1850,0,1850,1
"7638","2021-2022","MICHIGAN","2601980",88,1256,1344,0,1344,1
"7639","2021-2022","MICHIGAN","2602010",31,201,232,0,232,1
"7640","2021-2022","MICHIGAN","2602040",13,71,84,0,84,1
"7641","2021-2022","MICHIGAN","2602160",34,402,436,0,436,1
"7642","2021-2022","MICHIGAN","2602190",58,641,699,0,699,1
"7643","2021-2022","MICHIGAN","2602220",141,1155,1296,0,1296,1
"7644","2021-2022","MICHIGAN","2602520",127,1271,1398,0,1398,1
"7645","2021-2022","MICHIGAN","2602550",82,728,810,0,810,1
"7646","2021-2022","MICHIGAN","2602640",166,1083,1249,0,1249,1
"7647","2021-2022","MICHIGAN","2602670",53,315,368,0,368,1
"7648","2021-2022","MICHIGAN","2602730",187,1840,2027,0,2027,1
"7649","2021-2022","MICHIGAN","2602790",143,1264,1407,0,1407,1
"7650","2021-2022","MICHIGAN","2602820",292,3781,4073,0,4073,1
"7651","2021-2022","MICHIGAN","2603240",66,359,425,0,425,1
"7652","2021-2022","MICHIGAN","2603270",0,6,6,0,6,1
"7653","2021-2022","MICHIGAN","2603480",3,160,163,0,163,1
"7654","2021-2022","MICHIGAN","2603510",8,185,193,0,193,1
"7655","2021-2022","MICHIGAN","2603540",49,659,708,0,708,1
"7656","2021-2022","MICHIGAN","2603570",23,148,171,0,171,1
"7657","2021-2022","MICHIGAN","2603600",19,241,260,0,260,1
"7658","2021-2022","MICHIGAN","2603660",2,9,11,0,11,1
"7659","2021-2022","MICHIGAN","2603690",146,1787,1933,0,1933,1
"7660","2021-2022","MICHIGAN","2603810",24,406,430,0,430,1
"7661","2021-2022","MICHIGAN","2603870",51,741,792,0,792,1
"7662","2021-2022","MICHIGAN","2603900",142,1194,1336,0,1336,1
"7663","2021-2022","MICHIGAN","2603960",0,16,16,0,16,1
"7664","2021-2022","MICHIGAN","2603990",18,197,215,0,215,1
"7665","2021-2022","MICHIGAN","2604020",42,309,351,0,351,1
"7666","2021-2022","MICHIGAN","2604170",31,395,426,0,426,1
"7667","2021-2022","MICHIGAN","2604260",285,3390,3675,0,3675,1
"7668","2021-2022","MICHIGAN","2604290",26,181,207,0,207,1
"7669","2021-2022","MICHIGAN","2604320",30,197,227,0,227,1
"7670","2021-2022","MICHIGAN","2604350",2,21,23,0,23,1
"7671","2021-2022","MICHIGAN","2604440",52,527,579,0,579,1
"7672","2021-2022","MICHIGAN","2604470",129,943,1072,0,1072,1
"7673","2021-2022","MICHIGAN","2604500",20,615,635,0,635,1
"7674","2021-2022","MICHIGAN","2604530",73,813,886,0,886,1
"7675","2021-2022","MICHIGAN","2604620",13,125,138,0,138,1
"7676","2021-2022","MICHIGAN","2604650",21,294,315,0,315,1
"7677","2021-2022","MICHIGAN","2604740",47,918,965,0,965,1
"7678","2021-2022","MICHIGAN","2604800",63,613,676,0,676,1
"7679","2021-2022","MICHIGAN","2604830",16,1425,1441,0,1441,1
"7680","2021-2022","MICHIGAN","2604950",46,684,730,0,730,1
"7681","2021-2022","MICHIGAN","2605010",36,628,664,0,664,1
"7682","2021-2022","MICHIGAN","2605100",0,4,4,0,4,1
"7683","2021-2022","MICHIGAN","2605430",133,2426,2559,0,2559,1
"7684","2021-2022","MICHIGAN","2605690",3,102,105,0,105,1
"7685","2021-2022","MICHIGAN","2605780",103,1056,1159,0,1159,1
"7686","2021-2022","MICHIGAN","2605820",125,891,1016,0,1016,1
"7687","2021-2022","MICHIGAN","2605850",45,655,700,0,700,1
"7688","2021-2022","MICHIGAN","2606000",50,381,431,0,431,1
"7689","2021-2022","MICHIGAN","2606090",49,618,667,0,667,1
"7690","2021-2022","MICHIGAN","2606270",78,810,888,0,888,1
"7691","2021-2022","MICHIGAN","2606300",0,0,0,0,0,NA
"7692","2021-2022","MICHIGAN","2606500",54,494,548,0,548,1
"7693","2021-2022","MICHIGAN","2606510",13,107,120,0,120,1
"7694","2021-2022","MICHIGAN","2606570",83,782,865,0,865,1
"7695","2021-2022","MICHIGAN","2606600",95,679,774,0,774,1
"7696","2021-2022","MICHIGAN","2606630",37,291,328,0,328,1
"7697","2021-2022","MICHIGAN","2606720",90,669,759,0,759,1
"7698","2021-2022","MICHIGAN","2606780",15,1352,1367,0,1367,1
"7699","2021-2022","MICHIGAN","2606840",37,300,337,0,337,1
"7700","2021-2022","MICHIGAN","2606870",59,719,778,0,778,1
"7701","2021-2022","MICHIGAN","2606900",241,205,446,0,446,1
"7702","2021-2022","MICHIGAN","2606930",34,201,235,0,235,1
"7703","2021-2022","MICHIGAN","2606960",83,596,679,0,679,1
"7704","2021-2022","MICHIGAN","2606990",43,569,612,0,612,1
"7705","2021-2022","MICHIGAN","2607040",42,401,443,0,443,1
"7706","2021-2022","MICHIGAN","2607080",59,824,883,0,883,1
"7707","2021-2022","MICHIGAN","2607140",66,658,724,0,724,1
"7708","2021-2022","MICHIGAN","2607170",37,200,237,0,237,1
"7709","2021-2022","MICHIGAN","2607320",60,587,647,0,647,1
"7710","2021-2022","MICHIGAN","2607410",24,304,328,0,328,1
"7711","2021-2022","MICHIGAN","2607470",0,23,23,0,23,1
"7712","2021-2022","MICHIGAN","2607530",29,279,308,0,308,1
"7713","2021-2022","MICHIGAN","2607560",92,819,911,0,911,1
"7714","2021-2022","MICHIGAN","2607590",202,1741,1943,0,1943,1
"7715","2021-2022","MICHIGAN","2607620",134,729,863,0,863,1
"7716","2021-2022","MICHIGAN","2607690",135,624,759,0,759,1
"7717","2021-2022","MICHIGAN","2607710",22,249,271,0,271,1
"7718","2021-2022","MICHIGAN","2607800",47,373,420,0,420,1
"7719","2021-2022","MICHIGAN","2607890",198,3022,3220,0,3220,1
"7720","2021-2022","MICHIGAN","2608010",27,154,181,0,181,1
"7721","2021-2022","MICHIGAN","2608040",71,848,919,0,919,1
"7722","2021-2022","MICHIGAN","2608070",134,1259,1393,0,1393,1
"7723","2021-2022","MICHIGAN","2608130",48,466,514,0,514,1
"7724","2021-2022","MICHIGAN","2608160",30,227,257,0,257,1
"7725","2021-2022","MICHIGAN","2608280",19,150,169,0,169,1
"7726","2021-2022","MICHIGAN","2608400",70,398,468,0,468,1
"7727","2021-2022","MICHIGAN","2608430",50,534,584,0,584,1
"7728","2021-2022","MICHIGAN","2608520",152,1168,1320,0,1320,1
"7729","2021-2022","MICHIGAN","2608580",133,1740,1873,0,1873,1
"7730","2021-2022","MICHIGAN","2608610",33,147,180,0,180,1
"7731","2021-2022","MICHIGAN","2608640",174,859,1033,0,1033,1
"7732","2021-2022","MICHIGAN","2608670",50,372,422,0,422,1
"7733","2021-2022","MICHIGAN","2608730",32,290,322,0,322,1
"7734","2021-2022","MICHIGAN","2608770",117,941,1058,0,1058,1
"7735","2021-2022","MICHIGAN","2608880",40,58,98,0,98,1
"7736","2021-2022","MICHIGAN","2608910",94,914,1008,0,1008,1
"7737","2021-2022","MICHIGAN","2608940",41,266,307,0,307,1
"7738","2021-2022","MICHIGAN","2609150",74,671,745,0,745,1
"7739","2021-2022","MICHIGAN","2609560",115,1099,1214,0,1214,1
"7740","2021-2022","MICHIGAN","2609570",483,4510,4993,0,4993,1
"7741","2021-2022","MICHIGAN","2609630",0,11,11,0,11,1
"7742","2021-2022","MICHIGAN","2609750",46,669,715,0,715,1
"7743","2021-2022","MICHIGAN","2609840",97,1125,1222,0,1222,1
"7744","2021-2022","MICHIGAN","2609900",131,1361,1492,0,1492,1
"7745","2021-2022","MICHIGAN","2609930",35,428,463,0,463,1
"7746","2021-2022","MICHIGAN","2610020",47,211,258,0,258,1
"7747","2021-2022","MICHIGAN","2610050",45,359,404,0,404,1
"7748","2021-2022","MICHIGAN","2610080",66,1835,1901,0,1901,1
"7749","2021-2022","MICHIGAN","2610110",174,1410,1584,0,1584,1
"7750","2021-2022","MICHIGAN","2610140",185,1568,1753,0,1753,1
"7751","2021-2022","MICHIGAN","2610200",39,344,383,0,383,1
"7752","2021-2022","MICHIGAN","2610230",1,4,5,0,5,1
"7753","2021-2022","MICHIGAN","2610380",98,761,859,0,859,1
"7754","2021-2022","MICHIGAN","2610410",11,236,247,0,247,1
"7755","2021-2022","MICHIGAN","2610560",24,185,209,0,209,1
"7756","2021-2022","MICHIGAN","2610590",67,1155,1222,0,1222,1
"7757","2021-2022","MICHIGAN","2610620",105,940,1045,0,1045,1
"7758","2021-2022","MICHIGAN","2610650",44,345,389,0,389,1
"7759","2021-2022","MICHIGAN","2610750",46,658,704,0,704,1
"7760","2021-2022","MICHIGAN","2610830",149,846,995,0,995,1
"7761","2021-2022","MICHIGAN","2610860",64,747,811,0,811,1
"7762","2021-2022","MICHIGAN","2610980",0,321,321,0,321,1
"7763","2021-2022","MICHIGAN","2611030",79,849,928,0,928,1
"7764","2021-2022","MICHIGAN","2611140",156,908,1064,0,1064,1
"7765","2021-2022","MICHIGAN","2611190",30,210,240,0,240,1
"7766","2021-2022","MICHIGAN","2611400",25,205,230,0,230,1
"7767","2021-2022","MICHIGAN","2611430",230,2343,2573,0,2573,1
"7768","2021-2022","MICHIGAN","2611550",47,461,508,0,508,1
"7769","2021-2022","MICHIGAN","2611600",641,14902,15543,0,15543,1
"7770","2021-2022","MICHIGAN","2611610",138,1815,1953,0,1953,1
"7771","2021-2022","MICHIGAN","2611640",19,1262,1281,0,1281,1
"7772","2021-2022","MICHIGAN","2611670",48,421,469,0,469,1
"7773","2021-2022","MICHIGAN","2611700",37,324,361,0,361,1
"7774","2021-2022","MICHIGAN","2611910",22,531,553,0,553,1
"7775","2021-2022","MICHIGAN","2611970",3,49,52,0,52,1
"7776","2021-2022","MICHIGAN","2612030",34,319,353,0,353,1
"7777","2021-2022","MICHIGAN","2612150",183,1298,1481,0,1481,1
"7778","2021-2022","MICHIGAN","2612240",9,211,220,0,220,1
"7779","2021-2022","MICHIGAN","2612300",62,582,644,0,644,1
"7780","2021-2022","MICHIGAN","2612330",56,586,642,0,642,1
"7781","2021-2022","MICHIGAN","2612420",123,1227,1350,0,1350,1
"7782","2021-2022","MICHIGAN","2612450",112,1884,1996,0,1996,1
"7783","2021-2022","MICHIGAN","2612480",36,194,230,0,230,1
"7784","2021-2022","MICHIGAN","2612540",24,589,613,0,613,1
"7785","2021-2022","MICHIGAN","2612560",28,342,370,0,370,1
"7786","2021-2022","MICHIGAN","2612600",138,1134,1272,0,1272,1
"7787","2021-2022","MICHIGAN","2612660",1,9,10,0,10,1
"7788","2021-2022","MICHIGAN","2612690",612,778,1390,0,1390,1
"7789","2021-2022","MICHIGAN","2612810",17,630,647,0,647,1
"7790","2021-2022","MICHIGAN","2612930",15,955,970,0,970,1
"7791","2021-2022","MICHIGAN","2612960",77,454,531,0,531,1
"7792","2021-2022","MICHIGAN","2612990",104,791,895,0,895,1
"7793","2021-2022","MICHIGAN","2613050",36,303,339,0,339,1
"7794","2021-2022","MICHIGAN","2613090",58,411,469,0,469,1
"7795","2021-2022","MICHIGAN","2613110",16,98,114,0,114,1
"7796","2021-2022","MICHIGAN","2613140",0,0,0,0,0,NA
"7797","2021-2022","MICHIGAN","2613500",169,1076,1245,0,1245,1
"7798","2021-2022","MICHIGAN","2613530",47,479,526,0,526,1
"7799","2021-2022","MICHIGAN","2613560",86,538,624,0,624,1
"7800","2021-2022","MICHIGAN","2613680",1,24,25,0,25,1
"7801","2021-2022","MICHIGAN","2614070",249,2194,2443,0,2443,1
"7802","2021-2022","MICHIGAN","2614100",50,597,647,0,647,1
"7803","2021-2022","MICHIGAN","2614230",127,878,1005,0,1005,1
"7804","2021-2022","MICHIGAN","2614250",182,1056,1238,0,1238,1
"7805","2021-2022","MICHIGAN","2614280",122,1772,1894,0,1894,1
"7806","2021-2022","MICHIGAN","2614460",50,1876,1926,0,1926,1
"7807","2021-2022","MICHIGAN","2614520",20,2838,2858,0,2858,1
"7808","2021-2022","MICHIGAN","2614550",196,1713,1909,0,1909,1
"7809","2021-2022","MICHIGAN","2614570",34,318,352,0,352,1
"7810","2021-2022","MICHIGAN","2614610",118,1145,1263,0,1263,1
"7811","2021-2022","MICHIGAN","2614690",53,585,638,0,638,1
"7812","2021-2022","MICHIGAN","2614700",23,82,105,0,105,1
"7813","2021-2022","MICHIGAN","2614730",109,819,928,0,928,1
"7814","2021-2022","MICHIGAN","2614760",30,216,246,0,246,1
"7815","2021-2022","MICHIGAN","2614790",16,249,265,0,265,1
"7816","2021-2022","MICHIGAN","2614820",178,1892,2070,0,2070,1
"7817","2021-2022","MICHIGAN","2615060",31,342,373,0,373,1
"7818","2021-2022","MICHIGAN","2615150",348,1047,1395,0,1395,1
"7819","2021-2022","MICHIGAN","2615390",115,1335,1450,0,1450,1
"7820","2021-2022","MICHIGAN","2615420",18,235,253,0,253,1
"7821","2021-2022","MICHIGAN","2615450",28,397,425,0,425,1
"7822","2021-2022","MICHIGAN","2615510",2,12,14,0,14,1
"7823","2021-2022","MICHIGAN","2615540",115,1694,1809,0,1809,1
"7824","2021-2022","MICHIGAN","2615600",9,213,222,0,222,1
"7825","2021-2022","MICHIGAN","2615730",110,1346,1456,0,1456,1
"7826","2021-2022","MICHIGAN","2615750",77,557,634,0,634,1
"7827","2021-2022","MICHIGAN","2615830",19,403,422,0,422,1
"7828","2021-2022","MICHIGAN","2615870",119,1115,1234,0,1234,1
"7829","2021-2022","MICHIGAN","2615970",58,488,546,0,546,1
"7830","2021-2022","MICHIGAN","2615990",48,793,841,0,841,1
"7831","2021-2022","MICHIGAN","2616020",20,201,221,0,221,1
"7832","2021-2022","MICHIGAN","2616050",29,369,398,0,398,1
"7833","2021-2022","MICHIGAN","2616080",184,1423,1607,0,1607,1
"7834","2021-2022","MICHIGAN","2616110",136,1631,1767,0,1767,1
"7835","2021-2022","MICHIGAN","2616320",37,370,407,0,407,1
"7836","2021-2022","MICHIGAN","2616350",260,2856,3116,0,3116,1
"7837","2021-2022","MICHIGAN","2616380",181,1644,1825,0,1825,1
"7838","2021-2022","MICHIGAN","2616410",200,1218,1418,0,1418,1
"7839","2021-2022","MICHIGAN","2616440",827,10571,11398,0,11398,1
"7840","2021-2022","MICHIGAN","2616470",239,1676,1915,0,1915,1
"7841","2021-2022","MICHIGAN","2616500",142,914,1056,0,1056,1
"7842","2021-2022","MICHIGAN","2616560",0,3,3,0,3,1
"7843","2021-2022","MICHIGAN","2616830",70,291,361,0,361,1
"7844","2021-2022","MICHIGAN","2617160",189,1957,2146,0,2146,1
"7845","2021-2022","MICHIGAN","2617220",25,190,215,0,215,1
"7846","2021-2022","MICHIGAN","2617250",112,712,824,0,824,1
"7847","2021-2022","MICHIGAN","2617340",3,62,65,0,65,1
"7848","2021-2022","MICHIGAN","2617370",16,230,246,0,246,1
"7849","2021-2022","MICHIGAN","2617400",88,648,736,0,736,1
"7850","2021-2022","MICHIGAN","2617520",100,2634,2734,0,2734,1
"7851","2021-2022","MICHIGAN","2617550",46,266,312,0,312,1
"7852","2021-2022","MICHIGAN","2617640",36,281,317,0,317,1
"7853","2021-2022","MICHIGAN","2617700",16,151,167,0,167,1
"7854","2021-2022","MICHIGAN","2617730",97,1126,1223,0,1223,1
"7855","2021-2022","MICHIGAN","2617760",32,1976,2008,0,2008,1
"7856","2021-2022","MICHIGAN","2617820",69,941,1010,0,1010,1
"7857","2021-2022","MICHIGAN","2617860",86,768,854,0,854,1
"7858","2021-2022","MICHIGAN","2617880",151,1019,1170,0,1170,1
"7859","2021-2022","MICHIGAN","2617910",56,804,860,0,860,1
"7860","2021-2022","MICHIGAN","2617940",50,581,631,0,631,1
"7861","2021-2022","MICHIGAN","2617970",164,1102,1266,0,1266,1
"7862","2021-2022","MICHIGAN","2618030",53,2181,2234,0,2234,1
"7863","2021-2022","MICHIGAN","2618180",35,335,370,0,370,1
"7864","2021-2022","MICHIGAN","2618270",76,589,665,0,665,1
"7865","2021-2022","MICHIGAN","2618360",17,207,224,0,224,1
"7866","2021-2022","MICHIGAN","2618390",67,677,744,0,744,1
"7867","2021-2022","MICHIGAN","2618420",199,1733,1932,0,1932,1
"7868","2021-2022","MICHIGAN","2618450",121,1319,1440,0,1440,1
"7869","2021-2022","MICHIGAN","2618480",194,2188,2382,0,2382,1
"7870","2021-2022","MICHIGAN","2618510",28,555,583,0,583,1
"7871","2021-2022","MICHIGAN","2618540",49,470,519,0,519,1
"7872","2021-2022","MICHIGAN","2618570",86,375,461,0,461,1
"7873","2021-2022","MICHIGAN","2618600",51,863,914,0,914,1
"7874","2021-2022","MICHIGAN","2618720",114,1887,2001,0,2001,1
"7875","2021-2022","MICHIGAN","2618810",46,634,680,0,680,1
"7876","2021-2022","MICHIGAN","2618840",212,1095,1307,0,1307,1
"7877","2021-2022","MICHIGAN","2618930",69,724,793,0,793,1
"7878","2021-2022","MICHIGAN","2618990",143,2077,2220,0,2220,1
"7879","2021-2022","MICHIGAN","2619050",38,249,287,0,287,1
"7880","2021-2022","MICHIGAN","2619100",89,936,1025,0,1025,1
"7881","2021-2022","MICHIGAN","2619170",35,342,377,0,377,1
"7882","2021-2022","MICHIGAN","2619250",173,1456,1629,0,1629,1
"7883","2021-2022","MICHIGAN","2619290",0,9,9,0,9,1
"7884","2021-2022","MICHIGAN","2619410",34,369,403,0,403,1
"7885","2021-2022","MICHIGAN","2619470",47,395,442,0,442,1
"7886","2021-2022","MICHIGAN","2619530",29,370,399,0,399,1
"7887","2021-2022","MICHIGAN","2619580",84,436,520,0,520,1
"7888","2021-2022","MICHIGAN","2619620",211,3314,3525,0,3525,1
"7889","2021-2022","MICHIGAN","2619800",7,596,603,0,603,1
"7890","2021-2022","MICHIGAN","2619830",259,1169,1428,0,1428,1
"7891","2021-2022","MICHIGAN","2619890",21,391,412,0,412,1
"7892","2021-2022","MICHIGAN","2619920",65,555,620,0,620,1
"7893","2021-2022","MICHIGAN","2619950",646,7694,8340,0,8340,1
"7894","2021-2022","MICHIGAN","2620010",27,378,405,0,405,1
"7895","2021-2022","MICHIGAN","2620050",102,738,840,0,840,1
"7896","2021-2022","MICHIGAN","2620070",226,2055,2281,0,2281,1
"7897","2021-2022","MICHIGAN","2620160",96,1570,1666,0,1666,1
"7898","2021-2022","MICHIGAN","2620280",218,1283,1501,0,1501,1
"7899","2021-2022","MICHIGAN","2620310",36,539,575,0,575,1
"7900","2021-2022","MICHIGAN","2620340",863,5914,6777,0,6777,1
"7901","2021-2022","MICHIGAN","2620380",128,625,753,0,753,1
"7902","2021-2022","MICHIGAN","2620400",52,326,378,0,378,1
"7903","2021-2022","MICHIGAN","2620550",51,289,340,0,340,1
"7904","2021-2022","MICHIGAN","2620610",146,732,878,0,878,1
"7905","2021-2022","MICHIGAN","2620670",72,549,621,0,621,1
"7906","2021-2022","MICHIGAN","2620700",32,181,213,0,213,1
"7907","2021-2022","MICHIGAN","2620730",167,1457,1624,0,1624,1
"7908","2021-2022","MICHIGAN","2620820",72,736,808,0,808,1
"7909","2021-2022","MICHIGAN","2620850",259,2109,2368,0,2368,1
"7910","2021-2022","MICHIGAN","2620880",179,1458,1637,0,1637,1
"7911","2021-2022","MICHIGAN","2620910",73,482,555,0,555,1
"7912","2021-2022","MICHIGAN","2620940",36,531,567,0,567,1
"7913","2021-2022","MICHIGAN","2620980",116,539,655,0,655,1
"7914","2021-2022","MICHIGAN","2621120",88,1105,1193,0,1193,1
"7915","2021-2022","MICHIGAN","2621150",318,7591,7909,0,7909,1
"7916","2021-2022","MICHIGAN","2621180",173,2028,2201,0,2201,1
"7917","2021-2022","MICHIGAN","2621210",25,324,349,0,349,1
"7918","2021-2022","MICHIGAN","2621240",44,440,484,0,484,1
"7919","2021-2022","MICHIGAN","2621390",27,152,179,0,179,1
"7920","2021-2022","MICHIGAN","2621420",6,67,73,0,73,1
"7921","2021-2022","MICHIGAN","2621450",81,434,515,0,515,1
"7922","2021-2022","MICHIGAN","2621570",133,1503,1636,0,1636,1
"7923","2021-2022","MICHIGAN","2621600",261,3905,4166,0,4166,1
"7924","2021-2022","MICHIGAN","2621690",54,630,684,0,684,1
"7925","2021-2022","MICHIGAN","2621750",2,173,175,0,175,1
"7926","2021-2022","MICHIGAN","2621810",16,159,175,0,175,1
"7927","2021-2022","MICHIGAN","2621840",328,3627,3955,0,3955,1
"7928","2021-2022","MICHIGAN","2621870",381,3755,4136,0,4136,1
"7929","2021-2022","MICHIGAN","2622050",123,802,925,0,925,1
"7930","2021-2022","MICHIGAN","2622200",106,923,1029,0,1029,1
"7931","2021-2022","MICHIGAN","2622230",0,12,12,0,12,1
"7932","2021-2022","MICHIGAN","2622260",4,72,76,0,76,1
"7933","2021-2022","MICHIGAN","2622290",44,685,729,0,729,1
"7934","2021-2022","MICHIGAN","2622320",60,837,897,0,897,1
"7935","2021-2022","MICHIGAN","2622350",27,583,610,0,610,1
"7936","2021-2022","MICHIGAN","2622380",23,163,186,0,186,1
"7937","2021-2022","MICHIGAN","2622410",58,602,660,0,660,1
"7938","2021-2022","MICHIGAN","2622470",134,380,514,0,514,1
"7939","2021-2022","MICHIGAN","2622500",16,454,470,0,470,1
"7940","2021-2022","MICHIGAN","2622620",53,469,522,0,522,1
"7941","2021-2022","MICHIGAN","2622740",62,388,450,0,450,1
"7942","2021-2022","MICHIGAN","2622800",39,300,339,0,339,1
"7943","2021-2022","MICHIGAN","2622830",17,131,148,0,148,1
"7944","2021-2022","MICHIGAN","2622860",32,396,428,0,428,1
"7945","2021-2022","MICHIGAN","2622970",74,1142,1216,0,1216,1
"7946","2021-2022","MICHIGAN","2622980",24,296,320,0,320,1
"7947","2021-2022","MICHIGAN","2623040",62,812,874,0,874,1
"7948","2021-2022","MICHIGAN","2623070",77,851,928,0,928,1
"7949","2021-2022","MICHIGAN","2623100",43,413,456,0,456,1
"7950","2021-2022","MICHIGAN","2623130",71,678,749,0,749,1
"7951","2021-2022","MICHIGAN","2623160",31,273,304,0,304,1
"7952","2021-2022","MICHIGAN","2623250",91,620,711,0,711,1
"7953","2021-2022","MICHIGAN","2623280",29,394,423,0,423,1
"7954","2021-2022","MICHIGAN","2623310",62,438,500,0,500,1
"7955","2021-2022","MICHIGAN","2623460",112,2412,2524,0,2524,1
"7956","2021-2022","MICHIGAN","2623490",25,254,279,0,279,1
"7957","2021-2022","MICHIGAN","2623520",34,212,246,0,246,1
"7958","2021-2022","MICHIGAN","2623550",35,532,567,0,567,1
"7959","2021-2022","MICHIGAN","2623580",33,568,601,0,601,1
"7960","2021-2022","MICHIGAN","2623610",51,262,313,0,313,1
"7961","2021-2022","MICHIGAN","2623670",40,364,404,0,404,1
"7962","2021-2022","MICHIGAN","2623790",111,640,751,0,751,1
"7963","2021-2022","MICHIGAN","2623820",286,2402,2688,0,2688,1
"7964","2021-2022","MICHIGAN","2623830",15,121,136,0,136,1
"7965","2021-2022","MICHIGAN","2623850",42,544,586,0,586,1
"7966","2021-2022","MICHIGAN","2623910",52,551,603,0,603,1
"7967","2021-2022","MICHIGAN","2624000",13,319,332,0,332,1
"7968","2021-2022","MICHIGAN","2624120",180,1519,1699,0,1699,1
"7969","2021-2022","MICHIGAN","2624150",57,2648,2705,0,2705,1
"7970","2021-2022","MICHIGAN","2624180",73,588,661,0,661,1
"7971","2021-2022","MICHIGAN","2624420",65,773,838,0,838,1
"7972","2021-2022","MICHIGAN","2624540",9,47,56,0,56,1
"7973","2021-2022","MICHIGAN","2624570",28,300,328,0,328,1
"7974","2021-2022","MICHIGAN","2624600",78,677,755,0,755,1
"7975","2021-2022","MICHIGAN","2624630",18,187,205,0,205,1
"7976","2021-2022","MICHIGAN","2624690",21,721,742,0,742,1
"7977","2021-2022","MICHIGAN","2624720",44,1246,1290,0,1290,1
"7978","2021-2022","MICHIGAN","2624750",116,1649,1765,0,1765,1
"7979","2021-2022","MICHIGAN","2624810",16,247,263,0,263,1
"7980","2021-2022","MICHIGAN","2624840",173,2879,3052,0,3052,1
"7981","2021-2022","MICHIGAN","2624960",22,473,495,0,495,1
"7982","2021-2022","MICHIGAN","2625020",40,432,472,0,472,1
"7983","2021-2022","MICHIGAN","2625140",24,183,207,0,207,1
"7984","2021-2022","MICHIGAN","2625230",93,670,763,0,763,1
"7985","2021-2022","MICHIGAN","2625290",27,266,293,0,293,1
"7986","2021-2022","MICHIGAN","2625320",71,870,941,0,941,1
"7987","2021-2022","MICHIGAN","2625350",26,290,316,0,316,1
"7988","2021-2022","MICHIGAN","2625400",16,334,350,0,350,1
"7989","2021-2022","MICHIGAN","2625560",150,1890,2040,0,2040,1
"7990","2021-2022","MICHIGAN","2625650",15,235,250,0,250,1
"7991","2021-2022","MICHIGAN","2625680",138,1065,1203,0,1203,1
"7992","2021-2022","MICHIGAN","2625740",114,1140,1254,0,1254,1
"7993","2021-2022","MICHIGAN","2625780",24,169,193,0,193,1
"7994","2021-2022","MICHIGAN","2625800",10,271,281,0,281,1
"7995","2021-2022","MICHIGAN","2625920",20,80,100,0,100,1
"7996","2021-2022","MICHIGAN","2625950",133,1146,1279,0,1279,1
"7997","2021-2022","MICHIGAN","2625980",15,485,500,0,500,1
"7998","2021-2022","MICHIGAN","2626010",209,1784,1993,0,1993,1
"7999","2021-2022","MICHIGAN","2626040",34,226,260,0,260,1
"8000","2021-2022","MICHIGAN","2626100",11,41,52,0,52,1
"8001","2021-2022","MICHIGAN","2626130",45,724,769,0,769,1
"8002","2021-2022","MICHIGAN","2626190",89,2753,2842,0,2842,1
"8003","2021-2022","MICHIGAN","2626220",181,1053,1234,0,1234,1
"8004","2021-2022","MICHIGAN","2626280",104,720,824,0,824,1
"8005","2021-2022","MICHIGAN","2626370",19,410,429,0,429,1
"8006","2021-2022","MICHIGAN","2626400",12,268,280,0,280,1
"8007","2021-2022","MICHIGAN","2626430",1,17,18,0,18,1
"8008","2021-2022","MICHIGAN","2626490",23,150,173,0,173,1
"8009","2021-2022","MICHIGAN","2626520",62,453,515,0,515,1
"8010","2021-2022","MICHIGAN","2626550",17,143,160,0,160,1
"8011","2021-2022","MICHIGAN","2626760",116,1647,1763,0,1763,1
"8012","2021-2022","MICHIGAN","2626940",39,166,205,0,205,1
"8013","2021-2022","MICHIGAN","2626970",54,710,764,0,764,1
"8014","2021-2022","MICHIGAN","2627060",106,777,883,0,883,1
"8015","2021-2022","MICHIGAN","2627150",91,568,659,0,659,1
"8016","2021-2022","MICHIGAN","2627180",8,123,131,0,131,1
"8017","2021-2022","MICHIGAN","2627210",151,1656,1807,0,1807,1
"8018","2021-2022","MICHIGAN","2627240",167,1404,1571,0,1571,1
"8019","2021-2022","MICHIGAN","2627420",58,811,869,0,869,1
"8020","2021-2022","MICHIGAN","2627660",13,850,863,0,863,1
"8021","2021-2022","MICHIGAN","2627690",27,184,211,0,211,1
"8022","2021-2022","MICHIGAN","2627720",2,290,292,0,292,1
"8023","2021-2022","MICHIGAN","2627810",166,1009,1175,0,1175,1
"8024","2021-2022","MICHIGAN","2627840",15,95,110,0,110,1
"8025","2021-2022","MICHIGAN","2627900",43,426,469,0,469,1
"8026","2021-2022","MICHIGAN","2627930",118,827,945,0,945,1
"8027","2021-2022","MICHIGAN","2627960",28,86,114,0,114,1
"8028","2021-2022","MICHIGAN","2628020",11,154,165,0,165,1
"8029","2021-2022","MICHIGAN","2628140",50,454,504,0,504,1
"8030","2021-2022","MICHIGAN","2628170",108,554,662,0,662,1
"8031","2021-2022","MICHIGAN","2628200",87,510,597,0,597,1
"8032","2021-2022","MICHIGAN","2628500",19,286,305,0,305,1
"8033","2021-2022","MICHIGAN","2628530",96,950,1046,0,1046,1
"8034","2021-2022","MICHIGAN","2628560",332,3237,3569,0,3569,1
"8035","2021-2022","MICHIGAN","2628740",52,2823,2875,0,2875,1
"8036","2021-2022","MICHIGAN","2628830",207,4033,4240,0,4240,1
"8037","2021-2022","MICHIGAN","2628890",79,339,418,0,418,1
"8038","2021-2022","MICHIGAN","2628950",231,1995,2226,0,2226,1
"8039","2021-2022","MICHIGAN","2629120",83,575,658,0,658,1
"8040","2021-2022","MICHIGAN","2629130",12,96,108,0,108,1
"8041","2021-2022","MICHIGAN","2629160",46,330,376,0,376,1
"8042","2021-2022","MICHIGAN","2629190",7,23,30,0,30,1
"8043","2021-2022","MICHIGAN","2629220",26,153,179,0,179,1
"8044","2021-2022","MICHIGAN","2629250",43,412,455,0,455,1
"8045","2021-2022","MICHIGAN","2629340",9,129,138,0,138,1
"8046","2021-2022","MICHIGAN","2629370",86,414,500,0,500,1
"8047","2021-2022","MICHIGAN","2629400",35,302,337,0,337,1
"8048","2021-2022","MICHIGAN","2629460",79,1486,1565,0,1565,1
"8049","2021-2022","MICHIGAN","2629490",60,623,683,0,683,1
"8050","2021-2022","MICHIGAN","2629520",45,325,370,0,370,1
"8051","2021-2022","MICHIGAN","2629540",240,1592,1832,0,1832,1
"8052","2021-2022","MICHIGAN","2629580",7,46,53,0,53,1
"8053","2021-2022","MICHIGAN","2629670",62,459,521,0,521,1
"8054","2021-2022","MICHIGAN","2629760",45,2103,2148,0,2148,1
"8055","2021-2022","MICHIGAN","2629790",25,276,301,0,301,1
"8056","2021-2022","MICHIGAN","2629910",55,1214,1269,0,1269,1
"8057","2021-2022","MICHIGAN","2629940",139,2034,2173,0,2173,1
"8058","2021-2022","MICHIGAN","2630030",127,1065,1192,0,1192,1
"8059","2021-2022","MICHIGAN","2630060",41,227,268,0,268,1
"8060","2021-2022","MICHIGAN","2630090",93,1156,1249,0,1249,1
"8061","2021-2022","MICHIGAN","2630120",46,1660,1706,0,1706,1
"8062","2021-2022","MICHIGAN","2630210",142,3024,3166,0,3166,1
"8063","2021-2022","MICHIGAN","2630300",119,1108,1227,0,1227,1
"8064","2021-2022","MICHIGAN","2630360",55,353,408,0,408,1
"8065","2021-2022","MICHIGAN","2630390",170,4048,4218,0,4218,1
"8066","2021-2022","MICHIGAN","2630450",178,2081,2259,0,2259,1
"8067","2021-2022","MICHIGAN","2630480",13,84,97,0,97,1
"8068","2021-2022","MICHIGAN","2630660",56,510,566,0,566,1
"8069","2021-2022","MICHIGAN","2630780",49,305,354,0,354,1
"8070","2021-2022","MICHIGAN","2630840",59,460,519,0,519,1
"8071","2021-2022","MICHIGAN","2630930",14,271,285,0,285,1
"8072","2021-2022","MICHIGAN","2630960",33,253,286,0,286,1
"8073","2021-2022","MICHIGAN","2630990",85,791,876,0,876,1
"8074","2021-2022","MICHIGAN","2631020",60,246,306,0,306,1
"8075","2021-2022","MICHIGAN","2631320",66,755,821,0,821,1
"8076","2021-2022","MICHIGAN","2631380",75,794,869,0,869,1
"8077","2021-2022","MICHIGAN","2632070",5,56,61,0,61,1
"8078","2021-2022","MICHIGAN","2632220",91,894,985,0,985,1
"8079","2021-2022","MICHIGAN","2632250",134,1337,1471,0,1471,1
"8080","2021-2022","MICHIGAN","2632280",111,1802,1913,0,1913,1
"8081","2021-2022","MICHIGAN","2632300",83,1109,1192,0,1192,1
"8082","2021-2022","MICHIGAN","2632310",223,2626,2849,0,2849,1
"8083","2021-2022","MICHIGAN","2632340",80,1626,1706,0,1706,1
"8084","2021-2022","MICHIGAN","2632370",126,907,1033,0,1033,1
"8085","2021-2022","MICHIGAN","2632550",54,339,393,0,393,1
"8086","2021-2022","MICHIGAN","2632610",64,560,624,0,624,1
"8087","2021-2022","MICHIGAN","2632640",10,392,402,0,402,1
"8088","2021-2022","MICHIGAN","2632670",196,1525,1721,0,1721,1
"8089","2021-2022","MICHIGAN","2632820",118,766,884,0,884,1
"8090","2021-2022","MICHIGAN","2632850",99,606,705,0,705,1
"8091","2021-2022","MICHIGAN","2632880",22,547,569,0,569,1
"8092","2021-2022","MICHIGAN","2632910",40,524,564,0,564,1
"8093","2021-2022","MICHIGAN","2632940",116,751,867,0,867,1
"8094","2021-2022","MICHIGAN","2632970",29,69,98,0,98,1
"8095","2021-2022","MICHIGAN","2633000",42,190,232,0,232,1
"8096","2021-2022","MICHIGAN","2633030",78,409,487,0,487,1
"8097","2021-2022","MICHIGAN","2633090",181,1829,2010,0,2010,1
"8098","2021-2022","MICHIGAN","2633120",20,149,169,0,169,1
"8099","2021-2022","MICHIGAN","2633360",36,317,353,0,353,1
"8100","2021-2022","MICHIGAN","2633410",22,529,551,0,551,1
"8101","2021-2022","MICHIGAN","2633420",127,1663,1790,0,1790,1
"8102","2021-2022","MICHIGAN","2633510",30,575,605,0,605,1
"8103","2021-2022","MICHIGAN","2633540",206,3885,4091,0,4091,1
"8104","2021-2022","MICHIGAN","2633720",143,700,843,0,843,1
"8105","2021-2022","MICHIGAN","2633750",11,131,142,0,142,1
"8106","2021-2022","MICHIGAN","2633810",177,969,1146,0,1146,1
"8107","2021-2022","MICHIGAN","2633840",86,1149,1235,0,1235,1
"8108","2021-2022","MICHIGAN","2633870",293,2755,3048,0,3048,1
"8109","2021-2022","MICHIGAN","2633900",58,707,765,0,765,1
"8110","2021-2022","MICHIGAN","2633930",108,832,940,0,940,1
"8111","2021-2022","MICHIGAN","2634260",170,1652,1822,0,1822,1
"8112","2021-2022","MICHIGAN","2634380",30,232,262,0,262,1
"8113","2021-2022","MICHIGAN","2634410",115,517,632,0,632,1
"8114","2021-2022","MICHIGAN","2634440",39,247,286,0,286,1
"8115","2021-2022","MICHIGAN","2634470",885,9752,10637,0,10637,1
"8116","2021-2022","MICHIGAN","2634560",190,2219,2409,0,2409,1
"8117","2021-2022","MICHIGAN","2634620",1,80,81,0,81,1
"8118","2021-2022","MICHIGAN","2634650",46,585,631,0,631,1
"8119","2021-2022","MICHIGAN","2634680",88,1607,1695,0,1695,1
"8120","2021-2022","MICHIGAN","2634710",50,598,648,0,648,1
"8121","2021-2022","MICHIGAN","2634860",6,7,13,0,13,1
"8122","2021-2022","MICHIGAN","2634920",15,538,553,0,553,1
"8123","2021-2022","MICHIGAN","2634950",71,668,739,0,739,1
"8124","2021-2022","MICHIGAN","2635010",21,112,133,0,133,1
"8125","2021-2022","MICHIGAN","2635040",14,158,172,0,172,1
"8126","2021-2022","MICHIGAN","2635130",31,226,257,0,257,1
"8127","2021-2022","MICHIGAN","2635160",344,3153,3497,0,3497,1
"8128","2021-2022","MICHIGAN","2635190",794,8069,8863,0,8863,1
"8129","2021-2022","MICHIGAN","2635220",150,1773,1923,0,1923,1
"8130","2021-2022","MICHIGAN","2635310",441,3789,4230,0,4230,1
"8131","2021-2022","MICHIGAN","2635340",17,94,111,0,111,1
"8132","2021-2022","MICHIGAN","2635460",31,883,914,0,914,1
"8133","2021-2022","MICHIGAN","2635520",176,1543,1719,0,1719,1
"8134","2021-2022","MICHIGAN","2635550",79,941,1020,0,1020,1
"8135","2021-2022","MICHIGAN","2635730",33,183,216,0,216,1
"8136","2021-2022","MICHIGAN","2635790",0,8,8,0,8,1
"8137","2021-2022","MICHIGAN","2635820",131,1517,1648,0,1648,1
"8138","2021-2022","MICHIGAN","2635850",152,1093,1245,0,1245,1
"8139","2021-2022","MICHIGAN","2635910",580,2991,3571,0,3571,1
"8140","2021-2022","MICHIGAN","2635940",130,918,1048,0,1048,1
"8141","2021-2022","MICHIGAN","2635970",47,1638,1685,0,1685,1
"8142","2021-2022","MICHIGAN","2636060",38,666,704,0,704,1
"8143","2021-2022","MICHIGAN","2636120",26,320,346,0,346,1
"8144","2021-2022","MICHIGAN","2636240",0,43,43,0,43,1
"8145","2021-2022","MICHIGAN","2636270",19,158,177,0,177,1
"8146","2021-2022","MICHIGAN","2636300",97,948,1045,0,1045,1
"8147","2021-2022","MICHIGAN","2636330",29,228,257,0,257,1
"8148","2021-2022","MICHIGAN","2636390",50,517,567,0,567,1
"8149","2021-2022","MICHIGAN","2636420",36,362,398,0,398,1
"8150","2021-2022","MICHIGAN","2636480",15,207,222,0,222,1
"8151","2021-2022","MICHIGAN","2636485",196,2217,2413,0,2413,1
"8152","2021-2022","MICHIGAN","2636540",196,2159,2355,0,2355,1
"8153","2021-2022","MICHIGAN","2636570",461,2777,3238,0,3238,1
"8154","2021-2022","MICHIGAN","2636600",78,681,759,0,759,1
"8155","2021-2022","MICHIGAN","2636630",66,2235,2301,0,2301,1
"8156","2021-2022","MICHIGAN","2636660",181,1307,1488,0,1488,1
"8157","2021-2022","MICHIGAN","2680000",1,35,36,0,36,1
"8158","2021-2022","MICHIGAN","2680100",1,49,50,0,50,1
"8159","2021-2022","MICHIGAN","2680120",3,24,27,0,27,1
"8160","2021-2022","MICHIGAN","2680140",0,40,40,0,40,1
"8161","2021-2022","MICHIGAN","2680160",15,187,202,0,202,1
"8162","2021-2022","MICHIGAN","2680180",12,160,172,0,172,1
"8163","2021-2022","MICHIGAN","2680200",8,168,176,0,176,1
"8164","2021-2022","MICHIGAN","2680220",2,45,47,0,47,1
"8165","2021-2022","MICHIGAN","2680240",8,61,69,0,69,1
"8166","2021-2022","MICHIGAN","2680260",0,77,77,0,77,1
"8167","2021-2022","MICHIGAN","2680280",3,30,33,0,33,1
"8168","2021-2022","MICHIGAN","2680300",4,40,44,0,44,1
"8169","2021-2022","MICHIGAN","2680320",0,16,16,0,16,1
"8170","2021-2022","MICHIGAN","2680340",2,52,54,0,54,1
"8171","2021-2022","MICHIGAN","2680360",4,35,39,0,39,1
"8172","2021-2022","MICHIGAN","2680380",1,50,51,0,51,1
"8173","2021-2022","MICHIGAN","2680400",21,299,320,0,320,1
"8174","2021-2022","MICHIGAN","2680420",0,39,39,0,39,1
"8175","2021-2022","MICHIGAN","2680440",7,128,135,0,135,1
"8176","2021-2022","MICHIGAN","2680460",12,68,80,0,80,1
"8177","2021-2022","MICHIGAN","2680480",4,30,34,0,34,1
"8178","2021-2022","MICHIGAN","2680500",8,17,25,0,25,1
"8179","2021-2022","MICHIGAN","2680504",3,60,63,0,63,1
"8180","2021-2022","MICHIGAN","2680505",2,47,49,0,49,1
"8181","2021-2022","MICHIGAN","2680520",6,79,85,0,85,1
"8182","2021-2022","MICHIGAN","2680540",1,49,50,0,50,1
"8183","2021-2022","MICHIGAN","2680560",0,37,37,0,37,1
"8184","2021-2022","MICHIGAN","2680580",20,233,253,0,253,1
"8185","2021-2022","MICHIGAN","2680600",10,192,202,0,202,1
"8186","2021-2022","MICHIGAN","2680620",1,227,228,0,228,1
"8187","2021-2022","MICHIGAN","2680660",3,19,22,0,22,1
"8188","2021-2022","MICHIGAN","2680680",2,78,80,0,80,1
"8189","2021-2022","MICHIGAN","2680700",3,36,39,0,39,1
"8190","2021-2022","MICHIGAN","2680720",36,548,584,0,584,1
"8191","2021-2022","MICHIGAN","2680740",4,25,29,0,29,1
"8192","2021-2022","MICHIGAN","2680750",0,11,11,0,11,1
"8193","2021-2022","MICHIGAN","2680755",3,62,65,0,65,1
"8194","2021-2022","MICHIGAN","2680770",1,76,77,0,77,1
"8195","2021-2022","MICHIGAN","2680790",1,3,4,0,4,1
"8196","2021-2022","MICHIGAN","2680800",2,69,71,0,71,1
"8197","2021-2022","MICHIGAN","2680820",4,147,151,0,151,1
"8198","2021-2022","MICHIGAN","2680830",6,158,164,0,164,1
"8199","2021-2022","MICHIGAN","2680850",4,100,104,0,104,1
"8200","2021-2022","MICHIGAN","2680860",1,13,14,0,14,1
"8201","2021-2022","MICHIGAN","2680880",46,526,572,0,572,1
"8202","2021-2022","MICHIGAN","2680900",3,81,84,0,84,1
"8203","2021-2022","MICHIGAN","2680920",2,24,26,0,26,1
"8204","2021-2022","MICHIGAN","2680930",21,193,214,0,214,1
"8205","2021-2022","MICHIGAN","2680940",5,78,83,0,83,1
"8206","2021-2022","MICHIGAN","2680960",0,56,56,0,56,1
"8207","2021-2022","MICHIGAN","2680965",2,29,31,0,31,1
"8208","2021-2022","MICHIGAN","2680975",7,123,130,0,130,1
"8209","2021-2022","MICHIGAN","2680980",5,68,73,0,73,1
"8210","2021-2022","MICHIGAN","2680985",5,66,71,0,71,1
"8211","2021-2022","MICHIGAN","2680990",25,426,451,0,451,1
"8212","2021-2022","MINNESOTA","2700001",51,171,222,0,222,1
"8213","2021-2022","MINNESOTA","2700005",57,235,292,0,292,1
"8214","2021-2022","MINNESOTA","2700006",51,163,214,0,214,1
"8215","2021-2022","MINNESOTA","2700007",35,79,114,0,114,1
"8216","2021-2022","MINNESOTA","2700008",151,571,722,0,722,1
"8217","2021-2022","MINNESOTA","2700013",41,103,144,0,144,1
"8218","2021-2022","MINNESOTA","2700014",11,73,84,0,84,1
"8219","2021-2022","MINNESOTA","2700015",3,26,29,0,29,1
"8220","2021-2022","MINNESOTA","2700016",2,31,33,0,33,1
"8221","2021-2022","MINNESOTA","2700017",112,355,467,0,467,1
"8222","2021-2022","MINNESOTA","2700019",70,252,322,0,322,1
"8223","2021-2022","MINNESOTA","2700022",119,279,398,0,398,1
"8224","2021-2022","MINNESOTA","2700023",22,134,156,0,156,1
"8225","2021-2022","MINNESOTA","2700024",52,113,165,0,165,1
"8226","2021-2022","MINNESOTA","2700025",35,308,343,0,343,1
"8227","2021-2022","MINNESOTA","2700026",18,180,198,0,198,1
"8228","2021-2022","MINNESOTA","2700028",10,52,62,0,62,1
"8229","2021-2022","MINNESOTA","2700031",0,0,0,0,0,NA
"8230","2021-2022","MINNESOTA","2700034",0,0,0,0,0,NA
"8231","2021-2022","MINNESOTA","2700036",9,16,25,0,25,1
"8232","2021-2022","MINNESOTA","2700038",0,0,0,0,0,NA
"8233","2021-2022","MINNESOTA","2700039",0,0,0,0,0,NA
"8234","2021-2022","MINNESOTA","2700040",3,25,28,0,28,1
"8235","2021-2022","MINNESOTA","2700041",0,3,3,0,3,1
"8236","2021-2022","MINNESOTA","2700043",0,3,3,0,3,1
"8237","2021-2022","MINNESOTA","2700045",6,14,20,0,20,1
"8238","2021-2022","MINNESOTA","2700046",12,54,66,0,66,1
"8239","2021-2022","MINNESOTA","2700051",0,6,6,0,6,1
"8240","2021-2022","MINNESOTA","2700054",6,72,78,0,78,1
"8241","2021-2022","MINNESOTA","2700055",2,29,31,0,31,1
"8242","2021-2022","MINNESOTA","2700058",7,49,56,0,56,1
"8243","2021-2022","MINNESOTA","2700063",3,16,19,0,19,1
"8244","2021-2022","MINNESOTA","2700071",0,38,38,0,38,1
"8245","2021-2022","MINNESOTA","2700073",2,21,23,0,23,1
"8246","2021-2022","MINNESOTA","2700083",2,14,16,0,16,1
"8247","2021-2022","MINNESOTA","2700084",0,0,0,0,0,NA
"8248","2021-2022","MINNESOTA","2700086",8,106,114,0,114,1
"8249","2021-2022","MINNESOTA","2700088",63,86,149,0,149,1
"8250","2021-2022","MINNESOTA","2700089",61,144,205,0,205,1
"8251","2021-2022","MINNESOTA","2700090",66,138,204,0,204,1
"8252","2021-2022","MINNESOTA","2700091",59,152,211,0,211,1
"8253","2021-2022","MINNESOTA","2700092",10,25,35,0,35,1
"8254","2021-2022","MINNESOTA","2700093",25,61,86,0,86,1
"8255","2021-2022","MINNESOTA","2700096",144,433,577,0,577,1
"8256","2021-2022","MINNESOTA","2700099",47,170,217,0,217,1
"8257","2021-2022","MINNESOTA","2700100",46,77,123,0,123,1
"8258","2021-2022","MINNESOTA","2700101",38,65,103,0,103,1
"8259","2021-2022","MINNESOTA","2700102",52,225,277,0,277,1
"8260","2021-2022","MINNESOTA","2700103",53,141,194,0,194,1
"8261","2021-2022","MINNESOTA","2700104",40,168,208,0,208,1
"8262","2021-2022","MINNESOTA","2700105",20,147,167,0,167,1
"8263","2021-2022","MINNESOTA","2700106",135,281,416,0,416,1
"8264","2021-2022","MINNESOTA","2700107",5,16,21,0,21,1
"8265","2021-2022","MINNESOTA","2700108",102,341,443,0,443,1
"8266","2021-2022","MINNESOTA","2700109",200,333,533,0,533,1
"8267","2021-2022","MINNESOTA","2700110",51,88,139,0,139,1
"8268","2021-2022","MINNESOTA","2700115",99,567,666,0,666,1
"8269","2021-2022","MINNESOTA","2700116",6,20,26,0,26,1
"8270","2021-2022","MINNESOTA","2700117",330,2227,2557,0,2557,1
"8271","2021-2022","MINNESOTA","2700118",78,241,319,0,319,1
"8272","2021-2022","MINNESOTA","2700123",69,179,248,0,248,1
"8273","2021-2022","MINNESOTA","2700124",211,616,827,0,827,1
"8274","2021-2022","MINNESOTA","2700125",89,293,382,0,382,1
"8275","2021-2022","MINNESOTA","2700127",36,42,78,0,78,1
"8276","2021-2022","MINNESOTA","2700128",115,277,392,0,392,1
"8277","2021-2022","MINNESOTA","2700129",6,71,77,0,77,1
"8278","2021-2022","MINNESOTA","2700130",114,332,446,0,446,1
"8279","2021-2022","MINNESOTA","2700132",35,90,125,0,125,1
"8280","2021-2022","MINNESOTA","2700133",49,286,335,0,335,1
"8281","2021-2022","MINNESOTA","2700138",11,69,80,0,80,1
"8282","2021-2022","MINNESOTA","2700139",0,30,30,0,30,1
"8283","2021-2022","MINNESOTA","2700140",17,975,992,0,992,1
"8284","2021-2022","MINNESOTA","2700142",62,344,406,0,406,1
"8285","2021-2022","MINNESOTA","2700148",12,44,56,0,56,1
"8286","2021-2022","MINNESOTA","2700150",21,90,111,0,111,1
"8287","2021-2022","MINNESOTA","2700152",0,57,57,0,57,1
"8288","2021-2022","MINNESOTA","2700156",17,135,152,0,152,1
"8289","2021-2022","MINNESOTA","2700157",10,63,73,0,73,1
"8290","2021-2022","MINNESOTA","2700159",12,222,234,0,234,1
"8291","2021-2022","MINNESOTA","2700160",21,235,256,0,256,1
"8292","2021-2022","MINNESOTA","2700162",52,148,200,0,200,1
"8293","2021-2022","MINNESOTA","2700163",30,173,203,0,203,1
"8294","2021-2022","MINNESOTA","2700167",11,12,23,0,23,1
"8295","2021-2022","MINNESOTA","2700173",11,31,42,0,42,1
"8296","2021-2022","MINNESOTA","2700174",3,16,19,0,19,1
"8297","2021-2022","MINNESOTA","2700177",23,81,104,0,104,1
"8298","2021-2022","MINNESOTA","2700178",3,18,21,0,21,1
"8299","2021-2022","MINNESOTA","2700179",0,12,12,0,12,1
"8300","2021-2022","MINNESOTA","2700180",2,35,37,0,37,1
"8301","2021-2022","MINNESOTA","2700181",16,59,75,0,75,1
"8302","2021-2022","MINNESOTA","2700182",77,294,371,0,371,1
"8303","2021-2022","MINNESOTA","2700183",52,180,232,0,232,1
"8304","2021-2022","MINNESOTA","2700184",66,295,361,0,361,1
"8305","2021-2022","MINNESOTA","2700185",68,386,454,0,454,1
"8306","2021-2022","MINNESOTA","2700186",57,150,207,0,207,1
"8307","2021-2022","MINNESOTA","2700187",2,39,41,0,41,1
"8308","2021-2022","MINNESOTA","2700189",15,940,955,0,955,1
"8309","2021-2022","MINNESOTA","2700190",27,256,283,0,283,1
"8310","2021-2022","MINNESOTA","2700191",3,36,39,0,39,1
"8311","2021-2022","MINNESOTA","2700192",7,21,28,0,28,1
"8312","2021-2022","MINNESOTA","2700193",54,141,195,0,195,1
"8313","2021-2022","MINNESOTA","2700194",6,8,14,0,14,1
"8314","2021-2022","MINNESOTA","2700208",25,37,62,0,62,1
"8315","2021-2022","MINNESOTA","2700209",2,46,48,0,48,1
"8316","2021-2022","MINNESOTA","2700211",4,26,30,0,30,1
"8317","2021-2022","MINNESOTA","2700212",0,7,7,0,7,1
"8318","2021-2022","MINNESOTA","2700213",3,19,22,0,22,1
"8319","2021-2022","MINNESOTA","2700214",14,48,62,0,62,1
"8320","2021-2022","MINNESOTA","2700218",20,110,130,0,130,1
"8321","2021-2022","MINNESOTA","2700220",108,239,347,0,347,1
"8322","2021-2022","MINNESOTA","2700221",18,59,77,0,77,1
"8323","2021-2022","MINNESOTA","2700224",4,97,101,0,101,1
"8324","2021-2022","MINNESOTA","2700225",28,31,59,0,59,1
"8325","2021-2022","MINNESOTA","2700226",0,29,29,0,29,1
"8326","2021-2022","MINNESOTA","2700230",47,463,510,0,510,1
"8327","2021-2022","MINNESOTA","2700231",71,196,267,0,267,1
"8328","2021-2022","MINNESOTA","2700235",1,29,30,0,30,1
"8329","2021-2022","MINNESOTA","2700237",108,268,376,0,376,1
"8330","2021-2022","MINNESOTA","2700238",0,0,0,0,0,NA
"8331","2021-2022","MINNESOTA","2700240",138,404,542,0,542,1
"8332","2021-2022","MINNESOTA","2700241",10,56,66,0,66,1
"8333","2021-2022","MINNESOTA","2700245",0,816,816,0,816,1
"8334","2021-2022","MINNESOTA","2700246",76,207,283,0,283,1
"8335","2021-2022","MINNESOTA","2700247",20,406,426,0,426,1
"8336","2021-2022","MINNESOTA","2700249",3,16,19,0,19,1
"8337","2021-2022","MINNESOTA","2700252",4,358,362,0,362,1
"8338","2021-2022","MINNESOTA","2700253",77,469,546,0,546,1
"8339","2021-2022","MINNESOTA","2700254",0,5,5,0,5,1
"8340","2021-2022","MINNESOTA","2700255",3,5,8,0,8,1
"8341","2021-2022","MINNESOTA","2700256",8,61,69,0,69,1
"8342","2021-2022","MINNESOTA","2700260",0,22,22,0,22,1
"8343","2021-2022","MINNESOTA","2700261",1,18,19,0,19,1
"8344","2021-2022","MINNESOTA","2700262",14,28,42,0,42,1
"8345","2021-2022","MINNESOTA","2700263",0,393,393,0,393,1
"8346","2021-2022","MINNESOTA","2700272",0,0,0,0,0,NA
"8347","2021-2022","MINNESOTA","2700273",2,125,127,0,127,1
"8348","2021-2022","MINNESOTA","2700275",5,105,110,0,110,1
"8349","2021-2022","MINNESOTA","2700276",16,53,69,0,69,1
"8350","2021-2022","MINNESOTA","2700277",31,88,119,0,119,1
"8351","2021-2022","MINNESOTA","2700278",12,43,55,0,55,1
"8352","2021-2022","MINNESOTA","2700281",17,46,63,0,63,1
"8353","2021-2022","MINNESOTA","2700284",98,161,259,0,259,1
"8354","2021-2022","MINNESOTA","2700287",88,242,330,0,330,1
"8355","2021-2022","MINNESOTA","2700288",231,970,1201,0,1201,1
"8356","2021-2022","MINNESOTA","2700289",23,245,268,0,268,1
"8357","2021-2022","MINNESOTA","2700290",11,9,20,0,20,1
"8358","2021-2022","MINNESOTA","2700291",4,89,93,0,93,1
"8359","2021-2022","MINNESOTA","2700292",2,12,14,0,14,1
"8360","2021-2022","MINNESOTA","2700293",7,26,33,0,33,1
"8361","2021-2022","MINNESOTA","2700294",60,104,164,0,164,1
"8362","2021-2022","MINNESOTA","2700295",137,346,483,0,483,1
"8363","2021-2022","MINNESOTA","2700296",8,26,34,0,34,1
"8364","2021-2022","MINNESOTA","2700299",3,105,108,0,108,1
"8365","2021-2022","MINNESOTA","2700304",222,988,1210,0,1210,1
"8366","2021-2022","MINNESOTA","2700308",26,508,534,0,534,1
"8367","2021-2022","MINNESOTA","2700309",17,560,577,0,577,1
"8368","2021-2022","MINNESOTA","2700311",14,69,83,0,83,1
"8369","2021-2022","MINNESOTA","2700312",0,0,0,0,0,NA
"8370","2021-2022","MINNESOTA","2700313",54,306,360,0,360,1
"8371","2021-2022","MINNESOTA","2700315",18,49,67,0,67,1
"8372","2021-2022","MINNESOTA","2700316",2,30,32,0,32,1
"8373","2021-2022","MINNESOTA","2700318",8,36,44,0,44,1
"8374","2021-2022","MINNESOTA","2700319",8,51,59,0,59,1
"8375","2021-2022","MINNESOTA","2700320",46,88,134,0,134,1
"8376","2021-2022","MINNESOTA","2700321",0,21,21,0,21,1
"8377","2021-2022","MINNESOTA","2700324",23,85,108,0,108,1
"8378","2021-2022","MINNESOTA","2700325",18,126,144,0,144,1
"8379","2021-2022","MINNESOTA","2700326",46,192,238,0,238,1
"8380","2021-2022","MINNESOTA","2700327",11,31,42,0,42,1
"8381","2021-2022","MINNESOTA","2700328",21,108,129,0,129,1
"8382","2021-2022","MINNESOTA","2700333",123,246,369,0,369,1
"8383","2021-2022","MINNESOTA","2700335",18,335,353,0,353,1
"8384","2021-2022","MINNESOTA","2700337",19,64,83,0,83,1
"8385","2021-2022","MINNESOTA","2700339",9,22,31,0,31,1
"8386","2021-2022","MINNESOTA","2700341",0,326,326,0,326,1
"8387","2021-2022","MINNESOTA","2700342",385,1557,1942,0,1942,1
"8388","2021-2022","MINNESOTA","2700343",17,136,153,0,153,1
"8389","2021-2022","MINNESOTA","2700344",20,59,79,0,79,1
"8390","2021-2022","MINNESOTA","2700345",29,101,130,0,130,1
"8391","2021-2022","MINNESOTA","2700346",10,61,71,0,71,1
"8392","2021-2022","MINNESOTA","2700349",1,24,25,0,25,1
"8393","2021-2022","MINNESOTA","2700350",0,82,82,0,82,1
"8394","2021-2022","MINNESOTA","2700351",9,26,35,0,35,1
"8395","2021-2022","MINNESOTA","2700352",8,37,45,0,45,1
"8396","2021-2022","MINNESOTA","2700353",0,480,480,0,480,1
"8397","2021-2022","MINNESOTA","2700354",16,95,111,0,111,1
"8398","2021-2022","MINNESOTA","2700355",3,23,26,0,26,1
"8399","2021-2022","MINNESOTA","2700358",19,81,100,0,100,1
"8400","2021-2022","MINNESOTA","2700360",20,75,95,0,95,1
"8401","2021-2022","MINNESOTA","2700361",0,41,41,0,41,1
"8402","2021-2022","MINNESOTA","2700362",18,45,63,0,63,1
"8403","2021-2022","MINNESOTA","2700363",8,276,284,0,284,1
"8404","2021-2022","MINNESOTA","2700364",46,180,226,0,226,1
"8405","2021-2022","MINNESOTA","2700366",42,102,144,0,144,1
"8406","2021-2022","MINNESOTA","2700367",0,366,366,0,366,1
"8407","2021-2022","MINNESOTA","2700368",2,34,36,0,36,1
"8408","2021-2022","MINNESOTA","2700369",13,41,54,0,54,1
"8409","2021-2022","MINNESOTA","2700370",11,113,124,0,124,1
"8410","2021-2022","MINNESOTA","2700372",2,17,19,0,19,1
"8411","2021-2022","MINNESOTA","2700376",3,38,41,0,41,1
"8412","2021-2022","MINNESOTA","2700378",14,66,80,0,80,1
"8413","2021-2022","MINNESOTA","2700379",282,378,660,0,660,1
"8414","2021-2022","MINNESOTA","2700380",76,608,684,0,684,1
"8415","2021-2022","MINNESOTA","2700382",21,87,108,0,108,1
"8416","2021-2022","MINNESOTA","2700383",67,149,216,0,216,1
"8417","2021-2022","MINNESOTA","2700384",6,288,294,0,294,1
"8418","2021-2022","MINNESOTA","2700385",55,81,136,0,136,1
"8419","2021-2022","MINNESOTA","2700386",11,264,275,0,275,1
"8420","2021-2022","MINNESOTA","2700388",91,177,268,0,268,1
"8421","2021-2022","MINNESOTA","2700389",3,72,75,0,75,1
"8422","2021-2022","MINNESOTA","2700390",4,135,139,0,139,1
"8423","2021-2022","MINNESOTA","2700391",12,62,74,0,74,1
"8424","2021-2022","MINNESOTA","2700393",0,427,427,0,427,1
"8425","2021-2022","MINNESOTA","2700394",18,37,55,0,55,1
"8426","2021-2022","MINNESOTA","2700395",0,194,194,0,194,1
"8427","2021-2022","MINNESOTA","2700396",2,95,97,0,97,1
"8428","2021-2022","MINNESOTA","2700397",29,63,92,0,92,1
"8429","2021-2022","MINNESOTA","2700398",34,238,272,0,272,1
"8430","2021-2022","MINNESOTA","2700399",2,432,434,0,434,1
"8431","2021-2022","MINNESOTA","2700401",0,68,68,0,68,1
"8432","2021-2022","MINNESOTA","2700402",9,93,102,0,102,1
"8433","2021-2022","MINNESOTA","2700403",0,11,11,0,11,1
"8434","2021-2022","MINNESOTA","2700404",20,247,267,0,267,1
"8435","2021-2022","MINNESOTA","2700406",15,98,113,0,113,1
"8436","2021-2022","MINNESOTA","2700408",9,55,64,0,64,1
"8437","2021-2022","MINNESOTA","2700410",14,354,368,0,368,1
"8438","2021-2022","MINNESOTA","2700412",9,30,39,0,39,1
"8439","2021-2022","MINNESOTA","2700413",2,17,19,0,19,1
"8440","2021-2022","MINNESOTA","2700415",8,215,223,0,223,1
"8441","2021-2022","MINNESOTA","2700420",2,100,102,0,102,1
"8442","2021-2022","MINNESOTA","2700423",30,119,149,0,149,1
"8443","2021-2022","MINNESOTA","2700424",7,35,42,0,42,1
"8444","2021-2022","MINNESOTA","2700425",24,53,77,0,77,1
"8445","2021-2022","MINNESOTA","2700426",3,28,31,0,31,1
"8446","2021-2022","MINNESOTA","2700429",7,43,50,0,50,1
"8447","2021-2022","MINNESOTA","2700430",31,380,411,0,411,1
"8448","2021-2022","MINNESOTA","2700433",2,210,212,0,212,1
"8449","2021-2022","MINNESOTA","2700437",0,11,11,0,11,1
"8450","2021-2022","MINNESOTA","2700438",9,78,87,0,87,1
"8451","2021-2022","MINNESOTA","2700439",0,251,251,0,251,1
"8452","2021-2022","MINNESOTA","2700442",0,12,12,0,12,1
"8453","2021-2022","MINNESOTA","2700444",9,49,58,0,58,1
"8454","2021-2022","MINNESOTA","2700445",0,224,224,0,224,1
"8455","2021-2022","MINNESOTA","2700446",0,4,4,0,4,1
"8456","2021-2022","MINNESOTA","2700449",2,18,20,0,20,1
"8457","2021-2022","MINNESOTA","2700450",2,57,59,0,59,1
"8458","2021-2022","MINNESOTA","2700451",0,104,104,0,104,1
"8459","2021-2022","MINNESOTA","2700453",3,45,48,0,48,1
"8460","2021-2022","MINNESOTA","2700454",5,17,22,0,22,1
"8461","2021-2022","MINNESOTA","2700455",15,33,48,0,48,1
"8462","2021-2022","MINNESOTA","2700456",3,9,12,0,12,1
"8463","2021-2022","MINNESOTA","2700458",1,22,23,0,23,1
"8464","2021-2022","MINNESOTA","2700459",0,6,6,0,6,1
"8465","2021-2022","MINNESOTA","2700460",5,79,84,0,84,1
"8466","2021-2022","MINNESOTA","2700461",1,25,26,0,26,1
"8467","2021-2022","MINNESOTA","2700462",10,24,34,0,34,1
"8468","2021-2022","MINNESOTA","2700464",11,47,58,0,58,1
"8469","2021-2022","MINNESOTA","2700465",3,56,59,0,59,1
"8470","2021-2022","MINNESOTA","2700466",148,592,740,0,740,1
"8471","2021-2022","MINNESOTA","2700467",10,60,70,0,70,1
"8472","2021-2022","MINNESOTA","2700468",0,3,3,0,3,1
"8473","2021-2022","MINNESOTA","2700469",1,112,113,0,113,1
"8474","2021-2022","MINNESOTA","2700471",0,12,12,0,12,1
"8475","2021-2022","MINNESOTA","2700473",0,3,3,0,3,1
"8476","2021-2022","MINNESOTA","2700474",17,21,38,0,38,1
"8477","2021-2022","MINNESOTA","2700479",0,0,0,0,0,NA
"8478","2021-2022","MINNESOTA","2700480",73,191,264,0,264,1
"8479","2021-2022","MINNESOTA","2702264",27,260,287,0,287,1
"8480","2021-2022","MINNESOTA","2702640",41,59,100,0,100,1
"8481","2021-2022","MINNESOTA","2702720",41,60,101,0,101,1
"8482","2021-2022","MINNESOTA","2702730",64,89,153,0,153,1
"8483","2021-2022","MINNESOTA","2702760",61,255,316,0,316,1
"8484","2021-2022","MINNESOTA","2702910",24,289,313,0,313,1
"8485","2021-2022","MINNESOTA","2702930",99,159,258,0,258,1
"8486","2021-2022","MINNESOTA","2702970",322,1431,1753,0,1753,1
"8487","2021-2022","MINNESOTA","2703030",15,70,85,0,85,1
"8488","2021-2022","MINNESOTA","2703060",199,642,841,0,841,1
"8489","2021-2022","MINNESOTA","2703150",54,196,250,0,250,1
"8490","2021-2022","MINNESOTA","2703180",2500,8570,11070,0,11070,1
"8491","2021-2022","MINNESOTA","2703300",22,56,78,0,78,1
"8492","2021-2022","MINNESOTA","2703450",493,2138,2631,0,2631,1
"8493","2021-2022","MINNESOTA","2703540",17,48,65,0,65,1
"8494","2021-2022","MINNESOTA","2703570",112,323,435,0,435,1
"8495","2021-2022","MINNESOTA","2703660",36,90,126,0,126,1
"8496","2021-2022","MINNESOTA","2703690",65,112,177,0,177,1
"8497","2021-2022","MINNESOTA","2703750",39,83,122,0,122,1
"8498","2021-2022","MINNESOTA","2703870",126,276,402,0,402,1
"8499","2021-2022","MINNESOTA","2704050",65,165,230,0,230,1
"8500","2021-2022","MINNESOTA","2704440",285,1341,1626,0,1626,1
"8501","2021-2022","MINNESOTA","2704470",79,225,304,0,304,1
"8502","2021-2022","MINNESOTA","2705430",42,171,213,0,213,1
"8503","2021-2022","MINNESOTA","2705460",182,423,605,0,605,1
"8504","2021-2022","MINNESOTA","2705660",65,152,217,0,217,1
"8505","2021-2022","MINNESOTA","2705730",84,239,323,0,323,1
"8506","2021-2022","MINNESOTA","2705760",87,151,238,0,238,1
"8507","2021-2022","MINNESOTA","2705790",835,3202,4037,0,4037,1
"8508","2021-2022","MINNESOTA","2705850",8,29,37,0,37,1
"8509","2021-2022","MINNESOTA","2706060",26,152,178,0,178,1
"8510","2021-2022","MINNESOTA","2706090",487,1455,1942,0,1942,1
"8511","2021-2022","MINNESOTA","2706150",40,181,221,0,221,1
"8512","2021-2022","MINNESOTA","2706240",289,1253,1542,0,1542,1
"8513","2021-2022","MINNESOTA","2706300",89,146,235,0,235,1
"8514","2021-2022","MINNESOTA","2707110",20,87,107,0,107,1
"8515","2021-2022","MINNESOTA","2707200",258,612,870,0,870,1
"8516","2021-2022","MINNESOTA","2707290",678,3090,3768,0,3768,1
"8517","2021-2022","MINNESOTA","2707320",49,100,149,0,149,1
"8518","2021-2022","MINNESOTA","2707350",44,182,226,0,226,1
"8519","2021-2022","MINNESOTA","2707380",28,109,137,0,137,1
"8520","2021-2022","MINNESOTA","2707410",286,791,1077,0,1077,1
"8521","2021-2022","MINNESOTA","2707450",12,43,55,0,55,1
"8522","2021-2022","MINNESOTA","2707470",47,156,203,0,203,1
"8523","2021-2022","MINNESOTA","2707500",67,115,182,0,182,1
"8524","2021-2022","MINNESOTA","2707590",22,83,105,0,105,1
"8525","2021-2022","MINNESOTA","2708070",86,752,838,0,838,1
"8526","2021-2022","MINNESOTA","2708100",217,792,1009,0,1009,1
"8527","2021-2022","MINNESOTA","2708190",284,1025,1309,0,1309,1
"8528","2021-2022","MINNESOTA","2708220",23,94,117,0,117,1
"8529","2021-2022","MINNESOTA","2708910",58,237,295,0,295,1
"8530","2021-2022","MINNESOTA","2708940",15,38,53,0,53,1
"8531","2021-2022","MINNESOTA","2708955",0,104,104,0,104,1
"8532","2021-2022","MINNESOTA","2709330",17,58,75,0,75,1
"8533","2021-2022","MINNESOTA","2709360",15,100,115,0,115,1
"8534","2021-2022","MINNESOTA","2709420",190,817,1007,0,1007,1
"8535","2021-2022","MINNESOTA","2709440",146,340,486,0,486,1
"8536","2021-2022","MINNESOTA","2709480",66,359,425,0,425,1
"8537","2021-2022","MINNESOTA","2709510",419,1692,2111,0,2111,1
"8538","2021-2022","MINNESOTA","2709540",26,23,49,0,49,1
"8539","2021-2022","MINNESOTA","2709690",22,34,56,0,56,1
"8540","2021-2022","MINNESOTA","2709720",80,503,583,0,583,1
"8541","2021-2022","MINNESOTA","2709750",49,230,279,0,279,1
"8542","2021-2022","MINNESOTA","2710060",50,236,286,0,286,1
"8543","2021-2022","MINNESOTA","2710090",61,111,172,0,172,1
"8544","2021-2022","MINNESOTA","2710140",56,486,542,0,542,1
"8545","2021-2022","MINNESOTA","2710170",45,85,130,0,130,1
"8546","2021-2022","MINNESOTA","2710230",207,663,870,0,870,1
"8547","2021-2022","MINNESOTA","2710260",38,281,319,0,319,1
"8548","2021-2022","MINNESOTA","2711010",55,115,170,0,170,1
"8549","2021-2022","MINNESOTA","2711040",367,2248,2615,0,2615,1
"8550","2021-2022","MINNESOTA","2711085",44,284,328,0,328,1
"8551","2021-2022","MINNESOTA","2711130",53,531,584,0,584,1
"8552","2021-2022","MINNESOTA","2711190",57,151,208,0,208,1
"8553","2021-2022","MINNESOTA","2711220",74,118,192,0,192,1
"8554","2021-2022","MINNESOTA","2711250",114,879,993,0,993,1
"8555","2021-2022","MINNESOTA","2711370",308,1234,1542,0,1542,1
"8556","2021-2022","MINNESOTA","2711460",18,41,59,0,59,1
"8557","2021-2022","MINNESOTA","2711520",24,82,106,0,106,1
"8558","2021-2022","MINNESOTA","2711670",72,339,411,0,411,1
"8559","2021-2022","MINNESOTA","2711760",335,1694,2029,0,2029,1
"8560","2021-2022","MINNESOTA","2711820",280,678,958,0,958,1
"8561","2021-2022","MINNESOTA","2711880",172,652,824,0,824,1
"8562","2021-2022","MINNESOTA","2711910",28,90,118,0,118,1
"8563","2021-2022","MINNESOTA","2712180",13,70,83,0,83,1
"8564","2021-2022","MINNESOTA","2712210",9,43,52,0,52,1
"8565","2021-2022","MINNESOTA","2712240",110,248,358,0,358,1
"8566","2021-2022","MINNESOTA","2712270",216,825,1041,0,1041,1
"8567","2021-2022","MINNESOTA","2712300",57,169,226,0,226,1
"8568","2021-2022","MINNESOTA","2712360",64,195,259,0,259,1
"8569","2021-2022","MINNESOTA","2712420",411,1365,1776,0,1776,1
"8570","2021-2022","MINNESOTA","2712480",19,126,145,0,145,1
"8571","2021-2022","MINNESOTA","2712580",50,151,201,0,201,1
"8572","2021-2022","MINNESOTA","2712900",20,60,80,0,80,1
"8573","2021-2022","MINNESOTA","2713020",58,58,116,0,116,1
"8574","2021-2022","MINNESOTA","2713040",29,102,131,0,131,1
"8575","2021-2022","MINNESOTA","2713110",19,93,112,0,112,1
"8576","2021-2022","MINNESOTA","2713140",10,63,73,0,73,1
"8577","2021-2022","MINNESOTA","2713170",301,997,1298,0,1298,1
"8578","2021-2022","MINNESOTA","2713380",21,60,81,0,81,1
"8579","2021-2022","MINNESOTA","2713530",88,553,641,0,641,1
"8580","2021-2022","MINNESOTA","2713560",12,56,68,0,68,1
"8581","2021-2022","MINNESOTA","2713590",32,151,183,0,183,1
"8582","2021-2022","MINNESOTA","2713680",17,33,50,0,50,1
"8583","2021-2022","MINNESOTA","2713860",31,86,117,0,117,1
"8584","2021-2022","MINNESOTA","2713890",10,30,40,0,40,1
"8585","2021-2022","MINNESOTA","2713920",40,172,212,0,212,1
"8586","2021-2022","MINNESOTA","2713930",45,93,138,0,138,1
"8587","2021-2022","MINNESOTA","2713980",126,658,784,0,784,1
"8588","2021-2022","MINNESOTA","2714010",17,89,106,0,106,1
"8589","2021-2022","MINNESOTA","2714040",14,50,64,0,64,1
"8590","2021-2022","MINNESOTA","2714070",91,446,537,0,537,1
"8591","2021-2022","MINNESOTA","2714190",31,133,164,0,164,1
"8592","2021-2022","MINNESOTA","2714220",207,1392,1599,0,1599,1
"8593","2021-2022","MINNESOTA","2714260",295,1843,2138,0,2138,1
"8594","2021-2022","MINNESOTA","2714280",122,565,687,0,687,1
"8595","2021-2022","MINNESOTA","2714970",160,470,630,0,630,1
"8596","2021-2022","MINNESOTA","2715000",36,214,250,0,250,1
"8597","2021-2022","MINNESOTA","2715030",311,1027,1338,0,1338,1
"8598","2021-2022","MINNESOTA","2715510",57,168,225,0,225,1
"8599","2021-2022","MINNESOTA","2715540",10,7,17,0,17,1
"8600","2021-2022","MINNESOTA","2715750",68,250,318,0,318,1
"8601","2021-2022","MINNESOTA","2716980",37,201,238,0,238,1
"8602","2021-2022","MINNESOTA","2717010",38,134,172,0,172,1
"8603","2021-2022","MINNESOTA","2717100",21,103,124,0,124,1
"8604","2021-2022","MINNESOTA","2717120",77,148,225,0,225,1
"8605","2021-2022","MINNESOTA","2717220",24,56,80,0,80,1
"8606","2021-2022","MINNESOTA","2717250",34,132,166,0,166,1
"8607","2021-2022","MINNESOTA","2717460",10,25,35,0,35,1
"8608","2021-2022","MINNESOTA","2717520",60,191,251,0,251,1
"8609","2021-2022","MINNESOTA","2717570",24,80,104,0,104,1
"8610","2021-2022","MINNESOTA","2717780",338,1047,1385,0,1385,1
"8611","2021-2022","MINNESOTA","2717880",12,37,49,0,49,1
"8612","2021-2022","MINNESOTA","2717910",24,59,83,0,83,1
"8613","2021-2022","MINNESOTA","2717940",28,133,161,0,161,1
"8614","2021-2022","MINNESOTA","2718060",9,39,48,0,48,1
"8615","2021-2022","MINNESOTA","2718070",74,177,251,0,251,1
"8616","2021-2022","MINNESOTA","2718090",24,137,161,0,161,1
"8617","2021-2022","MINNESOTA","2718210",144,331,475,0,475,1
"8618","2021-2022","MINNESOTA","2718240",242,702,944,0,944,1
"8619","2021-2022","MINNESOTA","2718270",4,89,93,0,93,1
"8620","2021-2022","MINNESOTA","2718330",65,156,221,0,221,1
"8621","2021-2022","MINNESOTA","2718360",42,126,168,0,168,1
"8622","2021-2022","MINNESOTA","2718390",23,68,91,0,91,1
"8623","2021-2022","MINNESOTA","2718540",12,29,41,0,41,1
"8624","2021-2022","MINNESOTA","2718570",55,174,229,0,229,1
"8625","2021-2022","MINNESOTA","2718660",60,410,470,0,470,1
"8626","2021-2022","MINNESOTA","2718750",53,205,258,0,258,1
"8627","2021-2022","MINNESOTA","2718780",402,2163,2565,0,2565,1
"8628","2021-2022","MINNESOTA","2718810",43,91,134,0,134,1
"8629","2021-2022","MINNESOTA","2718920",22,21,43,0,43,1
"8630","2021-2022","MINNESOTA","2718940",205,927,1132,0,1132,1
"8631","2021-2022","MINNESOTA","2718960",69,164,233,0,233,1
"8632","2021-2022","MINNESOTA","2719170",19,146,165,0,165,1
"8633","2021-2022","MINNESOTA","2719320",56,204,260,0,260,1
"8634","2021-2022","MINNESOTA","2720550",71,252,323,0,323,1
"8635","2021-2022","MINNESOTA","2720580",208,222,430,0,430,1
"8636","2021-2022","MINNESOTA","2720670",193,439,632,0,632,1
"8637","2021-2022","MINNESOTA","2721210",10,12,22,0,22,1
"8638","2021-2022","MINNESOTA","2721240",1432,12619,14051,0,14051,1
"8639","2021-2022","MINNESOTA","2721270",18,64,82,0,82,1
"8640","2021-2022","MINNESOTA","2721320",170,368,538,0,538,1
"8641","2021-2022","MINNESOTA","2721390",218,577,795,0,795,1
"8642","2021-2022","MINNESOTA","2721420",309,2403,2712,0,2712,1
"8643","2021-2022","MINNESOTA","2721450",27,89,116,0,116,1
"8644","2021-2022","MINNESOTA","2721480",138,398,536,0,536,1
"8645","2021-2022","MINNESOTA","2722920",73,210,283,0,283,1
"8646","2021-2022","MINNESOTA","2722950",674,2324,2998,0,2998,1
"8647","2021-2022","MINNESOTA","2723010",61,199,260,0,260,1
"8648","2021-2022","MINNESOTA","2723310",47,191,238,0,238,1
"8649","2021-2022","MINNESOTA","2723370",66,140,206,0,206,1
"8650","2021-2022","MINNESOTA","2723380",3,51,54,0,54,1
"8651","2021-2022","MINNESOTA","2723400",59,196,255,0,255,1
"8652","2021-2022","MINNESOTA","2723430",119,327,446,0,446,1
"8653","2021-2022","MINNESOTA","2723490",101,364,465,0,465,1
"8654","2021-2022","MINNESOTA","2723520",69,159,228,0,228,1
"8655","2021-2022","MINNESOTA","2723550",51,62,113,0,113,1
"8656","2021-2022","MINNESOTA","2723580",19,19,38,0,38,1
"8657","2021-2022","MINNESOTA","2723820",104,326,430,0,430,1
"8658","2021-2022","MINNESOTA","2723850",1133,4523,5656,0,5656,1
"8659","2021-2022","MINNESOTA","2723880",202,622,824,0,824,1
"8660","2021-2022","MINNESOTA","2723910",9,92,101,0,101,1
"8661","2021-2022","MINNESOTA","2723970",42,120,162,0,162,1
"8662","2021-2022","MINNESOTA","2725050",39,225,264,0,264,1
"8663","2021-2022","MINNESOTA","2725080",33,128,161,0,161,1
"8664","2021-2022","MINNESOTA","2725140",47,140,187,0,187,1
"8665","2021-2022","MINNESOTA","2725200",1575,6622,8197,0,8197,1
"8666","2021-2022","MINNESOTA","2728050",316,1506,1822,0,1822,1
"8667","2021-2022","MINNESOTA","2728080",166,566,732,0,732,1
"8668","2021-2022","MINNESOTA","2728110",37,75,112,0,112,1
"8669","2021-2022","MINNESOTA","2728140",39,125,164,0,164,1
"8670","2021-2022","MINNESOTA","2728170",138,295,433,0,433,1
"8671","2021-2022","MINNESOTA","2728200",88,211,299,0,299,1
"8672","2021-2022","MINNESOTA","2728230",88,259,347,0,347,1
"8673","2021-2022","MINNESOTA","2728290",30,91,121,0,121,1
"8674","2021-2022","MINNESOTA","2728320",88,222,310,0,310,1
"8675","2021-2022","MINNESOTA","2728350",178,306,484,0,484,1
"8676","2021-2022","MINNESOTA","2728380",45,255,300,0,300,1
"8677","2021-2022","MINNESOTA","2728950",23,100,123,0,123,1
"8678","2021-2022","MINNESOTA","2728960",4,60,64,0,64,1
"8679","2021-2022","MINNESOTA","2728970",76,307,383,0,383,1
"8680","2021-2022","MINNESOTA","2730030",256,552,808,0,808,1
"8681","2021-2022","MINNESOTA","2730060",206,778,984,0,984,1
"8682","2021-2022","MINNESOTA","2730090",103,307,410,0,410,1
"8683","2021-2022","MINNESOTA","2730150",12,66,78,0,78,1
"8684","2021-2022","MINNESOTA","2730450",26,66,92,0,92,1
"8685","2021-2022","MINNESOTA","2730480",111,512,623,0,623,1
"8686","2021-2022","MINNESOTA","2730510",16,965,981,0,981,1
"8687","2021-2022","MINNESOTA","2730870",33,196,229,0,229,1
"8688","2021-2022","MINNESOTA","2731750",373,1737,2110,0,2110,1
"8689","2021-2022","MINNESOTA","2731780",766,4484,5250,0,5250,1
"8690","2021-2022","MINNESOTA","2731800",1301,5039,6340,0,6340,1
"8691","2021-2022","MINNESOTA","2732070",95,237,332,0,332,1
"8692","2021-2022","MINNESOTA","2732250",51,144,195,0,195,1
"8693","2021-2022","MINNESOTA","2732390",1073,3967,5040,0,5040,1
"8694","2021-2022","MINNESOTA","2732430",487,2266,2753,0,2753,1
"8695","2021-2022","MINNESOTA","2732460",38,52,90,0,90,1
"8696","2021-2022","MINNESOTA","2732520",51,137,188,0,188,1
"8697","2021-2022","MINNESOTA","2732550",43,149,192,0,192,1
"8698","2021-2022","MINNESOTA","2732700",29,101,130,0,130,1
"8699","2021-2022","MINNESOTA","2732820",214,391,605,0,605,1
"8700","2021-2022","MINNESOTA","2732850",67,190,257,0,257,1
"8701","2021-2022","MINNESOTA","2732880",332,894,1226,0,1226,1
"8702","2021-2022","MINNESOTA","2732970",40,151,191,0,191,1
"8703","2021-2022","MINNESOTA","2733000",805,1720,2525,0,2525,1
"8704","2021-2022","MINNESOTA","2733210",33,162,195,0,195,1
"8705","2021-2022","MINNESOTA","2733270",330,1272,1602,0,1602,1
"8706","2021-2022","MINNESOTA","2733300",28,47,75,0,75,1
"8707","2021-2022","MINNESOTA","2733330",586,1656,2242,0,2242,1
"8708","2021-2022","MINNESOTA","2733390",95,147,242,0,242,1
"8709","2021-2022","MINNESOTA","2733420",73,229,302,0,302,1
"8710","2021-2022","MINNESOTA","2733450",56,157,213,0,213,1
"8711","2021-2022","MINNESOTA","2733480",32,69,101,0,101,1
"8712","2021-2022","MINNESOTA","2733510",468,4974,5442,0,5442,1
"8713","2021-2022","MINNESOTA","2733540",228,618,846,0,846,1
"8714","2021-2022","MINNESOTA","2733600",148,372,520,0,520,1
"8715","2021-2022","MINNESOTA","2733720",7,18,25,0,25,1
"8716","2021-2022","MINNESOTA","2733780",110,1115,1225,0,1225,1
"8717","2021-2022","MINNESOTA","2733790",198,400,598,0,598,1
"8718","2021-2022","MINNESOTA","2733810",712,2212,2924,0,2924,1
"8719","2021-2022","MINNESOTA","2733840",2629,17839,20468,0,20468,1
"8720","2021-2022","MINNESOTA","2733870",78,485,563,0,563,1
"8721","2021-2022","MINNESOTA","2733900",71,254,325,0,325,1
"8722","2021-2022","MINNESOTA","2738160",66,223,289,0,289,1
"8723","2021-2022","MINNESOTA","2738190",165,859,1024,0,1024,1
"8724","2021-2022","MINNESOTA","2738280",46,74,120,0,120,1
"8725","2021-2022","MINNESOTA","2738850",133,415,548,0,548,1
"8726","2021-2022","MINNESOTA","2738880",18,62,80,0,80,1
"8727","2021-2022","MINNESOTA","2740665",47,211,258,0,258,1
"8728","2021-2022","MINNESOTA","2740680",24,114,138,0,138,1
"8729","2021-2022","MINNESOTA","2740740",69,210,279,0,279,1
"8730","2021-2022","MINNESOTA","2740810",1,27,28,0,28,1
"8731","2021-2022","MINNESOTA","2740830",39,115,154,0,154,1
"8732","2021-2022","MINNESOTA","2740860",29,55,84,0,84,1
"8733","2021-2022","MINNESOTA","2740920",71,163,234,0,234,1
"8734","2021-2022","MINNESOTA","2741060",81,171,252,0,252,1
"8735","2021-2022","MINNESOTA","2741430",62,73,135,0,135,1
"8736","2021-2022","MINNESOTA","2741460",35,168,203,0,203,1
"8737","2021-2022","MINNESOTA","2741850",58,230,288,0,288,1
"8738","2021-2022","MINNESOTA","2741880",120,455,575,0,575,1
"8739","2021-2022","MINNESOTA","2741910",63,173,236,0,236,1
"8740","2021-2022","MINNESOTA","2742120",62,384,446,0,446,1
"8741","2021-2022","MINNESOTA","2742160",101,733,834,0,834,1
"8742","2021-2022","MINNESOTA","2742270",374,1441,1815,0,1815,1
"8743","2021-2022","MINNESOTA","2742330",9,98,107,0,107,1
"8744","2021-2022","MINNESOTA","2742360",442,1444,1886,0,1886,1
"8745","2021-2022","MINNESOTA","2742720",369,2114,2483,0,2483,1
"8746","2021-2022","MINNESOTA","2742750",49,91,140,0,140,1
"8747","2021-2022","MINNESOTA","2742780",94,370,464,0,464,1
"8748","2021-2022","MINNESOTA","2744070",97,698,795,0,795,1
"8749","2021-2022","MINNESOTA","2744160",542,1765,2307,0,2307,1
"8750","2021-2022","MINNESOTA","2744190",38,114,152,0,152,1
"8751","2021-2022","MINNESOTA","2745735",36,135,171,0,171,1
"8752","2021-2022","MINNESOTA","2791353",1,54,55,0,55,1
"8753","2021-2022","MINNESOTA","2791443",9,56,65,0,65,1
"8754","2021-2022","MINNESOTA","2791445",48,117,165,0,165,1
"8755","2021-2022","MINNESOTA","2791446",0,130,130,0,130,1
"8756","2021-2022","MINNESOTA","2791447",28,38,66,0,66,1
"8757","2021-2022","MINNESOTA","2791449",24,138,162,0,162,1
"8758","2021-2022","MINNESOTA","2791450",52,275,327,0,327,1
"8759","2021-2022","MINNESOTA","2791451",51,92,143,0,143,1
"8760","2021-2022","MINNESOTA","2791455",1,13,14,0,14,1
"8761","2021-2022","MINNESOTA","2791456",7,18,25,0,25,1
"8762","2021-2022","MISSISSIPPI","2800031",0,85,85,11,96,0.885416666666667
"8763","2021-2022","MISSISSIPPI","2800183",0,20,20,12,32,0.625
"8764","2021-2022","MISSISSIPPI","2800185",0,930,930,709,1639,0.567419158023185
"8765","2021-2022","MISSISSIPPI","2800186",0,843,843,634,1477,0.570751523358158
"8766","2021-2022","MISSISSIPPI","2800187",0,3059,3059,2276,5335,0.573383317713215
"8767","2021-2022","MISSISSIPPI","2800188",0,568,568,426,994,0.571428571428571
"8768","2021-2022","MISSISSIPPI","2800189",0,4881,4881,2269,7150,0.682657342657343
"8769","2021-2022","MISSISSIPPI","2800190",0,239,239,182,421,0.567695961995249
"8770","2021-2022","MISSISSIPPI","2800191",0,2720,2720,1669,4389,0.619731146046935
"8771","2021-2022","MISSISSIPPI","2800192",0,570,570,440,1010,0.564356435643564
"8772","2021-2022","MISSISSIPPI","2800193",0,582,582,391,973,0.598150051387461
"8773","2021-2022","MISSISSIPPI","2800194",0,450,450,319,769,0.5851755526658
"8774","2021-2022","MISSISSIPPI","2800195",0,2499,2499,1833,4332,0.576869806094183
"8775","2021-2022","MISSISSIPPI","2800196",0,1176,1176,641,1817,0.647220693450743
"8776","2021-2022","MISSISSIPPI","2800197",0,317,317,214,531,0.5969868173258
"8777","2021-2022","MISSISSIPPI","2800198",0,3975,3975,2971,6946,0.57227181111431
"8778","2021-2022","MISSISSIPPI","2800199",0,195,195,145,340,0.573529411764706
"8779","2021-2022","MISSISSIPPI","2800200",0,2196,2196,1003,3199,0.686464520162551
"8780","2021-2022","MISSISSIPPI","2800360",0,1040,1040,625,1665,0.624624624624625
"8781","2021-2022","MISSISSIPPI","2800390",0,3107,3107,1014,4121,0.753943217665615
"8782","2021-2022","MISSISSIPPI","2800420",0,883,883,569,1452,0.608126721763085
"8783","2021-2022","MISSISSIPPI","2800450",0,1525,1525,555,2080,0.733173076923077
"8784","2021-2022","MISSISSIPPI","2800510",0,1002,1002,560,1562,0.641485275288092
"8785","2021-2022","MISSISSIPPI","2800540",0,743,743,336,1079,0.688600556070436
"8786","2021-2022","MISSISSIPPI","2800570",0,1733,1733,735,2468,0.702188006482982
"8787","2021-2022","MISSISSIPPI","2800600",0,917,917,446,1363,0.672780630961115
"8788","2021-2022","MISSISSIPPI","2800630",0,5954,5954,2629,8583,0.693696842595829
"8789","2021-2022","MISSISSIPPI","2800750",0,2877,2877,1677,4554,0.631752305665349
"8790","2021-2022","MISSISSIPPI","2800820",0,1270,1270,343,1613,0.78735275883447
"8791","2021-2022","MISSISSIPPI","2800840",0,2642,2642,1353,3995,0.661326658322904
"8792","2021-2022","MISSISSIPPI","2800870",0,2162,2162,924,3086,0.700583279325988
"8793","2021-2022","MISSISSIPPI","2800900",0,3068,3068,1980,5048,0.607765451664025
"8794","2021-2022","MISSISSIPPI","2800930",0,851,851,497,1348,0.631305637982196
"8795","2021-2022","MISSISSIPPI","2800990",0,1209,1209,472,1681,0.719214753123141
"8796","2021-2022","MISSISSIPPI","2801020",0,1233,1233,884,2117,0.582427964100142
"8797","2021-2022","MISSISSIPPI","2801050",0,2108,2108,1515,3623,0.581838255589291
"8798","2021-2022","MISSISSIPPI","2801090",0,5175,5175,1438,6613,0.782549523665507
"8799","2021-2022","MISSISSIPPI","2801110",0,1057,1057,832,1889,0.559555320275278
"8800","2021-2022","MISSISSIPPI","2801140",0,401,401,264,665,0.603007518796992
"8801","2021-2022","MISSISSIPPI","2801170",0,1573,1573,706,2279,0.690215006581834
"8802","2021-2022","MISSISSIPPI","2801189",0,112,112,63,175,0.64
"8803","2021-2022","MISSISSIPPI","2801191",0,36,36,33,69,0.521739130434783
"8804","2021-2022","MISSISSIPPI","2801192",0,0,0,0,0,NA
"8805","2021-2022","MISSISSIPPI","2801194",0,229,229,30,259,0.884169884169884
"8806","2021-2022","MISSISSIPPI","2801196",0,6,6,3,9,0.666666666666667
"8807","2021-2022","MISSISSIPPI","2801200",0,3213,3213,2236,5449,0.589649476968251
"8808","2021-2022","MISSISSIPPI","2801220",0,2298,2298,1228,3526,0.65173000567215
"8809","2021-2022","MISSISSIPPI","2801260",0,2492,2492,1120,3612,0.689922480620155
"8810","2021-2022","MISSISSIPPI","2801290",0,2599,2599,1352,3951,0.657808149835485
"8811","2021-2022","MISSISSIPPI","2801320",0,34352,34352,9193,43545,0.788885061430704
"8812","2021-2022","MISSISSIPPI","2801380",0,781,781,477,1258,0.620826709062003
"8813","2021-2022","MISSISSIPPI","2801410",0,905,905,557,1462,0.619015047879617
"8814","2021-2022","MISSISSIPPI","2801440",0,924,924,218,1142,0.809106830122592
"8815","2021-2022","MISSISSIPPI","2801470",0,1645,1645,764,2409,0.68285595682856
"8816","2021-2022","MISSISSIPPI","2801490",0,2142,2142,998,3140,0.682165605095541
"8817","2021-2022","MISSISSIPPI","2801510",0,597,597,222,819,0.728937728937729
"8818","2021-2022","MISSISSIPPI","2801530",0,1181,1181,511,1692,0.697990543735225
"8819","2021-2022","MISSISSIPPI","2801560",0,4059,4059,1411,5470,0.742047531992687
"8820","2021-2022","MISSISSIPPI","2801590",0,1644,1644,686,2330,0.705579399141631
"8821","2021-2022","MISSISSIPPI","2801620",0,3668,3668,2891,6559,0.55923159018143
"8822","2021-2022","MISSISSIPPI","2801680",0,3797,3797,1710,5507,0.689486108589068
"8823","2021-2022","MISSISSIPPI","2801710",0,6322,6322,3509,9831,0.64306784660767
"8824","2021-2022","MISSISSIPPI","2801740",0,4119,4119,1389,5508,0.747821350762527
"8825","2021-2022","MISSISSIPPI","2801770",0,14255,14255,6556,20811,0.684974292441497
"8826","2021-2022","MISSISSIPPI","2801800",0,3628,3628,2469,6097,0.595046744300476
"8827","2021-2022","MISSISSIPPI","2801830",0,1410,1410,941,2351,0.599744789451297
"8828","2021-2022","MISSISSIPPI","2801860",0,5113,5113,2321,7434,0.687785848802798
"8829","2021-2022","MISSISSIPPI","2801890",0,521,521,408,929,0.560818083961249
"8830","2021-2022","MISSISSIPPI","2801950",0,1073,1073,661,1734,0.618800461361015
"8831","2021-2022","MISSISSIPPI","2802040",0,1257,1257,1005,2262,0.555702917771883
"8832","2021-2022","MISSISSIPPI","2802100",0,3373,3373,1024,4397,0.76711394132363
"8833","2021-2022","MISSISSIPPI","2802160",0,8784,8784,2535,11319,0.776040286244368
"8834","2021-2022","MISSISSIPPI","2802190",0,19330,19330,13448,32778,0.58972481542498
"8835","2021-2022","MISSISSIPPI","2802220",0,1037,1037,682,1719,0.60325770796975
"8836","2021-2022","MISSISSIPPI","2802250",0,1276,1276,768,2044,0.62426614481409
"8837","2021-2022","MISSISSIPPI","2802280",0,8514,8514,3060,11574,0.735614307931571
"8838","2021-2022","MISSISSIPPI","2802310",0,909,909,592,1501,0.605596269153897
"8839","2021-2022","MISSISSIPPI","2802340",0,2183,2183,1036,3219,0.67816091954023
"8840","2021-2022","MISSISSIPPI","2802370",0,2764,2764,698,3462,0.798382437897169
"8841","2021-2022","MISSISSIPPI","2802400",0,10277,10277,3000,13277,0.774045341568125
"8842","2021-2022","MISSISSIPPI","2802430",0,5840,5840,2153,7993,0.730639309395721
"8843","2021-2022","MISSISSIPPI","2802460",0,2800,2800,1816,4616,0.606585788561525
"8844","2021-2022","MISSISSIPPI","2802490",0,1755,1755,843,2598,0.675519630484988
"8845","2021-2022","MISSISSIPPI","2802520",0,2577,2577,1322,3899,0.660938702231341
"8846","2021-2022","MISSISSIPPI","2802550",0,6227,6227,2108,8335,0.747090581883623
"8847","2021-2022","MISSISSIPPI","2802610",0,670,670,495,1165,0.575107296137339
"8848","2021-2022","MISSISSIPPI","2802640",0,2777,2777,970,3747,0.74112623432079
"8849","2021-2022","MISSISSIPPI","2802670",0,2900,2900,931,3831,0.756982511093709
"8850","2021-2022","MISSISSIPPI","2802700",0,2625,2625,1429,4054,0.647508633448446
"8851","2021-2022","MISSISSIPPI","2802730",0,5281,5281,1843,7124,0.741297024143739
"8852","2021-2022","MISSISSIPPI","2802790",0,12969,12969,2545,15514,0.835954621632074
"8853","2021-2022","MISSISSIPPI","2802820",0,1936,1936,953,2889,0.670128071997231
"8854","2021-2022","MISSISSIPPI","2802850",0,2734,2734,1138,3872,0.706095041322314
"8855","2021-2022","MISSISSIPPI","2802880",0,2242,2242,1545,3787,0.592025349881172
"8856","2021-2022","MISSISSIPPI","2802910",0,4755,4755,3485,8240,0.577063106796116
"8857","2021-2022","MISSISSIPPI","2802940",0,2128,2128,590,2718,0.782928623988227
"8858","2021-2022","MISSISSIPPI","2803000",0,1579,1579,1013,2592,0.609182098765432
"8859","2021-2022","MISSISSIPPI","2803030",0,2829,2829,1774,4603,0.614599174451445
"8860","2021-2022","MISSISSIPPI","2803060",0,3082,3082,1325,4407,0.699341955979124
"8861","2021-2022","MISSISSIPPI","2803090",0,1153,1153,423,1576,0.731598984771574
"8862","2021-2022","MISSISSIPPI","2803120",0,2104,2104,655,2759,0.762595143167814
"8863","2021-2022","MISSISSIPPI","2803150",0,1697,1697,530,2227,0.762011674898967
"8864","2021-2022","MISSISSIPPI","2803180",0,841,841,532,1373,0.612527312454479
"8865","2021-2022","MISSISSIPPI","2803210",0,1250,1250,875,2125,0.588235294117647
"8866","2021-2022","MISSISSIPPI","2803240",0,2219,2219,985,3204,0.692571785268414
"8867","2021-2022","MISSISSIPPI","2803270",0,1285,1285,449,1734,0.741061130334487
"8868","2021-2022","MISSISSIPPI","2803300",0,1391,1391,1005,2396,0.580550918196995
"8869","2021-2022","MISSISSIPPI","2803360",0,5888,5888,1299,7187,0.819256991790733
"8870","2021-2022","MISSISSIPPI","2803390",0,518,518,316,834,0.621103117505995
"8871","2021-2022","MISSISSIPPI","2803450",0,4711,4711,1170,5881,0.801054242475769
"8872","2021-2022","MISSISSIPPI","2803480",0,6582,6582,3530,10112,0.650909810126582
"8873","2021-2022","MISSISSIPPI","2803510",0,1966,1966,710,2676,0.734678624813154
"8874","2021-2022","MISSISSIPPI","2803520",0,4056,4056,1620,5676,0.714587737843552
"8875","2021-2022","MISSISSIPPI","2803530",0,4249,4249,1250,5499,0.772685942898709
"8876","2021-2022","MISSISSIPPI","2803540",0,3325,3325,1096,4421,0.752092286812938
"8877","2021-2022","MISSISSIPPI","2803570",0,941,941,471,1412,0.66643059490085
"8878","2021-2022","MISSISSIPPI","2803600",0,826,826,552,1378,0.599419448476052
"8879","2021-2022","MISSISSIPPI","2803630",0,3312,3312,1662,4974,0.665862484921592
"8880","2021-2022","MISSISSIPPI","2803660",0,3451,3451,1139,4590,0.751851851851852
"8881","2021-2022","MISSISSIPPI","2803690",0,2283,2283,847,3130,0.729392971246006
"8882","2021-2022","MISSISSIPPI","2803720",0,1818,1818,651,2469,0.7363304981774
"8883","2021-2022","MISSISSIPPI","2803750",0,2270,2270,736,3006,0.755156353958749
"8884","2021-2022","MISSISSIPPI","2803780",0,1595,1595,951,2546,0.626472898664572
"8885","2021-2022","MISSISSIPPI","2803810",0,898,898,534,1432,0.627094972067039
"8886","2021-2022","MISSISSIPPI","2803830",0,18517,18517,4297,22814,0.811650740773209
"8887","2021-2022","MISSISSIPPI","2803870",0,565,565,250,815,0.693251533742331
"8888","2021-2022","MISSISSIPPI","2803900",0,3851,3851,1578,5429,0.709338736415546
"8889","2021-2022","MISSISSIPPI","2803930",0,1642,1642,761,2403,0.683312526009155
"8890","2021-2022","MISSISSIPPI","2803960",0,618,618,502,1120,0.551785714285714
"8891","2021-2022","MISSISSIPPI","2803990",0,3125,3125,1559,4684,0.667164816396242
"8892","2021-2022","MISSISSIPPI","2804020",0,2463,2463,910,3373,0.730210495108212
"8893","2021-2022","MISSISSIPPI","2804050",0,4242,4242,2073,6315,0.671733966745843
"8894","2021-2022","MISSISSIPPI","2804080",0,1603,1603,980,2583,0.62059620596206
"8895","2021-2022","MISSISSIPPI","2804110",0,2518,2518,794,3312,0.760265700483092
"8896","2021-2022","MISSISSIPPI","2804170",0,2399,2399,932,3331,0.72020414290003
"8897","2021-2022","MISSISSIPPI","2804230",0,2018,2018,955,2973,0.678775647494114
"8898","2021-2022","MISSISSIPPI","2804260",0,2875,2875,802,3677,0.781887408213217
"8899","2021-2022","MISSISSIPPI","2804290",0,1667,1667,1266,2933,0.56836004091374
"8900","2021-2022","MISSISSIPPI","2804320",0,7115,7115,2689,9804,0.725724194206446
"8901","2021-2022","MISSISSIPPI","2804350",0,2949,2949,871,3820,0.771989528795812
"8902","2021-2022","MISSISSIPPI","2804380",0,923,923,355,1278,0.722222222222222
"8903","2021-2022","MISSISSIPPI","2804440",0,1674,1674,819,2493,0.671480144404332
"8904","2021-2022","MISSISSIPPI","2804470",0,6946,6946,3878,10824,0.641722099039172
"8905","2021-2022","MISSISSIPPI","2804500",0,1063,1063,432,1495,0.711036789297659
"8906","2021-2022","MISSISSIPPI","2804530",0,2851,2851,1649,4500,0.633555555555556
"8907","2021-2022","MISSISSIPPI","2804560",0,1746,1746,619,2365,0.738266384778013
"8908","2021-2022","MISSISSIPPI","2804590",0,1307,1307,656,1963,0.665817626082527
"8909","2021-2022","MISSISSIPPI","2804650",0,554,554,360,914,0.606126914660831
"8910","2021-2022","MISSISSIPPI","2804680",0,1661,1661,1009,2670,0.622097378277154
"8911","2021-2022","MISSISSIPPI","2804710",0,1013,1013,643,1656,0.611714975845411
"8912","2021-2022","MISSISSIPPI","2804770",0,2124,2124,1667,3791,0.560274333948826
"8913","2021-2022","MISSISSIPPI","2804800",0,1370,1370,767,2137,0.641085634066448
"8914","2021-2022","MISSOURI","2900001",0,694,694,178,872,0.795871559633027
"8915","2021-2022","MISSOURI","2900002",73,282,355,186,541,0.656192236598891
"8916","2021-2022","MISSOURI","2900003",21,513,534,251,785,0.680254777070064
"8917","2021-2022","MISSOURI","2900004",0,1303,1303,552,1855,0.702425876010782
"8918","2021-2022","MISSOURI","2900005",0,0,0,0,0,NA
"8919","2021-2022","MISSOURI","2900006",0,0,0,0,0,NA
"8920","2021-2022","MISSOURI","2900007",0,0,0,0,0,NA
"8921","2021-2022","MISSOURI","2900008",0,0,0,0,0,NA
"8922","2021-2022","MISSOURI","2900009",0,320,320,170,490,0.653061224489796
"8923","2021-2022","MISSOURI","2900013",0,669,669,411,1080,0.619444444444444
"8924","2021-2022","MISSOURI","2900014",0,898,898,519,1417,0.633733239237826
"8925","2021-2022","MISSOURI","2900015",0,134,134,82,216,0.62037037037037
"8926","2021-2022","MISSOURI","2900016",0,211,211,159,370,0.57027027027027
"8927","2021-2022","MISSOURI","2900017",43,211,254,109,363,0.699724517906336
"8928","2021-2022","MISSOURI","2900019",25,236,261,129,390,0.669230769230769
"8929","2021-2022","MISSOURI","2900020",0,28,28,13,41,0.682926829268293
"8930","2021-2022","MISSOURI","2900021",0,0,0,6,6,0
"8931","2021-2022","MISSOURI","2900022",1,289,290,151,441,0.657596371882086
"8932","2021-2022","MISSOURI","2900024",0,739,739,441,1180,0.626271186440678
"8933","2021-2022","MISSOURI","2900025",72,350,422,117,539,0.782931354359926
"8934","2021-2022","MISSOURI","2900027",99,674,773,429,1202,0.643094841930116
"8935","2021-2022","MISSOURI","2900028",0,406,406,240,646,0.628482972136223
"8936","2021-2022","MISSOURI","2900029",138,1247,1385,335,1720,0.805232558139535
"8937","2021-2022","MISSOURI","2900030",0,0,0,0,0,NA
"8938","2021-2022","MISSOURI","2900031",0,570,570,278,848,0.672169811320755
"8939","2021-2022","MISSOURI","2900574",0,801,801,486,1287,0.622377622377622
"8940","2021-2022","MISSOURI","2900576",99,399,498,254,752,0.662234042553192
"8941","2021-2022","MISSOURI","2900579",0,2552,2552,1468,4020,0.634825870646766
"8942","2021-2022","MISSOURI","2900585",12,48,60,21,81,0.740740740740741
"8943","2021-2022","MISSOURI","2900586",29,195,224,125,349,0.641833810888252
"8944","2021-2022","MISSOURI","2900589",0,479,479,317,796,0.601758793969849
"8945","2021-2022","MISSOURI","2900590",110,1265,1375,479,1854,0.741639697950378
"8946","2021-2022","MISSOURI","2900591",0,2606,2606,1656,4262,0.611450023463163
"8947","2021-2022","MISSOURI","2900592",101,598,699,358,1057,0.661305581835383
"8948","2021-2022","MISSOURI","2900593",0,183,183,98,281,0.651245551601424
"8949","2021-2022","MISSOURI","2900597",0,4,4,3,7,0.571428571428571
"8950","2021-2022","MISSOURI","2900601",0,115,115,78,193,0.595854922279793
"8951","2021-2022","MISSOURI","2900603",71,555,626,319,945,0.662433862433862
"8952","2021-2022","MISSOURI","2900604",0,250,250,123,373,0.670241286863271
"8953","2021-2022","MISSOURI","2900605",0,825,825,471,1296,0.636574074074074
"8954","2021-2022","MISSOURI","2900606",5,99,104,64,168,0.619047619047619
"8955","2021-2022","MISSOURI","2900607",0,0,0,0,0,NA
"8956","2021-2022","MISSOURI","2900608",0,114,114,74,188,0.606382978723404
"8957","2021-2022","MISSOURI","2900609",7,83,90,59,149,0.604026845637584
"8958","2021-2022","MISSOURI","2900611",0,109,109,62,171,0.637426900584795
"8959","2021-2022","MISSOURI","2900612",30,131,161,93,254,0.633858267716535
"8960","2021-2022","MISSOURI","2900614",0,49,49,37,86,0.569767441860465
"8961","2021-2022","MISSOURI","2900615",0,165,165,91,256,0.64453125
"8962","2021-2022","MISSOURI","2900616",35,235,270,147,417,0.647482014388489
"8963","2021-2022","MISSOURI","2900617",32,1,33,11,44,0.75
"8964","2021-2022","MISSOURI","2900618",6,69,75,55,130,0.576923076923077
"8965","2021-2022","MISSOURI","2901000",777,7464,8241,3720,11961,0.688989214948583
"8966","2021-2022","MISSOURI","2902850",22,107,129,72,201,0.641791044776119
"8967","2021-2022","MISSOURI","2902880",30,158,188,94,282,0.666666666666667
"8968","2021-2022","MISSOURI","2902910",69,503,572,396,968,0.590909090909091
"8969","2021-2022","MISSOURI","2902970",41,195,236,100,336,0.702380952380952
"8970","2021-2022","MISSOURI","2903000",41,105,146,57,203,0.719211822660099
"8971","2021-2022","MISSOURI","2903040",12,21,33,6,39,0.846153846153846
"8972","2021-2022","MISSOURI","2903060",65,316,381,206,587,0.649063032367973
"8973","2021-2022","MISSOURI","2903120",22,112,134,59,193,0.694300518134715
"8974","2021-2022","MISSOURI","2903150",50,613,663,319,982,0.675152749490835
"8975","2021-2022","MISSOURI","2903200",15,138,153,60,213,0.71830985915493
"8976","2021-2022","MISSOURI","2903270",72,260,332,162,494,0.672064777327935
"8977","2021-2022","MISSOURI","2903480",17,77,94,41,135,0.696296296296296
"8978","2021-2022","MISSOURI","2904020",231,1035,1266,488,1754,0.721778791334094
"8979","2021-2022","MISSOURI","2904050",178,646,824,337,1161,0.709732988802756
"8980","2021-2022","MISSOURI","2904080",7,18,25,13,38,0.657894736842105
"8981","2021-2022","MISSOURI","2904110",14,59,73,22,95,0.768421052631579
"8982","2021-2022","MISSOURI","2904140",32,175,207,92,299,0.692307692307692
"8983","2021-2022","MISSOURI","2904170",3,46,49,14,63,0.777777777777778
"8984","2021-2022","MISSOURI","2904500",0,386,386,351,737,0.523744911804613
"8985","2021-2022","MISSOURI","2904530",16,110,126,68,194,0.649484536082474
"8986","2021-2022","MISSOURI","2904590",12,48,60,28,88,0.681818181818182
"8987","2021-2022","MISSOURI","2904620",205,1297,1502,784,2286,0.657042869641295
"8988","2021-2022","MISSOURI","2904890",72,299,371,195,566,0.65547703180212
"8989","2021-2022","MISSOURI","2904950",55,288,343,159,502,0.683266932270916
"8990","2021-2022","MISSOURI","2904980",28,83,111,47,158,0.70253164556962
"8991","2021-2022","MISSOURI","2905070",45,122,167,73,240,0.695833333333333
"8992","2021-2022","MISSOURI","2905130",0,506,506,190,696,0.727011494252874
"8993","2021-2022","MISSOURI","2905190",0,75,75,15,90,0.833333333333333
"8994","2021-2022","MISSOURI","2905250",69,248,317,154,471,0.673036093418259
"8995","2021-2022","MISSOURI","2905280",60,228,288,109,397,0.72544080604534
"8996","2021-2022","MISSOURI","2905310",351,2143,2494,1202,3696,0.67478354978355
"8997","2021-2022","MISSOURI","2905370",220,1033,1253,626,1879,0.666844065992549
"8998","2021-2022","MISSOURI","2905400",2,11,13,5,18,0.722222222222222
"8999","2021-2022","MISSOURI","2905430",208,1008,1216,636,1852,0.65658747300216
"9000","2021-2022","MISSOURI","2905580",35,1157,1192,324,1516,0.786279683377309
"9001","2021-2022","MISSOURI","2905610",0,39,39,15,54,0.722222222222222
"9002","2021-2022","MISSOURI","2905640",58,378,436,271,707,0.616690240452617
"9003","2021-2022","MISSOURI","2905660",68,442,510,289,799,0.638297872340426
"9004","2021-2022","MISSOURI","2905700",31,156,187,76,263,0.711026615969582
"9005","2021-2022","MISSOURI","2905730",2,91,93,31,124,0.75
"9006","2021-2022","MISSOURI","2905760",355,2094,2449,1119,3568,0.686378923766816
"9007","2021-2022","MISSOURI","2905790",0,14,14,14,28,0.5
"9008","2021-2022","MISSOURI","2905820",26,96,122,39,161,0.757763975155279
"9009","2021-2022","MISSOURI","2905850",0,46,46,27,73,0.63013698630137
"9010","2021-2022","MISSOURI","2905880",18,91,109,57,166,0.656626506024096
"9011","2021-2022","MISSOURI","2905910",12,63,75,33,108,0.694444444444444
"9012","2021-2022","MISSOURI","2905940",68,254,322,164,486,0.662551440329218
"9013","2021-2022","MISSOURI","2906000",17,62,79,31,110,0.718181818181818
"9014","2021-2022","MISSOURI","2906030",22,93,115,60,175,0.657142857142857
"9015","2021-2022","MISSOURI","2906090",7,50,57,31,88,0.647727272727273
"9016","2021-2022","MISSOURI","2906120",153,791,944,483,1427,0.661527680448493
"9017","2021-2022","MISSOURI","2906150",0,33,33,28,61,0.540983606557377
"9018","2021-2022","MISSOURI","2906170",34,101,135,53,188,0.718085106382979
"9019","2021-2022","MISSOURI","2906360",116,433,549,227,776,0.707474226804124
"9020","2021-2022","MISSOURI","2906430",0,759,759,247,1006,0.754473161033797
"9021","2021-2022","MISSOURI","2906450",8,64,72,21,93,0.774193548387097
"9022","2021-2022","MISSOURI","2906480",0,101,101,35,136,0.742647058823529
"9023","2021-2022","MISSOURI","2906510",133,451,584,226,810,0.720987654320988
"9024","2021-2022","MISSOURI","2906540",0,44,44,15,59,0.745762711864407
"9025","2021-2022","MISSOURI","2906990",227,1294,1521,661,2182,0.697066911090742
"9026","2021-2022","MISSOURI","2907020",3,667,670,276,946,0.708245243128964
"9027","2021-2022","MISSOURI","2907050",41,265,306,177,483,0.633540372670807
"9028","2021-2022","MISSOURI","2907080",42,113,155,81,236,0.656779661016949
"9029","2021-2022","MISSOURI","2907120",0,4371,4371,1703,6074,0.719624629568653
"9030","2021-2022","MISSOURI","2907320",13,59,72,35,107,0.672897196261682
"9031","2021-2022","MISSOURI","2907350",240,887,1127,536,1663,0.677690920024053
"9032","2021-2022","MISSOURI","2907380",50,283,333,143,476,0.699579831932773
"9033","2021-2022","MISSOURI","2907460",384,2618,3002,1175,4177,0.718697629877903
"9034","2021-2022","MISSOURI","2907470",0,973,973,547,1520,0.640131578947368
"9035","2021-2022","MISSOURI","2908170",206,826,1032,474,1506,0.685258964143426
"9036","2021-2022","MISSOURI","2908250",17,1352,1369,812,2181,0.627693718477762
"9037","2021-2022","MISSOURI","2908320",55,135,190,75,265,0.716981132075472
"9038","2021-2022","MISSOURI","2908340",0,45,45,16,61,0.737704918032787
"9039","2021-2022","MISSOURI","2908370",268,2408,2676,1439,4115,0.650303766707169
"9040","2021-2022","MISSOURI","2908400",37,255,292,174,466,0.626609442060086
"9041","2021-2022","MISSOURI","2908430",31,107,138,62,200,0.69
"9042","2021-2022","MISSOURI","2908460",16,80,96,54,150,0.64
"9043","2021-2022","MISSOURI","2908490",10,67,77,39,116,0.663793103448276
"9044","2021-2022","MISSOURI","2908670",0,771,771,431,1202,0.641430948419301
"9045","2021-2022","MISSOURI","2908730",12,62,74,24,98,0.755102040816326
"9046","2021-2022","MISSOURI","2908760",82,619,701,338,1039,0.674687199230029
"9047","2021-2022","MISSOURI","2908790",21,19,40,10,50,0.8
"9048","2021-2022","MISSOURI","2909090",0,22,22,21,43,0.511627906976744
"9049","2021-2022","MISSOURI","2909120",16,260,276,155,431,0.640371229698376
"9050","2021-2022","MISSOURI","2909720",16,162,178,109,287,0.620209059233449
"9051","2021-2022","MISSOURI","2909750",49,548,597,321,918,0.650326797385621
"9052","2021-2022","MISSOURI","2909780",102,252,354,157,511,0.692759295499021
"9053","2021-2022","MISSOURI","2909810",22,118,140,69,209,0.669856459330144
"9054","2021-2022","MISSOURI","2909860",197,689,886,404,1290,0.686821705426357
"9055","2021-2022","MISSOURI","2909900",79,272,351,149,500,0.702
"9056","2021-2022","MISSOURI","2909930",19,86,105,34,139,0.755395683453237
"9057","2021-2022","MISSOURI","2910020",10,98,108,60,168,0.642857142857143
"9058","2021-2022","MISSOURI","2910080",1,96,97,65,162,0.598765432098765
"9059","2021-2022","MISSOURI","2910110",95,331,426,171,597,0.71356783919598
"9060","2021-2022","MISSOURI","2910140",7,87,94,47,141,0.666666666666667
"9061","2021-2022","MISSOURI","2910200",8,117,125,50,175,0.714285714285714
"9062","2021-2022","MISSOURI","2910230",10,19,29,14,43,0.674418604651163
"9063","2021-2022","MISSOURI","2910260",5,39,44,14,58,0.758620689655172
"9064","2021-2022","MISSOURI","2910290",49,222,271,131,402,0.674129353233831
"9065","2021-2022","MISSOURI","2910320",84,277,361,148,509,0.709233791748527
"9066","2021-2022","MISSOURI","2910350",26,266,292,113,405,0.720987654320988
"9067","2021-2022","MISSOURI","2910380",52,194,246,112,358,0.687150837988827
"9068","2021-2022","MISSOURI","2910410",119,468,587,348,935,0.627807486631016
"9069","2021-2022","MISSOURI","2910440",32,31,63,12,75,0.84
"9070","2021-2022","MISSOURI","2910470",2,14,16,10,26,0.615384615384615
"9071","2021-2022","MISSOURI","2910500",153,904,1057,592,1649,0.640994542146756
"9072","2021-2022","MISSOURI","2910520",63,151,214,91,305,0.701639344262295
"9073","2021-2022","MISSOURI","2910590",20,76,96,40,136,0.705882352941177
"9074","2021-2022","MISSOURI","2910620",28,93,121,68,189,0.64021164021164
"9075","2021-2022","MISSOURI","2910650",9,124,133,79,212,0.627358490566038
"9076","2021-2022","MISSOURI","2910710",36,86,122,48,170,0.717647058823529
"9077","2021-2022","MISSOURI","2910770",175,844,1019,582,1601,0.636477201748907
"9078","2021-2022","MISSOURI","2910800",46,232,278,80,358,0.776536312849162
"9079","2021-2022","MISSOURI","2910830",85,306,391,180,571,0.68476357267951
"9080","2021-2022","MISSOURI","2910920",0,1521,1521,539,2060,0.738349514563107
"9081","2021-2022","MISSOURI","2910950",26,204,230,83,313,0.73482428115016
"9082","2021-2022","MISSOURI","2911010",13,50,63,32,95,0.663157894736842
"9083","2021-2022","MISSOURI","2911040",6,42,48,21,69,0.695652173913043
"9084","2021-2022","MISSOURI","2911070",23,102,125,55,180,0.694444444444444
"9085","2021-2022","MISSOURI","2911100",36,306,342,192,534,0.640449438202247
"9086","2021-2022","MISSOURI","2911160",5,31,36,14,50,0.72
"9087","2021-2022","MISSOURI","2911220",0,1006,1006,335,1341,0.750186428038777
"9088","2021-2022","MISSOURI","2911250",55,99,154,56,210,0.733333333333333
"9089","2021-2022","MISSOURI","2911280",75,184,259,108,367,0.705722070844687
"9090","2021-2022","MISSOURI","2911310",33,736,769,270,1039,0.740134744947064
"9091","2021-2022","MISSOURI","2911340",174,744,918,430,1348,0.681008902077151
"9092","2021-2022","MISSOURI","2911400",21,259,280,168,448,0.625
"9093","2021-2022","MISSOURI","2911450",0,250,250,91,341,0.733137829912023
"9094","2021-2022","MISSOURI","2911550",49,118,167,67,234,0.713675213675214
"9095","2021-2022","MISSOURI","2911580",0,157,157,49,206,0.762135922330097
"9096","2021-2022","MISSOURI","2911650",189,836,1025,470,1495,0.68561872909699
"9097","2021-2022","MISSOURI","2911670",27,176,203,93,296,0.685810810810811
"9098","2021-2022","MISSOURI","2911700",115,312,427,179,606,0.704620462046205
"9099","2021-2022","MISSOURI","2911730",0,329,329,119,448,0.734375
"9100","2021-2022","MISSOURI","2911760",25,40,65,22,87,0.747126436781609
"9101","2021-2022","MISSOURI","2911850",46,214,260,108,368,0.706521739130435
"9102","2021-2022","MISSOURI","2911910",429,1519,1948,860,2808,0.693732193732194
"9103","2021-2022","MISSOURI","2911940",25,136,161,76,237,0.679324894514768
"9104","2021-2022","MISSOURI","2911990",42,239,281,148,429,0.655011655011655
"9105","2021-2022","MISSOURI","2912010",0,9443,9443,4788,14231,0.663551401869159
"9106","2021-2022","MISSOURI","2912030",173,918,1091,602,1693,0.64441819255759
"9107","2021-2022","MISSOURI","2912180",52,200,252,96,348,0.724137931034483
"9108","2021-2022","MISSOURI","2912240",125,581,706,329,1035,0.682125603864734
"9109","2021-2022","MISSOURI","2912290",322,1595,1917,1047,2964,0.646761133603239
"9110","2021-2022","MISSOURI","2912300",353,2503,2856,1520,4376,0.652650822669104
"9111","2021-2022","MISSOURI","2912450",4,15,19,6,25,0.76
"9112","2021-2022","MISSOURI","2912480",0,64,64,4,68,0.941176470588235
"9113","2021-2022","MISSOURI","2912510",14,20,34,9,43,0.790697674418605
"9114","2021-2022","MISSOURI","2912540",195,917,1112,539,1651,0.673531193216233
"9115","2021-2022","MISSOURI","2912550",111,811,922,509,1431,0.644304682040531
"9116","2021-2022","MISSOURI","2912600",120,303,423,186,609,0.694581280788177
"9117","2021-2022","MISSOURI","2912630",44,164,208,95,303,0.686468646864686
"9118","2021-2022","MISSOURI","2912660",40,204,244,91,335,0.728358208955224
"9119","2021-2022","MISSOURI","2912690",10,54,64,30,94,0.680851063829787
"9120","2021-2022","MISSOURI","2912720",0,82,82,21,103,0.796116504854369
"9121","2021-2022","MISSOURI","2912780",0,216,216,74,290,0.744827586206897
"9122","2021-2022","MISSOURI","2912840",0,33,33,13,46,0.717391304347826
"9123","2021-2022","MISSOURI","2912870",28,42,70,24,94,0.74468085106383
"9124","2021-2022","MISSOURI","2912900",29,104,133,58,191,0.696335078534031
"9125","2021-2022","MISSOURI","2912930",31,93,124,57,181,0.685082872928177
"9126","2021-2022","MISSOURI","2913080",260,522,782,186,968,0.807851239669422
"9127","2021-2022","MISSOURI","2913140",279,2105,2384,1264,3648,0.653508771929825
"9128","2021-2022","MISSOURI","2913170",65,232,297,151,448,0.662946428571429
"9129","2021-2022","MISSOURI","2913230",23,85,108,58,166,0.650602409638554
"9130","2021-2022","MISSOURI","2913260",25,78,103,53,156,0.66025641025641
"9131","2021-2022","MISSOURI","2913290",17,100,117,65,182,0.642857142857143
"9132","2021-2022","MISSOURI","2913320",44,256,300,123,423,0.709219858156028
"9133","2021-2022","MISSOURI","2913380",60,336,396,220,616,0.642857142857143
"9134","2021-2022","MISSOURI","2913440",27,25,52,11,63,0.825396825396825
"9135","2021-2022","MISSOURI","2913500",14,27,41,15,56,0.732142857142857
"9136","2021-2022","MISSOURI","2913530",20,106,126,57,183,0.688524590163934
"9137","2021-2022","MISSOURI","2913560",46,293,339,168,507,0.668639053254438
"9138","2021-2022","MISSOURI","2913590",54,236,290,99,389,0.745501285347044
"9139","2021-2022","MISSOURI","2913620",0,1351,1351,599,1950,0.692820512820513
"9140","2021-2022","MISSOURI","2913650",278,1592,1870,987,2857,0.654532726636332
"9141","2021-2022","MISSOURI","2913680",0,230,230,47,277,0.830324909747292
"9142","2021-2022","MISSOURI","2913710",31,157,188,96,284,0.661971830985915
"9143","2021-2022","MISSOURI","2913760",136,574,710,302,1012,0.701581027667984
"9144","2021-2022","MISSOURI","2913770",36,332,368,209,577,0.637781629116118
"9145","2021-2022","MISSOURI","2913800",0,636,636,399,1035,0.614492753623188
"9146","2021-2022","MISSOURI","2913830",430,9823,10253,6320,16573,0.618656851505461
"9147","2021-2022","MISSOURI","2914250",94,599,693,388,1081,0.641073080481036
"9148","2021-2022","MISSOURI","2914280",51,195,246,134,380,0.647368421052632
"9149","2021-2022","MISSOURI","2914310",11,111,122,82,204,0.598039215686274
"9150","2021-2022","MISSOURI","2914320",65,240,305,145,450,0.677777777777778
"9151","2021-2022","MISSOURI","2914340",0,5147,5147,2394,7541,0.682535472748972
"9152","2021-2022","MISSOURI","2914370",22,57,79,48,127,0.622047244094488
"9153","2021-2022","MISSOURI","2914400",87,339,426,204,630,0.676190476190476
"9154","2021-2022","MISSOURI","2914430",12,561,573,419,992,0.577620967741935
"9155","2021-2022","MISSOURI","2914460",0,434,434,119,553,0.784810126582278
"9156","2021-2022","MISSOURI","2914490",102,337,439,139,578,0.759515570934256
"9157","2021-2022","MISSOURI","2914520",4,23,27,7,34,0.794117647058823
"9158","2021-2022","MISSOURI","2914550",144,632,776,328,1104,0.702898550724638
"9159","2021-2022","MISSOURI","2914840",68,360,428,256,684,0.625730994152047
"9160","2021-2022","MISSOURI","2915060",31,88,119,52,171,0.695906432748538
"9161","2021-2022","MISSOURI","2915180",15,80,95,56,151,0.629139072847682
"9162","2021-2022","MISSOURI","2915210",24,91,115,67,182,0.631868131868132
"9163","2021-2022","MISSOURI","2915240",4,2,6,3,9,0.666666666666667
"9164","2021-2022","MISSOURI","2915270",29,115,144,52,196,0.73469387755102
"9165","2021-2022","MISSOURI","2915300",0,366,366,151,517,0.707930367504836
"9166","2021-2022","MISSOURI","2915330",17,52,69,21,90,0.766666666666667
"9167","2021-2022","MISSOURI","2915390",34,99,133,50,183,0.726775956284153
"9168","2021-2022","MISSOURI","2915420",78,227,305,87,392,0.778061224489796
"9169","2021-2022","MISSOURI","2915450",53,265,318,182,500,0.636
"9170","2021-2022","MISSOURI","2915480",1457,8005,9462,4060,13522,0.699748557905635
"9171","2021-2022","MISSOURI","2915510",0,336,336,99,435,0.772413793103448
"9172","2021-2022","MISSOURI","2915600",346,1454,1800,816,2616,0.688073394495413
"9173","2021-2022","MISSOURI","2915630",0,57,57,32,89,0.640449438202247
"9174","2021-2022","MISSOURI","2915660",10,38,48,15,63,0.761904761904762
"9175","2021-2022","MISSOURI","2916140",60,192,252,98,350,0.72
"9176","2021-2022","MISSOURI","2916190",528,3309,3837,2046,5883,0.652218255991841
"9177","2021-2022","MISSOURI","2916200",15,23,38,18,56,0.678571428571429
"9178","2021-2022","MISSOURI","2916230",49,164,213,107,320,0.665625
"9179","2021-2022","MISSOURI","2916290",0,2397,2397,1508,3905,0.613828425096031
"9180","2021-2022","MISSOURI","2916350",641,3989,4630,2179,6809,0.679982376266706
"9181","2021-2022","MISSOURI","2916380",154,414,568,212,780,0.728205128205128
"9182","2021-2022","MISSOURI","2916400",0,13996,13996,6493,20489,0.683098247840305
"9183","2021-2022","MISSOURI","2916450",142,413,555,170,725,0.76551724137931
"9184","2021-2022","MISSOURI","2916470",4,33,37,19,56,0.660714285714286
"9185","2021-2022","MISSOURI","2916500",0,1860,1860,845,2705,0.687615526802218
"9186","2021-2022","MISSOURI","2916530",8,22,30,14,44,0.681818181818182
"9187","2021-2022","MISSOURI","2916590",22,43,65,25,90,0.722222222222222
"9188","2021-2022","MISSOURI","2916620",0,35,35,4,39,0.897435897435897
"9189","2021-2022","MISSOURI","2916660",31,61,92,32,124,0.741935483870968
"9190","2021-2022","MISSOURI","2916710",33,113,146,61,207,0.705314009661836
"9191","2021-2022","MISSOURI","2916740",245,745,990,481,1471,0.673011556764106
"9192","2021-2022","MISSOURI","2916770",24,393,417,295,712,0.585674157303371
"9193","2021-2022","MISSOURI","2916830",154,293,447,147,594,0.752525252525252
"9194","2021-2022","MISSOURI","2916860",25,125,150,82,232,0.646551724137931
"9195","2021-2022","MISSOURI","2916920",42,164,206,58,264,0.78030303030303
"9196","2021-2022","MISSOURI","2916950",28,91,119,48,167,0.712574850299401
"9197","2021-2022","MISSOURI","2917000",0,373,373,114,487,0.765913757700205
"9198","2021-2022","MISSOURI","2917820",38,241,279,153,432,0.645833333333333
"9199","2021-2022","MISSOURI","2917850",143,457,600,285,885,0.677966101694915
"9200","2021-2022","MISSOURI","2917880",43,205,248,132,380,0.652631578947368
"9201","2021-2022","MISSOURI","2917910",3,13,16,12,28,0.571428571428571
"9202","2021-2022","MISSOURI","2917970",0,59,59,98,157,0.375796178343949
"9203","2021-2022","MISSOURI","2918220",42,196,238,109,347,0.685878962536023
"9204","2021-2022","MISSOURI","2918240",98,428,526,324,850,0.618823529411765
"9205","2021-2022","MISSOURI","2918270",595,2036,2631,1177,3808,0.690913865546218
"9206","2021-2022","MISSOURI","2918300",492,2540,3032,1432,4464,0.67921146953405
"9207","2021-2022","MISSOURI","2918330",0,106,106,29,135,0.785185185185185
"9208","2021-2022","MISSOURI","2918360",29,109,138,57,195,0.707692307692308
"9209","2021-2022","MISSOURI","2918420",14,23,37,20,57,0.649122807017544
"9210","2021-2022","MISSOURI","2918450",13,92,105,75,180,0.583333333333333
"9211","2021-2022","MISSOURI","2918460",108,266,374,142,516,0.724806201550388
"9212","2021-2022","MISSOURI","2918480",73,405,478,243,721,0.662968099861304
"9213","2021-2022","MISSOURI","2918510",14,111,125,56,181,0.69060773480663
"9214","2021-2022","MISSOURI","2918540",440,1772,2212,866,3078,0.718648473034438
"9215","2021-2022","MISSOURI","2918600",0,810,810,201,1011,0.801186943620178
"9216","2021-2022","MISSOURI","2918670",30,170,200,108,308,0.649350649350649
"9217","2021-2022","MISSOURI","2918690",73,573,646,385,1031,0.626576139670223
"9218","2021-2022","MISSOURI","2919080",66,175,241,115,356,0.676966292134832
"9219","2021-2022","MISSOURI","2919140",29,125,154,57,211,0.729857819905213
"9220","2021-2022","MISSOURI","2919170",54,413,467,290,757,0.616908850726552
"9221","2021-2022","MISSOURI","2919200",25,142,167,98,265,0.630188679245283
"9222","2021-2022","MISSOURI","2919230",24,38,62,25,87,0.71264367816092
"9223","2021-2022","MISSOURI","2919260",86,371,457,218,675,0.677037037037037
"9224","2021-2022","MISSOURI","2919350",97,405,502,241,743,0.67563930013459
"9225","2021-2022","MISSOURI","2919380",0,325,325,75,400,0.8125
"9226","2021-2022","MISSOURI","2919410",51,354,405,205,610,0.663934426229508
"9227","2021-2022","MISSOURI","2919840",24,78,102,38,140,0.728571428571429
"9228","2021-2022","MISSOURI","2919890",0,921,921,470,1391,0.662113587347232
"9229","2021-2022","MISSOURI","2919920",0,57,57,23,80,0.7125
"9230","2021-2022","MISSOURI","2919950",18,22,40,6,46,0.869565217391304
"9231","2021-2022","MISSOURI","2919980",67,241,308,158,466,0.660944206008584
"9232","2021-2022","MISSOURI","2920010",79,384,463,218,681,0.679882525697504
"9233","2021-2022","MISSOURI","2920050",63,182,245,101,346,0.708092485549133
"9234","2021-2022","MISSOURI","2920160",71,210,281,124,405,0.693827160493827
"9235","2021-2022","MISSOURI","2920280",23,47,70,19,89,0.786516853932584
"9236","2021-2022","MISSOURI","2920310",68,339,407,181,588,0.692176870748299
"9237","2021-2022","MISSOURI","2920340",5,23,28,10,38,0.736842105263158
"9238","2021-2022","MISSOURI","2920370",0,116,116,38,154,0.753246753246753
"9239","2021-2022","MISSOURI","2920410",90,961,1051,559,1610,0.652795031055901
"9240","2021-2022","MISSOURI","2920430",187,979,1166,540,1706,0.683470105509965
"9241","2021-2022","MISSOURI","2920490",93,317,410,166,576,0.711805555555556
"9242","2021-2022","MISSOURI","2920550",38,163,201,61,262,0.767175572519084
"9243","2021-2022","MISSOURI","2920610",352,2126,2478,906,3384,0.732269503546099
"9244","2021-2022","MISSOURI","2920640",37,51,88,17,105,0.838095238095238
"9245","2021-2022","MISSOURI","2920670",240,2099,2339,1336,3675,0.636462585034014
"9246","2021-2022","MISSOURI","2920700",115,162,277,61,338,0.819526627218935
"9247","2021-2022","MISSOURI","2920750",19,66,85,34,119,0.714285714285714
"9248","2021-2022","MISSOURI","2920810",16,2050,2066,748,2814,0.734186211798152
"9249","2021-2022","MISSOURI","2920820",15,46,61,14,75,0.813333333333333
"9250","2021-2022","MISSOURI","2920840",4,64,68,9,77,0.883116883116883
"9251","2021-2022","MISSOURI","2920880",0,0,0,0,0,NA
"9252","2021-2022","MISSOURI","2920940",61,284,345,111,456,0.756578947368421
"9253","2021-2022","MISSOURI","2921000",49,297,346,168,514,0.673151750972763
"9254","2021-2022","MISSOURI","2921030",4,3,7,3,10,0.7
"9255","2021-2022","MISSOURI","2921060",1,8,9,3,12,0.75
"9256","2021-2022","MISSOURI","2921100",142,1054,1196,666,1862,0.642320085929108
"9257","2021-2022","MISSOURI","2921120",202,1126,1328,521,1849,0.718226068144943
"9258","2021-2022","MISSOURI","2921150",13,29,42,13,55,0.763636363636364
"9259","2021-2022","MISSOURI","2921180",7,11,18,5,23,0.782608695652174
"9260","2021-2022","MISSOURI","2921210",26,178,204,129,333,0.612612612612613
"9261","2021-2022","MISSOURI","2921330",75,294,369,228,597,0.618090452261307
"9262","2021-2022","MISSOURI","2921360",6,33,39,23,62,0.629032258064516
"9263","2021-2022","MISSOURI","2921420",0,293,293,144,437,0.670480549199085
"9264","2021-2022","MISSOURI","2921480",16,52,68,34,102,0.666666666666667
"9265","2021-2022","MISSOURI","2921510",147,684,831,388,1219,0.681706316652994
"9266","2021-2022","MISSOURI","2921540",109,644,753,359,1112,0.677158273381295
"9267","2021-2022","MISSOURI","2921600",149,493,642,240,882,0.727891156462585
"9268","2021-2022","MISSOURI","2921660",43,38,81,20,101,0.801980198019802
"9269","2021-2022","MISSOURI","2921690",14,50,64,26,90,0.711111111111111
"9270","2021-2022","MISSOURI","2921720",52,160,212,92,304,0.697368421052632
"9271","2021-2022","MISSOURI","2921750",86,305,391,175,566,0.690812720848057
"9272","2021-2022","MISSOURI","2921810",365,2128,2493,1092,3585,0.695397489539749
"9273","2021-2022","MISSOURI","2921840",177,1033,1210,658,1868,0.647751605995717
"9274","2021-2022","MISSOURI","2921875",49,167,216,89,305,0.708196721311475
"9275","2021-2022","MISSOURI","2921880",0,89,89,15,104,0.855769230769231
"9276","2021-2022","MISSOURI","2921940",20,153,173,68,241,0.717842323651452
"9277","2021-2022","MISSOURI","2921960",50,137,187,84,271,0.690036900369004
"9278","2021-2022","MISSOURI","2922110",7,5,12,5,17,0.705882352941177
"9279","2021-2022","MISSOURI","2922140",36,204,240,125,365,0.657534246575342
"9280","2021-2022","MISSOURI","2922470",9,30,39,11,50,0.78
"9281","2021-2022","MISSOURI","2922500",35,120,155,73,228,0.679824561403509
"9282","2021-2022","MISSOURI","2922530",434,1386,1820,678,2498,0.728582866293034
"9283","2021-2022","MISSOURI","2922560",23,78,101,31,132,0.765151515151515
"9284","2021-2022","MISSOURI","2922620",21,31,52,21,73,0.712328767123288
"9285","2021-2022","MISSOURI","2922650",0,0,0,21,21,0
"9286","2021-2022","MISSOURI","2922710",25,67,92,31,123,0.747967479674797
"9287","2021-2022","MISSOURI","2922740",76,345,421,194,615,0.684552845528455
"9288","2021-2022","MISSOURI","2922770",15,82,97,21,118,0.822033898305085
"9289","2021-2022","MISSOURI","2922800",813,7262,8075,3625,11700,0.69017094017094
"9290","2021-2022","MISSOURI","2922830",40,86,126,58,184,0.684782608695652
"9291","2021-2022","MISSOURI","2922860",28,58,86,31,117,0.735042735042735
"9292","2021-2022","MISSOURI","2922890",367,1921,2288,1163,3451,0.662996232975949
"9293","2021-2022","MISSOURI","2922920",23,54,77,24,101,0.762376237623762
"9294","2021-2022","MISSOURI","2922950",15,163,178,79,257,0.692607003891051
"9295","2021-2022","MISSOURI","2922980",21,112,133,64,197,0.6751269035533
"9296","2021-2022","MISSOURI","2923010",75,439,514,266,780,0.658974358974359
"9297","2021-2022","MISSOURI","2923040",20,80,100,28,128,0.78125
"9298","2021-2022","MISSOURI","2923070",32,65,97,35,132,0.734848484848485
"9299","2021-2022","MISSOURI","2923100",110,604,714,296,1010,0.706930693069307
"9300","2021-2022","MISSOURI","2923130",46,126,172,87,259,0.664092664092664
"9301","2021-2022","MISSOURI","2923160",33,472,505,318,823,0.613608748481166
"9302","2021-2022","MISSOURI","2923190",0,3,3,6,9,0.333333333333333
"9303","2021-2022","MISSOURI","2923220",43,80,123,46,169,0.727810650887574
"9304","2021-2022","MISSOURI","2923250",10,19,29,18,47,0.617021276595745
"9305","2021-2022","MISSOURI","2923270",42,252,294,145,439,0.669703872437358
"9306","2021-2022","MISSOURI","2923310",37,51,88,24,112,0.785714285714286
"9307","2021-2022","MISSOURI","2923340",202,619,821,366,1187,0.691659646166807
"9308","2021-2022","MISSOURI","2923370",4,24,28,13,41,0.682926829268293
"9309","2021-2022","MISSOURI","2923400",0,108,108,41,149,0.724832214765101
"9310","2021-2022","MISSOURI","2923430",378,1328,1706,729,2435,0.700616016427105
"9311","2021-2022","MISSOURI","2923460",231,1150,1381,632,2013,0.686040735221063
"9312","2021-2022","MISSOURI","2923490",118,243,361,132,493,0.732251521298174
"9313","2021-2022","MISSOURI","2923530",27,127,154,66,220,0.7
"9314","2021-2022","MISSOURI","2923550",424,2299,2723,1161,3884,0.701081359423275
"9315","2021-2022","MISSOURI","2923580",25,1739,1764,1425,3189,0.553151458137347
"9316","2021-2022","MISSOURI","2923640",52,230,282,145,427,0.660421545667447
"9317","2021-2022","MISSOURI","2923670",0,195,195,52,247,0.789473684210526
"9318","2021-2022","MISSOURI","2923700",192,1521,1713,1091,2804,0.610912981455064
"9319","2021-2022","MISSOURI","2923730",410,1475,1885,679,2564,0.735179407176287
"9320","2021-2022","MISSOURI","2923760",0,208,208,97,305,0.681967213114754
"9321","2021-2022","MISSOURI","2923780",0,0,0,0,0,NA
"9322","2021-2022","MISSOURI","2923790",2,48,50,25,75,0.666666666666667
"9323","2021-2022","MISSOURI","2924530",188,747,935,496,1431,0.653389238294899
"9324","2021-2022","MISSOURI","2924690",0,114,114,36,150,0.76
"9325","2021-2022","MISSOURI","2925080",19,62,81,33,114,0.710526315789474
"9326","2021-2022","MISSOURI","2925110",47,230,277,121,398,0.695979899497487
"9327","2021-2022","MISSOURI","2925140",38,138,176,70,246,0.715447154471545
"9328","2021-2022","MISSOURI","2925170",36,61,97,25,122,0.795081967213115
"9329","2021-2022","MISSOURI","2925210",73,158,231,67,298,0.775167785234899
"9330","2021-2022","MISSOURI","2925230",129,785,914,410,1324,0.690332326283988
"9331","2021-2022","MISSOURI","2925290",17,151,168,83,251,0.669322709163347
"9332","2021-2022","MISSOURI","2925330",14,234,248,177,425,0.583529411764706
"9333","2021-2022","MISSOURI","2925350",70,360,430,198,628,0.684713375796178
"9334","2021-2022","MISSOURI","2925410",45,146,191,70,261,0.731800766283525
"9335","2021-2022","MISSOURI","2925450",259,3747,4006,1807,5813,0.689145019783244
"9336","2021-2022","MISSOURI","2925500",0,1988,1988,708,2696,0.737388724035608
"9337","2021-2022","MISSOURI","2925530",20,52,72,27,99,0.727272727272727
"9338","2021-2022","MISSOURI","2925590",32,79,111,39,150,0.74
"9339","2021-2022","MISSOURI","2925620",41,317,358,137,495,0.723232323232323
"9340","2021-2022","MISSOURI","2925640",65,236,301,104,405,0.74320987654321
"9341","2021-2022","MISSOURI","2925650",94,343,437,190,627,0.696969696969697
"9342","2021-2022","MISSOURI","2925710",20,224,244,155,399,0.611528822055138
"9343","2021-2022","MISSOURI","2926040",23,84,107,37,144,0.743055555555556
"9344","2021-2022","MISSOURI","2926070",355,3311,3666,2224,5890,0.622410865874363
"9345","2021-2022","MISSOURI","2926160",136,870,1006,539,1545,0.651132686084142
"9346","2021-2022","MISSOURI","2926190",15,35,50,17,67,0.746268656716418
"9347","2021-2022","MISSOURI","2926220",441,1422,1863,762,2625,0.709714285714286
"9348","2021-2022","MISSOURI","2926310",27,147,174,64,238,0.73109243697479
"9349","2021-2022","MISSOURI","2926370",50,165,215,119,334,0.643712574850299
"9350","2021-2022","MISSOURI","2926400",35,134,169,74,243,0.695473251028807
"9351","2021-2022","MISSOURI","2926430",17,326,343,120,463,0.740820734341253
"9352","2021-2022","MISSOURI","2926480",104,587,691,328,1019,0.678115799803729
"9353","2021-2022","MISSOURI","2926490",13,51,64,35,99,0.646464646464647
"9354","2021-2022","MISSOURI","2926550",0,121,121,41,162,0.746913580246914
"9355","2021-2022","MISSOURI","2926580",12,80,92,47,139,0.661870503597122
"9356","2021-2022","MISSOURI","2926610",14,87,101,52,153,0.660130718954248
"9357","2021-2022","MISSOURI","2926640",0,6166,6166,2298,8464,0.728497164461248
"9358","2021-2022","MISSOURI","2926670",0,5288,5288,3505,8793,0.601387467303537
"9359","2021-2022","MISSOURI","2926760",4,1319,1323,629,1952,0.677766393442623
"9360","2021-2022","MISSOURI","2926790",17,84,101,50,151,0.66887417218543
"9361","2021-2022","MISSOURI","2926850",271,2134,2405,1148,3553,0.676892766676048
"9362","2021-2022","MISSOURI","2926890",86,909,995,695,1690,0.588757396449704
"9363","2021-2022","MISSOURI","2926940",0,28,28,16,44,0.636363636363636
"9364","2021-2022","MISSOURI","2926970",26,105,131,74,205,0.639024390243902
"9365","2021-2022","MISSOURI","2927060",129,6950,7079,3295,10374,0.682379024484288
"9366","2021-2022","MISSOURI","2927090",100,566,666,397,1063,0.626528692380056
"9367","2021-2022","MISSOURI","2927330",0,7,7,3,10,0.7
"9368","2021-2022","MISSOURI","2927450",0,65,65,9,74,0.878378378378378
"9369","2021-2022","MISSOURI","2927520",39,123,162,58,220,0.736363636363636
"9370","2021-2022","MISSOURI","2927540",58,437,495,183,678,0.730088495575221
"9371","2021-2022","MISSOURI","2927570",104,453,557,304,861,0.646922183507549
"9372","2021-2022","MISSOURI","2927600",0,189,189,51,240,0.7875
"9373","2021-2022","MISSOURI","2927630",233,695,928,434,1362,0.681350954478708
"9374","2021-2022","MISSOURI","2927660",59,173,232,107,339,0.684365781710914
"9375","2021-2022","MISSOURI","2927830",339,2509,2848,1478,4326,0.6583448913546
"9376","2021-2022","MISSOURI","2927870",0,681,681,259,940,0.724468085106383
"9377","2021-2022","MISSOURI","2927900",145,547,692,310,1002,0.69061876247505
"9378","2021-2022","MISSOURI","2927930",97,375,472,191,663,0.711915535444947
"9379","2021-2022","MISSOURI","2928080",5,12,17,6,23,0.739130434782609
"9380","2021-2022","MISSOURI","2928110",53,300,353,163,516,0.684108527131783
"9381","2021-2022","MISSOURI","2928140",18,61,79,27,106,0.745283018867924
"9382","2021-2022","MISSOURI","2928170",13,71,84,47,131,0.641221374045801
"9383","2021-2022","MISSOURI","2928200",0,118,118,49,167,0.706586826347305
"9384","2021-2022","MISSOURI","2928260",1,3091,3092,1218,4310,0.717401392111369
"9385","2021-2022","MISSOURI","2928290",34,107,141,67,208,0.677884615384615
"9386","2021-2022","MISSOURI","2928360",0,359,359,97,456,0.787280701754386
"9387","2021-2022","MISSOURI","2928380",40,148,188,79,267,0.704119850187266
"9388","2021-2022","MISSOURI","2928410",65,273,338,124,462,0.731601731601732
"9389","2021-2022","MISSOURI","2928430",26,156,182,73,255,0.713725490196078
"9390","2021-2022","MISSOURI","2928470",32,178,210,92,302,0.695364238410596
"9391","2021-2022","MISSOURI","2928500",0,0,0,0,0,NA
"9392","2021-2022","MISSOURI","2928530",0,585,585,241,826,0.708232445520581
"9393","2021-2022","MISSOURI","2928560",45,249,294,131,425,0.691764705882353
"9394","2021-2022","MISSOURI","2928590",75,223,298,117,415,0.718072289156626
"9395","2021-2022","MISSOURI","2928620",0,241,241,122,363,0.663911845730028
"9396","2021-2022","MISSOURI","2928680",22,99,121,36,157,0.770700636942675
"9397","2021-2022","MISSOURI","2928710",58,389,447,226,673,0.664190193164933
"9398","2021-2022","MISSOURI","2928740",100,338,438,178,616,0.711038961038961
"9399","2021-2022","MISSOURI","2928770",0,25,25,9,34,0.735294117647059
"9400","2021-2022","MISSOURI","2928800",60,183,243,104,347,0.70028818443804
"9401","2021-2022","MISSOURI","2928860",1424,8659,10083,5858,15941,0.632519917194655
"9402","2021-2022","MISSOURI","2928920",164,1292,1456,777,2233,0.652037617554859
"9403","2021-2022","MISSOURI","2928950",318,2131,2449,1126,3575,0.685034965034965
"9404","2021-2022","MISSOURI","2929100",176,896,1072,503,1575,0.680634920634921
"9405","2021-2022","MISSOURI","2929130",7,39,46,19,65,0.707692307692308
"9406","2021-2022","MISSOURI","2929170",165,835,1000,582,1582,0.632111251580278
"9407","2021-2022","MISSOURI","2929250",211,719,930,366,1296,0.717592592592593
"9408","2021-2022","MISSOURI","2929280",0,18557,18557,10302,28859,0.643022973769015
"9409","2021-2022","MISSOURI","2929340",36,93,129,39,168,0.767857142857143
"9410","2021-2022","MISSOURI","2929370",79,486,565,335,900,0.627777777777778
"9411","2021-2022","MISSOURI","2929430",15,283,298,234,532,0.56015037593985
"9412","2021-2022","MISSOURI","2929490",21,58,79,27,106,0.745283018867924
"9413","2021-2022","MISSOURI","2929520",142,411,553,235,788,0.701776649746193
"9414","2021-2022","MISSOURI","2929580",31,173,204,130,334,0.610778443113772
"9415","2021-2022","MISSOURI","2929610",0,820,820,255,1075,0.762790697674419
"9416","2021-2022","MISSOURI","2929640",68,391,459,233,692,0.663294797687861
"9417","2021-2022","MISSOURI","2929670",9,13,22,5,27,0.814814814814815
"9418","2021-2022","MISSOURI","2929700",14,129,143,79,222,0.644144144144144
"9419","2021-2022","MISSOURI","2929730",0,113,113,28,141,0.801418439716312
"9420","2021-2022","MISSOURI","2929760",82,695,777,491,1268,0.612776025236593
"9421","2021-2022","MISSOURI","2929810",46,170,216,112,328,0.658536585365854
"9422","2021-2022","MISSOURI","2929820",27,98,125,54,179,0.698324022346369
"9423","2021-2022","MISSOURI","2929850",5,18,23,16,39,0.58974358974359
"9424","2021-2022","MISSOURI","2929880",22,127,149,67,216,0.689814814814815
"9425","2021-2022","MISSOURI","2929910",23,65,88,44,132,0.666666666666667
"9426","2021-2022","MISSOURI","2929940",33,88,121,48,169,0.715976331360947
"9427","2021-2022","MISSOURI","2930270",70,354,424,201,625,0.6784
"9428","2021-2022","MISSOURI","2930300",30,24,54,18,72,0.75
"9429","2021-2022","MISSOURI","2930330",47,190,237,127,364,0.651098901098901
"9430","2021-2022","MISSOURI","2930360",66,413,479,240,719,0.666203059805285
"9431","2021-2022","MISSOURI","2930390",26,45,71,22,93,0.763440860215054
"9432","2021-2022","MISSOURI","2930420",192,629,821,362,1183,0.693998309382925
"9433","2021-2022","MISSOURI","2930450",244,1417,1661,1034,2695,0.616326530612245
"9434","2021-2022","MISSOURI","2930510",14,69,83,38,121,0.685950413223141
"9435","2021-2022","MISSOURI","2930520",4,829,833,278,1111,0.74977497749775
"9436","2021-2022","MISSOURI","2930570",121,967,1088,622,1710,0.636257309941521
"9437","2021-2022","MISSOURI","2930600",13,21,34,11,45,0.755555555555556
"9438","2021-2022","MISSOURI","2930660",0,0,0,21,21,0
"9439","2021-2022","MISSOURI","2930690",9,179,188,141,329,0.571428571428571
"9440","2021-2022","MISSOURI","2930720",0,58,58,56,114,0.508771929824561
"9441","2021-2022","MISSOURI","2930750",47,265,312,167,479,0.651356993736952
"9442","2021-2022","MISSOURI","2930780",14,210,224,145,369,0.607046070460705
"9443","2021-2022","MISSOURI","2930810",43,260,303,98,401,0.755610972568579
"9444","2021-2022","MISSOURI","2930840",154,571,725,330,1055,0.687203791469194
"9445","2021-2022","MISSOURI","2930870",56,109,165,51,216,0.763888888888889
"9446","2021-2022","MISSOURI","2930900",31,66,97,28,125,0.776
"9447","2021-2022","MISSOURI","2930990",42,79,121,47,168,0.720238095238095
"9448","2021-2022","MISSOURI","2931020",263,951,1214,508,1722,0.704994192799071
"9449","2021-2022","MISSOURI","2931050",212,1083,1295,637,1932,0.670289855072464
"9450","2021-2022","MISSOURI","2931070",0,1250,1250,398,1648,0.758495145631068
"9451","2021-2022","MISSOURI","2931110",142,656,798,303,1101,0.724795640326976
"9452","2021-2022","MISSOURI","2931140",0,815,815,317,1132,0.719964664310954
"9453","2021-2022","MISSOURI","2931230",0,101,101,34,135,0.748148148148148
"9454","2021-2022","MISSOURI","2931440",811,1438,2249,726,2975,0.755966386554622
"9455","2021-2022","MISSOURI","2931460",53,160,213,103,316,0.674050632911392
"9456","2021-2022","MISSOURI","2931500",327,1419,1746,849,2595,0.672832369942197
"9457","2021-2022","MISSOURI","2931530",29,379,408,286,694,0.587896253602305
"9458","2021-2022","MISSOURI","2931560",17,106,123,44,167,0.736526946107784
"9459","2021-2022","MISSOURI","2931620",22,158,180,98,278,0.647482014388489
"9460","2021-2022","MISSOURI","2931650",99,1671,1770,1301,3071,0.576359492022143
"9461","2021-2022","MISSOURI","2931680",175,1092,1267,731,1998,0.634134134134134
"9462","2021-2022","MISSOURI","2931710",21,63,84,27,111,0.756756756756757
"9463","2021-2022","MISSOURI","2931800",23,85,108,44,152,0.710526315789474
"9464","2021-2022","MISSOURI","2931830",60,111,171,55,226,0.756637168141593
"9465","2021-2022","MISSOURI","2931860",34,193,227,133,360,0.630555555555556
"9466","2021-2022","MISSOURI","2931890",6,67,73,35,108,0.675925925925926
"9467","2021-2022","MISSOURI","2931920",23,172,195,82,277,0.703971119133574
"9468","2021-2022","MISSOURI","2931950",43,236,279,117,396,0.704545454545455
"9469","2021-2022","MISSOURI","2932010",321,1440,1761,801,2562,0.687353629976581
"9470","2021-2022","MISSOURI","2932070",163,630,793,405,1198,0.661936560934892
"9471","2021-2022","MISSOURI","2932100",188,695,883,444,1327,0.665410700828937
"9472","2021-2022","MISSOURI","2932110",11,209,220,173,393,0.559796437659033
"9473","2021-2022","MISSOURI","2932190",49,469,518,325,843,0.614472123368921
"9474","2021-2022","MISSOURI","2932220",57,316,373,176,549,0.679417122040073
"9475","2021-2022","MISSOURI","2932250",4,37,41,25,66,0.621212121212121
"9476","2021-2022","MISSOURI","2932300",36,104,140,52,192,0.729166666666667
"9477","2021-2022","MISSOURI","2932310",91,597,688,299,987,0.697061803444782
"9478","2021-2022","MISSOURI","2932490",0,204,204,67,271,0.752767527675277
"9479","2021-2022","MONTANA","3000002",0,0,0,135,135,0
"9480","2021-2022","MONTANA","3000003",0,0,0,278,278,0
"9481","2021-2022","MONTANA","3000004",0,0,0,3,3,0
"9482","2021-2022","MONTANA","3000005",0,0,0,1510,1510,0
"9483","2021-2022","MONTANA","3000006",0,0,0,11,11,0
"9484","2021-2022","MONTANA","3000007",0,0,0,0,0,NA
"9485","2021-2022","MONTANA","3000008",0,0,0,63,63,0
"9486","2021-2022","MONTANA","3000090",0,0,0,35,35,0
"9487","2021-2022","MONTANA","3000091",0,0,0,21,21,0
"9488","2021-2022","MONTANA","3000093",0,0,0,12,12,0
"9489","2021-2022","MONTANA","3000094",0,0,0,5,5,0
"9490","2021-2022","MONTANA","3000095",0,0,0,147,147,0
"9491","2021-2022","MONTANA","3000096",0,0,0,30,30,0
"9492","2021-2022","MONTANA","3000097",0,0,0,11,11,0
"9493","2021-2022","MONTANA","3000098",0,0,0,58,58,0
"9494","2021-2022","MONTANA","3000099",0,0,0,193,193,0
"9495","2021-2022","MONTANA","3000100",0,0,0,16,16,0
"9496","2021-2022","MONTANA","3000101",0,0,0,17,17,0
"9497","2021-2022","MONTANA","3000102",0,0,0,47,47,0
"9498","2021-2022","MONTANA","3000654",0,0,0,15,15,0
"9499","2021-2022","MONTANA","3000655",0,0,0,528,528,0
"9500","2021-2022","MONTANA","3000656",0,0,0,603,603,0
"9501","2021-2022","MONTANA","3000932",0,0,0,15,15,0
"9502","2021-2022","MONTANA","3000933",0,0,0,7,7,0
"9503","2021-2022","MONTANA","3001710",0,0,0,18,18,0
"9504","2021-2022","MONTANA","3001740",0,0,0,6,6,0
"9505","2021-2022","MONTANA","3001860",0,0,0,73,73,0
"9506","2021-2022","MONTANA","3001950",0,0,0,3,3,0
"9507","2021-2022","MONTANA","3001980",0,0,0,10,10,0
"9508","2021-2022","MONTANA","3002010",0,0,0,333,333,0
"9509","2021-2022","MONTANA","3002030",0,0,0,102,102,0
"9510","2021-2022","MONTANA","3002070",0,0,0,6,6,0
"9511","2021-2022","MONTANA","3002220",0,0,0,147,147,0
"9512","2021-2022","MONTANA","3002250",0,0,0,68,68,0
"9513","2021-2022","MONTANA","3002300",0,0,0,11,11,0
"9514","2021-2022","MONTANA","3002430",0,0,0,11,11,0
"9515","2021-2022","MONTANA","3002450",0,0,0,3,3,0
"9516","2021-2022","MONTANA","3002490",0,0,0,3,3,0
"9517","2021-2022","MONTANA","3002550",0,0,0,8,8,0
"9518","2021-2022","MONTANA","3002570",0,0,0,0,0,NA
"9519","2021-2022","MONTANA","3002640",0,0,0,13,13,0
"9520","2021-2022","MONTANA","3002730",0,0,0,76,76,0
"9521","2021-2022","MONTANA","3002820",0,0,0,11,11,0
"9522","2021-2022","MONTANA","3002850",0,0,0,82,82,0
"9523","2021-2022","MONTANA","3003000",0,0,0,3,3,0
"9524","2021-2022","MONTANA","3003090",0,0,0,73,73,0
"9525","2021-2022","MONTANA","3003270",0,0,0,22,22,0
"9526","2021-2022","MONTANA","3003290",0,0,0,475,475,0
"9527","2021-2022","MONTANA","3003330",0,0,0,179,179,0
"9528","2021-2022","MONTANA","3003420",0,0,0,51,51,0
"9529","2021-2022","MONTANA","3003450",0,0,0,11,11,0
"9530","2021-2022","MONTANA","3003480",0,0,0,0,0,NA
"9531","2021-2022","MONTANA","3003600",0,0,0,0,0,NA
"9532","2021-2022","MONTANA","3003660",0,0,0,0,0,NA
"9533","2021-2022","MONTANA","3003750",0,0,0,42,42,0
"9534","2021-2022","MONTANA","3003800",0,0,0,59,59,0
"9535","2021-2022","MONTANA","3003820",0,0,0,108,108,0
"9536","2021-2022","MONTANA","3003840",0,0,0,56,56,0
"9537","2021-2022","MONTANA","3003870",0,0,0,4193,4193,0
"9538","2021-2022","MONTANA","3003900",0,0,0,1506,1506,0
"9539","2021-2022","MONTANA","3003990",0,0,0,0,0,NA
"9540","2021-2022","MONTANA","3004050",0,0,0,0,0,NA
"9541","2021-2022","MONTANA","3004200",0,0,0,3,3,0
"9542","2021-2022","MONTANA","3004230",0,0,0,24,24,0
"9543","2021-2022","MONTANA","3004260",0,0,0,127,127,0
"9544","2021-2022","MONTANA","3004380",0,0,0,69,69,0
"9545","2021-2022","MONTANA","3004440",0,0,0,213,213,0
"9546","2021-2022","MONTANA","3004500",0,0,0,71,71,0
"9547","2021-2022","MONTANA","3004560",0,0,0,568,568,0
"9548","2021-2022","MONTANA","3004590",0,0,0,203,203,0
"9549","2021-2022","MONTANA","3004800",0,0,0,47,47,0
"9550","2021-2022","MONTANA","3004860",0,0,0,11,11,0
"9551","2021-2022","MONTANA","3004890",0,0,0,24,24,0
"9552","2021-2022","MONTANA","3004920",0,0,0,5,5,0
"9553","2021-2022","MONTANA","3004980",0,0,0,162,162,0
"9554","2021-2022","MONTANA","3005010",0,0,0,86,86,0
"9555","2021-2022","MONTANA","3005040",0,0,0,37,37,0
"9556","2021-2022","MONTANA","3005130",0,0,0,0,0,NA
"9557","2021-2022","MONTANA","3005140",0,0,0,864,864,0
"9558","2021-2022","MONTANA","3005190",0,0,0,380,380,0
"9559","2021-2022","MONTANA","3005280",0,0,0,1187,1187,0
"9560","2021-2022","MONTANA","3005310",0,0,0,386,386,0
"9561","2021-2022","MONTANA","3005330",0,0,0,3,3,0
"9562","2021-2022","MONTANA","3005460",0,0,0,53,53,0
"9563","2021-2022","MONTANA","3005550",0,0,0,13,13,0
"9564","2021-2022","MONTANA","3005610",0,0,0,5,5,0
"9565","2021-2022","MONTANA","3005760",0,0,0,0,0,NA
"9566","2021-2022","MONTANA","3005850",0,0,0,91,91,0
"9567","2021-2022","MONTANA","3005880",0,0,0,33,33,0
"9568","2021-2022","MONTANA","3005910",0,0,0,10,10,0
"9569","2021-2022","MONTANA","3005990",0,0,0,51,51,0
"9570","2021-2022","MONTANA","3006030",0,0,0,4,4,0
"9571","2021-2022","MONTANA","3006110",0,0,0,273,273,0
"9572","2021-2022","MONTANA","3006112",0,0,0,53,53,0
"9573","2021-2022","MONTANA","3006115",0,0,0,22,22,0
"9574","2021-2022","MONTANA","3006260",0,0,0,52,52,0
"9575","2021-2022","MONTANA","3006270",0,0,0,28,28,0
"9576","2021-2022","MONTANA","3006320",0,0,0,66,66,0
"9577","2021-2022","MONTANA","3006330",0,0,0,23,23,0
"9578","2021-2022","MONTANA","3006790",0,0,0,14,14,0
"9579","2021-2022","MONTANA","3006810",0,0,0,5,5,0
"9580","2021-2022","MONTANA","3006840",0,0,0,47,47,0
"9581","2021-2022","MONTANA","3006870",0,0,0,68,68,0
"9582","2021-2022","MONTANA","3007030",0,0,0,3,3,0
"9583","2021-2022","MONTANA","3007050",0,0,0,109,109,0
"9584","2021-2022","MONTANA","3007080",0,0,0,29,29,0
"9585","2021-2022","MONTANA","3007110",0,0,0,570,570,0
"9586","2021-2022","MONTANA","3007140",0,0,0,182,182,0
"9587","2021-2022","MONTANA","3007190",0,0,0,93,93,0
"9588","2021-2022","MONTANA","3007200",0,0,0,38,38,0
"9589","2021-2022","MONTANA","3007320",0,0,0,33,33,0
"9590","2021-2022","MONTANA","3007330",0,0,0,113,113,0
"9591","2021-2022","MONTANA","3007350",0,0,0,0,0,NA
"9592","2021-2022","MONTANA","3007410",0,0,0,324,324,0
"9593","2021-2022","MONTANA","3007500",0,0,0,3,3,0
"9594","2021-2022","MONTANA","3007710",0,0,0,20,20,0
"9595","2021-2022","MONTANA","3007830",0,0,0,64,64,0
"9596","2021-2022","MONTANA","3007860",0,0,0,16,16,0
"9597","2021-2022","MONTANA","3007930",0,0,0,101,101,0
"9598","2021-2022","MONTANA","3007980",0,0,0,8,8,0
"9599","2021-2022","MONTANA","3008010",0,0,0,0,0,NA
"9600","2021-2022","MONTANA","3008130",0,0,0,27,27,0
"9601","2021-2022","MONTANA","3008190",0,0,0,96,96,0
"9602","2021-2022","MONTANA","3008280",0,0,0,142,142,0
"9603","2021-2022","MONTANA","3008310",0,0,0,3,3,0
"9604","2021-2022","MONTANA","3008340",0,0,0,62,62,0
"9605","2021-2022","MONTANA","3008400",0,0,0,0,0,NA
"9606","2021-2022","MONTANA","3008470",0,0,0,3,3,0
"9607","2021-2022","MONTANA","3008670",0,0,0,155,155,0
"9608","2021-2022","MONTANA","3008700",0,0,0,40,40,0
"9609","2021-2022","MONTANA","3008730",0,0,0,3,3,0
"9610","2021-2022","MONTANA","3008850",0,0,0,0,0,NA
"9611","2021-2022","MONTANA","3008860",0,0,0,6,6,0
"9612","2021-2022","MONTANA","3008880",0,0,0,50,50,0
"9613","2021-2022","MONTANA","3008910",0,0,0,195,195,0
"9614","2021-2022","MONTANA","3009000",0,0,0,0,0,NA
"9615","2021-2022","MONTANA","3009030",0,0,0,35,35,0
"9616","2021-2022","MONTANA","3009120",0,0,0,41,41,0
"9617","2021-2022","MONTANA","3009180",0,0,0,27,27,0
"9618","2021-2022","MONTANA","3009210",0,0,0,15,15,0
"9619","2021-2022","MONTANA","3009330",0,0,0,3,3,0
"9620","2021-2022","MONTANA","3009510",0,0,0,32,32,0
"9621","2021-2022","MONTANA","3009670",0,0,0,14,14,0
"9622","2021-2022","MONTANA","3009720",0,0,0,83,83,0
"9623","2021-2022","MONTANA","3009780",0,0,0,6,6,0
"9624","2021-2022","MONTANA","3009840",0,0,0,66,66,0
"9625","2021-2022","MONTANA","3009930",0,0,0,42,42,0
"9626","2021-2022","MONTANA","3010080",0,0,0,145,145,0
"9627","2021-2022","MONTANA","3010140",0,0,0,32,32,0
"9628","2021-2022","MONTANA","3010170",0,0,0,28,28,0
"9629","2021-2022","MONTANA","3010210",0,0,0,48,48,0
"9630","2021-2022","MONTANA","3010230",0,0,0,25,25,0
"9631","2021-2022","MONTANA","3010290",0,0,0,16,16,0
"9632","2021-2022","MONTANA","3010530",0,0,0,73,73,0
"9633","2021-2022","MONTANA","3010800",0,0,0,3,3,0
"9634","2021-2022","MONTANA","3010820",0,0,0,3,3,0
"9635","2021-2022","MONTANA","3010920",0,0,0,397,397,0
"9636","2021-2022","MONTANA","3010950",0,0,0,44,44,0
"9637","2021-2022","MONTANA","3011100",0,0,0,153,153,0
"9638","2021-2022","MONTANA","3011160",0,0,0,58,58,0
"9639","2021-2022","MONTANA","3011190",0,0,0,11,11,0
"9640","2021-2022","MONTANA","3011240",0,0,0,63,63,0
"9641","2021-2022","MONTANA","3011260",0,0,0,13,13,0
"9642","2021-2022","MONTANA","3011340",0,0,0,22,22,0
"9643","2021-2022","MONTANA","3011420",0,0,0,59,59,0
"9644","2021-2022","MONTANA","3011460",0,0,0,27,27,0
"9645","2021-2022","MONTANA","3011520",0,0,0,345,345,0
"9646","2021-2022","MONTANA","3011550",0,0,0,9,9,0
"9647","2021-2022","MONTANA","3011580",0,0,0,5,5,0
"9648","2021-2022","MONTANA","3011650",0,0,0,56,56,0
"9649","2021-2022","MONTANA","3011670",0,0,0,53,53,0
"9650","2021-2022","MONTANA","3011730",0,0,0,0,0,NA
"9651","2021-2022","MONTANA","3011790",0,0,0,18,18,0
"9652","2021-2022","MONTANA","3011820",0,0,0,6,6,0
"9653","2021-2022","MONTANA","3011850",0,0,0,3,3,0
"9654","2021-2022","MONTANA","3011880",0,0,0,3,3,0
"9655","2021-2022","MONTANA","3011990",0,0,0,0,0,NA
"9656","2021-2022","MONTANA","3012060",0,0,0,0,0,NA
"9657","2021-2022","MONTANA","3012210",0,0,0,17,17,0
"9658","2021-2022","MONTANA","3012300",0,0,0,6,6,0
"9659","2021-2022","MONTANA","3012350",0,0,0,3,3,0
"9660","2021-2022","MONTANA","3012420",0,0,0,215,215,0
"9661","2021-2022","MONTANA","3012510",0,0,0,229,229,0
"9662","2021-2022","MONTANA","3012570",0,0,0,0,0,NA
"9663","2021-2022","MONTANA","3012600",0,0,0,3,3,0
"9664","2021-2022","MONTANA","3012840",0,0,0,30,30,0
"9665","2021-2022","MONTANA","3012900",0,0,0,0,0,NA
"9666","2021-2022","MONTANA","3012960",0,0,0,7,7,0
"9667","2021-2022","MONTANA","3012990",0,0,0,4,4,0
"9668","2021-2022","MONTANA","3013040",0,0,0,2882,2882,0
"9669","2021-2022","MONTANA","3013050",0,0,0,971,971,0
"9670","2021-2022","MONTANA","3013110",0,0,0,12,12,0
"9671","2021-2022","MONTANA","3013140",0,0,0,0,0,NA
"9672","2021-2022","MONTANA","3013200",0,0,0,5,5,0
"9673","2021-2022","MONTANA","3013260",0,0,0,512,512,0
"9674","2021-2022","MONTANA","3013280",0,0,0,3,3,0
"9675","2021-2022","MONTANA","3013310",0,0,0,958,958,0
"9676","2021-2022","MONTANA","3013340",0,0,0,326,326,0
"9677","2021-2022","MONTANA","3013360",0,0,0,64,64,0
"9678","2021-2022","MONTANA","3013395",0,0,0,268,268,0
"9679","2021-2022","MONTANA","3013400",0,0,0,89,89,0
"9680","2021-2022","MONTANA","3013470",0,0,0,73,73,0
"9681","2021-2022","MONTANA","3013530",0,0,0,25,25,0
"9682","2021-2022","MONTANA","3013560",0,0,0,481,481,0
"9683","2021-2022","MONTANA","3013590",0,0,0,142,142,0
"9684","2021-2022","MONTANA","3013660",0,0,0,243,243,0
"9685","2021-2022","MONTANA","3013800",0,0,0,84,84,0
"9686","2021-2022","MONTANA","3013830",0,0,0,483,483,0
"9687","2021-2022","MONTANA","3013860",0,0,0,379,379,0
"9688","2021-2022","MONTANA","3013890",0,0,0,3,3,0
"9689","2021-2022","MONTANA","3014070",0,0,0,16,16,0
"9690","2021-2022","MONTANA","3014150",0,0,0,13,13,0
"9691","2021-2022","MONTANA","3014340",0,0,0,6,6,0
"9692","2021-2022","MONTANA","3014370",0,0,0,4,4,0
"9693","2021-2022","MONTANA","3014430",0,0,0,13,13,0
"9694","2021-2022","MONTANA","3014640",0,0,0,70,70,0
"9695","2021-2022","MONTANA","3014700",0,0,0,233,233,0
"9696","2021-2022","MONTANA","3014760",0,0,0,10,10,0
"9697","2021-2022","MONTANA","3014820",0,0,0,41,41,0
"9698","2021-2022","MONTANA","3015060",0,0,0,0,0,NA
"9699","2021-2022","MONTANA","3015120",0,0,0,48,48,0
"9700","2021-2022","MONTANA","3015200",0,0,0,43,43,0
"9701","2021-2022","MONTANA","3015260",0,0,0,20,20,0
"9702","2021-2022","MONTANA","3015340",0,0,0,16,16,0
"9703","2021-2022","MONTANA","3015360",0,0,0,10,10,0
"9704","2021-2022","MONTANA","3015390",0,0,0,0,0,NA
"9705","2021-2022","MONTANA","3015420",0,0,0,718,718,0
"9706","2021-2022","MONTANA","3015450",0,0,0,1005,1005,0
"9707","2021-2022","MONTANA","3015510",0,0,0,0,0,NA
"9708","2021-2022","MONTANA","3015570",0,0,0,56,56,0
"9709","2021-2022","MONTANA","3015610",0,0,0,3,3,0
"9710","2021-2022","MONTANA","3015640",0,0,0,24,24,0
"9711","2021-2022","MONTANA","3015690",0,0,0,0,0,NA
"9712","2021-2022","MONTANA","3015900",0,0,0,16,16,0
"9713","2021-2022","MONTANA","3015930",0,0,0,0,0,NA
"9714","2021-2022","MONTANA","3015990",0,0,0,13,13,0
"9715","2021-2022","MONTANA","3016020",0,0,0,3,3,0
"9716","2021-2022","MONTANA","3016050",0,0,0,334,334,0
"9717","2021-2022","MONTANA","3016110",0,0,0,6,6,0
"9718","2021-2022","MONTANA","3016200",0,0,0,367,367,0
"9719","2021-2022","MONTANA","3016230",0,0,0,125,125,0
"9720","2021-2022","MONTANA","3016290",0,0,0,13,13,0
"9721","2021-2022","MONTANA","3016490",0,0,0,224,224,0
"9722","2021-2022","MONTANA","3016530",0,0,0,508,508,0
"9723","2021-2022","MONTANA","3016710",0,0,0,16,16,0
"9724","2021-2022","MONTANA","3016770",0,0,0,68,68,0
"9725","2021-2022","MONTANA","3016810",0,0,0,60,60,0
"9726","2021-2022","MONTANA","3016880",0,0,0,226,226,0
"9727","2021-2022","MONTANA","3017010",0,0,0,213,213,0
"9728","2021-2022","MONTANA","3017040",0,0,0,152,152,0
"9729","2021-2022","MONTANA","3017130",0,0,0,139,139,0
"9730","2021-2022","MONTANA","3017190",0,0,0,84,84,0
"9731","2021-2022","MONTANA","3017340",0,0,0,4,4,0
"9732","2021-2022","MONTANA","3017370",0,0,0,3,3,0
"9733","2021-2022","MONTANA","3017460",0,0,0,4,4,0
"9734","2021-2022","MONTANA","3017520",0,0,0,0,0,NA
"9735","2021-2022","MONTANA","3017580",0,0,0,123,123,0
"9736","2021-2022","MONTANA","3017610",0,0,0,57,57,0
"9737","2021-2022","MONTANA","3017640",0,0,0,25,25,0
"9738","2021-2022","MONTANA","3017700",0,0,0,84,84,0
"9739","2021-2022","MONTANA","3018060",0,0,0,0,0,NA
"9740","2021-2022","MONTANA","3018170",0,0,0,27,27,0
"9741","2021-2022","MONTANA","3018210",0,0,0,0,0,NA
"9742","2021-2022","MONTANA","3018240",0,0,0,15,15,0
"9743","2021-2022","MONTANA","3018270",0,0,0,6,6,0
"9744","2021-2022","MONTANA","3018290",0,0,0,5,5,0
"9745","2021-2022","MONTANA","3018410",0,0,0,310,310,0
"9746","2021-2022","MONTANA","3018540",0,0,0,1039,1039,0
"9747","2021-2022","MONTANA","3018570",0,0,0,1733,1733,0
"9748","2021-2022","MONTANA","3018750",0,0,0,63,63,0
"9749","2021-2022","MONTANA","3018780",0,0,0,38,38,0
"9750","2021-2022","MONTANA","3018870",0,0,0,18,18,0
"9751","2021-2022","MONTANA","3018900",0,0,0,3,3,0
"9752","2021-2022","MONTANA","3018960",0,0,0,21,21,0
"9753","2021-2022","MONTANA","3019170",0,0,0,21,21,0
"9754","2021-2022","MONTANA","3019310",0,0,0,0,0,NA
"9755","2021-2022","MONTANA","3019500",0,0,0,26,26,0
"9756","2021-2022","MONTANA","3019530",0,0,0,0,0,NA
"9757","2021-2022","MONTANA","3019740",0,0,0,8,8,0
"9758","2021-2022","MONTANA","3019950",0,0,0,4,4,0
"9759","2021-2022","MONTANA","3020040",0,0,0,53,53,0
"9760","2021-2022","MONTANA","3020070",0,0,0,22,22,0
"9761","2021-2022","MONTANA","3020100",0,0,0,65,65,0
"9762","2021-2022","MONTANA","3020170",0,0,0,3,3,0
"9763","2021-2022","MONTANA","3020240",0,0,0,3,3,0
"9764","2021-2022","MONTANA","3020670",0,0,0,6,6,0
"9765","2021-2022","MONTANA","3020690",0,0,0,0,0,NA
"9766","2021-2022","MONTANA","3020790",0,0,0,23,23,0
"9767","2021-2022","MONTANA","3020850",0,0,0,165,165,0
"9768","2021-2022","MONTANA","3020880",0,0,0,4,4,0
"9769","2021-2022","MONTANA","3020960",0,0,0,54,54,0
"9770","2021-2022","MONTANA","3021000",0,0,0,24,24,0
"9771","2021-2022","MONTANA","3021030",0,0,0,3,3,0
"9772","2021-2022","MONTANA","3021060",0,0,0,541,541,0
"9773","2021-2022","MONTANA","3021090",0,0,0,176,176,0
"9774","2021-2022","MONTANA","3021150",0,0,0,3,3,0
"9775","2021-2022","MONTANA","3021240",0,0,0,451,451,0
"9776","2021-2022","MONTANA","3021270",0,0,0,169,169,0
"9777","2021-2022","MONTANA","3021330",0,0,0,29,29,0
"9778","2021-2022","MONTANA","3021450",0,0,0,50,50,0
"9779","2021-2022","MONTANA","3021480",0,0,0,3,3,0
"9780","2021-2022","MONTANA","3021510",0,0,0,15,15,0
"9781","2021-2022","MONTANA","3021540",0,0,0,5,5,0
"9782","2021-2022","MONTANA","3021720",0,0,0,62,62,0
"9783","2021-2022","MONTANA","3021850",0,0,0,38,38,0
"9784","2021-2022","MONTANA","3021870",0,0,0,3,3,0
"9785","2021-2022","MONTANA","3021900",0,0,0,3,3,0
"9786","2021-2022","MONTANA","3021960",0,0,0,8,8,0
"9787","2021-2022","MONTANA","3022080",0,0,0,53,53,0
"9788","2021-2022","MONTANA","3022110",0,0,0,24,24,0
"9789","2021-2022","MONTANA","3022230",0,0,0,15,15,0
"9790","2021-2022","MONTANA","3022260",0,0,0,3,3,0
"9791","2021-2022","MONTANA","3022290",0,0,0,5,5,0
"9792","2021-2022","MONTANA","3022370",0,0,0,6,6,0
"9793","2021-2022","MONTANA","3022410",0,0,0,3,3,0
"9794","2021-2022","MONTANA","3022710",0,0,0,36,36,0
"9795","2021-2022","MONTANA","3022750",0,0,0,293,293,0
"9796","2021-2022","MONTANA","3022790",0,0,0,666,666,0
"9797","2021-2022","MONTANA","3022800",0,0,0,194,194,0
"9798","2021-2022","MONTANA","3022920",0,0,0,15,15,0
"9799","2021-2022","MONTANA","3023040",0,0,0,160,160,0
"9800","2021-2022","MONTANA","3023070",0,0,0,63,63,0
"9801","2021-2022","MONTANA","3023160",0,0,0,3,3,0
"9802","2021-2022","MONTANA","3023340",0,0,0,20,20,0
"9803","2021-2022","MONTANA","3023370",0,0,0,9,9,0
"9804","2021-2022","MONTANA","3023400",0,0,0,3,3,0
"9805","2021-2022","MONTANA","3023520",0,0,0,10,10,0
"9806","2021-2022","MONTANA","3023550",0,0,0,5,5,0
"9807","2021-2022","MONTANA","3023670",0,0,0,42,42,0
"9808","2021-2022","MONTANA","3023730",0,0,0,92,92,0
"9809","2021-2022","MONTANA","3023900",0,0,0,124,124,0
"9810","2021-2022","MONTANA","3023910",0,0,0,38,38,0
"9811","2021-2022","MONTANA","3023940",0,0,0,125,125,0
"9812","2021-2022","MONTANA","3023970",0,0,0,66,66,0
"9813","2021-2022","MONTANA","3024150",0,0,0,16,16,0
"9814","2021-2022","MONTANA","3024180",0,0,0,13,13,0
"9815","2021-2022","MONTANA","3024200",0,0,0,202,202,0
"9816","2021-2022","MONTANA","3024230",0,0,0,59,59,0
"9817","2021-2022","MONTANA","3024300",0,0,0,34,34,0
"9818","2021-2022","MONTANA","3024330",0,0,0,28,28,0
"9819","2021-2022","MONTANA","3024690",0,0,0,0,0,NA
"9820","2021-2022","MONTANA","3024810",0,0,0,3,3,0
"9821","2021-2022","MONTANA","3024930",0,0,0,98,98,0
"9822","2021-2022","MONTANA","3024990",0,0,0,16,16,0
"9823","2021-2022","MONTANA","3025020",0,0,0,201,201,0
"9824","2021-2022","MONTANA","3025050",0,0,0,101,101,0
"9825","2021-2022","MONTANA","3025130",0,0,0,65,65,0
"9826","2021-2022","MONTANA","3025140",0,0,0,12,12,0
"9827","2021-2022","MONTANA","3025320",0,0,0,31,31,0
"9828","2021-2022","MONTANA","3025380",0,0,0,5,5,0
"9829","2021-2022","MONTANA","3025470",0,0,0,159,159,0
"9830","2021-2022","MONTANA","3025500",0,0,0,46,46,0
"9831","2021-2022","MONTANA","3025530",0,0,0,9,9,0
"9832","2021-2022","MONTANA","3025560",0,0,0,22,22,0
"9833","2021-2022","MONTANA","3025890",0,0,0,126,126,0
"9834","2021-2022","MONTANA","3025950",0,0,0,28,28,0
"9835","2021-2022","MONTANA","3026070",0,0,0,98,98,0
"9836","2021-2022","MONTANA","3026100",0,0,0,57,57,0
"9837","2021-2022","MONTANA","3026160",0,0,0,108,108,0
"9838","2021-2022","MONTANA","3026190",0,0,0,35,35,0
"9839","2021-2022","MONTANA","3026400",0,0,0,0,0,NA
"9840","2021-2022","MONTANA","3026460",0,0,0,13,13,0
"9841","2021-2022","MONTANA","3026490",0,0,0,5,5,0
"9842","2021-2022","MONTANA","3026520",0,0,0,27,27,0
"9843","2021-2022","MONTANA","3026550",0,0,0,140,140,0
"9844","2021-2022","MONTANA","3026580",0,0,0,56,56,0
"9845","2021-2022","MONTANA","3026640",0,0,0,6,6,0
"9846","2021-2022","MONTANA","3026670",0,0,0,3,3,0
"9847","2021-2022","MONTANA","3026730",0,0,0,41,41,0
"9848","2021-2022","MONTANA","3026880",0,0,0,25,25,0
"9849","2021-2022","MONTANA","3027060",0,0,0,33,33,0
"9850","2021-2022","MONTANA","3027090",0,0,0,15,15,0
"9851","2021-2022","MONTANA","3027150",0,0,0,6,6,0
"9852","2021-2022","MONTANA","3027270",0,0,0,125,125,0
"9853","2021-2022","MONTANA","3027340",0,0,0,6,6,0
"9854","2021-2022","MONTANA","3027570",0,0,0,106,106,0
"9855","2021-2022","MONTANA","3027630",0,0,0,40,40,0
"9856","2021-2022","MONTANA","3027730",0,0,0,6,6,0
"9857","2021-2022","MONTANA","3027740",0,0,0,220,220,0
"9858","2021-2022","MONTANA","3027790",0,0,0,88,88,0
"9859","2021-2022","MONTANA","3027810",0,0,0,96,96,0
"9860","2021-2022","MONTANA","3027840",0,0,0,31,31,0
"9861","2021-2022","MONTANA","3027930",0,0,0,9,9,0
"9862","2021-2022","MONTANA","3028020",0,0,0,23,23,0
"9863","2021-2022","MONTANA","3028140",0,0,0,19,19,0
"9864","2021-2022","MONTANA","3028170",0,0,0,8,8,0
"9865","2021-2022","MONTANA","3028380",0,0,0,20,20,0
"9866","2021-2022","MONTANA","3028470",0,0,0,7,7,0
"9867","2021-2022","MONTANA","3028500",0,0,0,4,4,0
"9868","2021-2022","MONTANA","3028550",0,0,0,9,9,0
"9869","2021-2022","MONTANA","3028590",0,0,0,387,387,0
"9870","2021-2022","MONTANA","3028620",0,0,0,142,142,0
"9871","2021-2022","MONTANA","3028650",0,0,0,21,21,0
"9872","2021-2022","MONTANA","3028770",0,0,0,53,53,0
"9873","2021-2022","MONTANA","3028800",0,0,0,65,65,0
"9874","2021-2022","MONTANA","3028830",0,0,0,0,0,NA
"9875","2021-2022","MONTANA","3028860",0,0,0,43,43,0
"9876","2021-2022","MONTANA","3028910",0,0,0,12,12,0
"9877","2021-2022","MONTANA","3028911",0,0,0,92,92,0
"9878","2021-2022","NEBRASKA","3100002",72,226,298,0,298,1
"9879","2021-2022","NEBRASKA","3100003",7,35,42,0,42,1
"9880","2021-2022","NEBRASKA","3100004",75,99,174,0,174,1
"9881","2021-2022","NEBRASKA","3100006",55,300,355,0,355,1
"9882","2021-2022","NEBRASKA","3100008",47,161,208,0,208,1
"9883","2021-2022","NEBRASKA","3100010",15,61,76,0,76,1
"9884","2021-2022","NEBRASKA","3100011",58,267,325,0,325,1
"9885","2021-2022","NEBRASKA","3100012",29,43,72,0,72,1
"9886","2021-2022","NEBRASKA","3100015",32,85,117,0,117,1
"9887","2021-2022","NEBRASKA","3100016",649,3118,3767,0,3767,1
"9888","2021-2022","NEBRASKA","3100018",19,36,55,0,55,1
"9889","2021-2022","NEBRASKA","3100021",116,323,439,0,439,1
"9890","2021-2022","NEBRASKA","3100022",166,824,990,0,990,1
"9891","2021-2022","NEBRASKA","3100023",47,91,138,0,138,1
"9892","2021-2022","NEBRASKA","3100024",25,58,83,0,83,1
"9893","2021-2022","NEBRASKA","3100025",17,111,128,0,128,1
"9894","2021-2022","NEBRASKA","3100029",37,138,175,0,175,1
"9895","2021-2022","NEBRASKA","3100034",54,175,229,0,229,1
"9896","2021-2022","NEBRASKA","3100041",14,82,96,0,96,1
"9897","2021-2022","NEBRASKA","3100046",0,0,0,0,0,NA
"9898","2021-2022","NEBRASKA","3100047",0,0,0,0,0,NA
"9899","2021-2022","NEBRASKA","3100051",0,0,0,0,0,NA
"9900","2021-2022","NEBRASKA","3100059",0,0,0,0,0,NA
"9901","2021-2022","NEBRASKA","3100065",32,88,120,0,120,1
"9902","2021-2022","NEBRASKA","3100066",41,60,101,0,101,1
"9903","2021-2022","NEBRASKA","3100067",0,0,0,0,0,NA
"9904","2021-2022","NEBRASKA","3100070",21,58,79,0,79,1
"9905","2021-2022","NEBRASKA","3100071",8,142,150,0,150,1
"9906","2021-2022","NEBRASKA","3100072",20,44,64,0,64,1
"9907","2021-2022","NEBRASKA","3100073",12,57,69,0,69,1
"9908","2021-2022","NEBRASKA","3100076",21,58,79,0,79,1
"9909","2021-2022","NEBRASKA","3100077",15,129,144,0,144,1
"9910","2021-2022","NEBRASKA","3100080",31,100,131,0,131,1
"9911","2021-2022","NEBRASKA","3100082",30,36,66,0,66,1
"9912","2021-2022","NEBRASKA","3100085",89,149,238,0,238,1
"9913","2021-2022","NEBRASKA","3100088",61,189,250,0,250,1
"9914","2021-2022","NEBRASKA","3100089",42,97,139,0,139,1
"9915","2021-2022","NEBRASKA","3100090",9,153,162,0,162,1
"9916","2021-2022","NEBRASKA","3100091",38,58,96,0,96,1
"9917","2021-2022","NEBRASKA","3100095",145,483,628,0,628,1
"9918","2021-2022","NEBRASKA","3100096",26,43,69,0,69,1
"9919","2021-2022","NEBRASKA","3100097",45,195,240,0,240,1
"9920","2021-2022","NEBRASKA","3100098",171,592,763,0,763,1
"9921","2021-2022","NEBRASKA","3100099",43,134,177,0,177,1
"9922","2021-2022","NEBRASKA","3100105",0,0,0,0,0,NA
"9923","2021-2022","NEBRASKA","3100109",49,125,174,0,174,1
"9924","2021-2022","NEBRASKA","3100110",28,92,120,0,120,1
"9925","2021-2022","NEBRASKA","3100111",13,42,55,0,55,1
"9926","2021-2022","NEBRASKA","3100112",56,219,275,0,275,1
"9927","2021-2022","NEBRASKA","3100114",51,105,156,0,156,1
"9928","2021-2022","NEBRASKA","3100115",30,111,141,0,141,1
"9929","2021-2022","NEBRASKA","3100116",27,40,67,0,67,1
"9930","2021-2022","NEBRASKA","3100117",14,75,89,0,89,1
"9931","2021-2022","NEBRASKA","3100118",36,168,204,0,204,1
"9932","2021-2022","NEBRASKA","3100120",41,90,131,0,131,1
"9933","2021-2022","NEBRASKA","3100121",7,71,78,0,78,1
"9934","2021-2022","NEBRASKA","3100122",64,244,308,0,308,1
"9935","2021-2022","NEBRASKA","3100123",11,61,72,0,72,1
"9936","2021-2022","NEBRASKA","3100124",21,37,58,0,58,1
"9937","2021-2022","NEBRASKA","3100125",21,39,60,0,60,1
"9938","2021-2022","NEBRASKA","3100129",39,92,131,0,131,1
"9939","2021-2022","NEBRASKA","3100130",26,82,108,0,108,1
"9940","2021-2022","NEBRASKA","3100132",32,106,138,0,138,1
"9941","2021-2022","NEBRASKA","3100133",8,20,28,0,28,1
"9942","2021-2022","NEBRASKA","3100134",25,69,94,0,94,1
"9943","2021-2022","NEBRASKA","3100140",17,66,83,0,83,1
"9944","2021-2022","NEBRASKA","3100141",17,71,88,0,88,1
"9945","2021-2022","NEBRASKA","3100145",0,0,0,0,0,NA
"9946","2021-2022","NEBRASKA","3100146",0,0,0,0,0,NA
"9947","2021-2022","NEBRASKA","3100147",0,0,0,0,0,NA
"9948","2021-2022","NEBRASKA","3100150",0,0,0,0,0,NA
"9949","2021-2022","NEBRASKA","3100151",0,0,0,0,0,NA
"9950","2021-2022","NEBRASKA","3100152",0,0,0,0,0,NA
"9951","2021-2022","NEBRASKA","3100154",0,0,0,0,0,NA
"9952","2021-2022","NEBRASKA","3100157",33,63,96,0,96,1
"9953","2021-2022","NEBRASKA","3100160",0,0,0,0,0,NA
"9954","2021-2022","NEBRASKA","3100163",72,173,245,0,245,1
"9955","2021-2022","NEBRASKA","3100165",63,272,335,0,335,1
"9956","2021-2022","NEBRASKA","3100166",0,0,0,0,0,NA
"9957","2021-2022","NEBRASKA","3100170",0,0,0,0,0,NA
"9958","2021-2022","NEBRASKA","3100172",74,114,188,0,188,1
"9959","2021-2022","NEBRASKA","3100174",0,0,0,0,0,NA
"9960","2021-2022","NEBRASKA","3100176",43,171,214,0,214,1
"9961","2021-2022","NEBRASKA","3100177",0,0,0,0,0,NA
"9962","2021-2022","NEBRASKA","3100178",31,102,133,0,133,1
"9963","2021-2022","NEBRASKA","3100179",17,73,90,0,90,1
"9964","2021-2022","NEBRASKA","3100181",0,0,0,0,0,NA
"9965","2021-2022","NEBRASKA","3100183",29,50,79,0,79,1
"9966","2021-2022","NEBRASKA","3100184",38,75,113,0,113,1
"9967","2021-2022","NEBRASKA","3100185",20,139,159,0,159,1
"9968","2021-2022","NEBRASKA","3100186",0,0,0,0,0,NA
"9969","2021-2022","NEBRASKA","3100187",56,125,181,0,181,1
"9970","2021-2022","NEBRASKA","3100189",23,91,114,0,114,1
"9971","2021-2022","NEBRASKA","3101992",20,74,94,0,94,1
"9972","2021-2022","NEBRASKA","3102770",66,149,215,0,215,1
"9973","2021-2022","NEBRASKA","3102790",69,106,175,0,175,1
"9974","2021-2022","NEBRASKA","3102820",38,115,153,0,153,1
"9975","2021-2022","NEBRASKA","3102880",29,33,62,0,62,1
"9976","2021-2022","NEBRASKA","3102910",123,515,638,0,638,1
"9977","2021-2022","NEBRASKA","3103060",20,61,81,0,81,1
"9978","2021-2022","NEBRASKA","3103090",32,141,173,0,173,1
"9979","2021-2022","NEBRASKA","3103120",16,45,61,0,61,1
"9980","2021-2022","NEBRASKA","3103130",40,94,134,0,134,1
"9981","2021-2022","NEBRASKA","3103210",0,0,0,0,0,NA
"9982","2021-2022","NEBRASKA","3103330",49,201,250,0,250,1
"9983","2021-2022","NEBRASKA","3103360",83,260,343,0,343,1
"9984","2021-2022","NEBRASKA","3103420",39,50,89,0,89,1
"9985","2021-2022","NEBRASKA","3103440",0,0,0,0,0,NA
"9986","2021-2022","NEBRASKA","3103540",33,52,85,0,85,1
"9987","2021-2022","NEBRASKA","3103600",179,708,887,0,887,1
"9988","2021-2022","NEBRASKA","3103810",722,2587,3309,0,3309,1
"9989","2021-2022","NEBRASKA","3103990",79,290,369,0,369,1
"9990","2021-2022","NEBRASKA","3104020",13,94,107,0,107,1
"9991","2021-2022","NEBRASKA","3104100",160,448,608,0,608,1
"9992","2021-2022","NEBRASKA","3104140",39,68,107,0,107,1
"9993","2021-2022","NEBRASKA","3104200",22,52,74,0,74,1
"9994","2021-2022","NEBRASKA","3104290",21,48,69,0,69,1
"9995","2021-2022","NEBRASKA","3104640",40,65,105,0,105,1
"9996","2021-2022","NEBRASKA","3104870",31,138,169,0,169,1
"9997","2021-2022","NEBRASKA","3104920",65,226,291,0,291,1
"9998","2021-2022","NEBRASKA","3104950",21,87,108,0,108,1
"9999","2021-2022","NEBRASKA","3104980",58,254,312,0,312,1
"10000","2021-2022","NEBRASKA","3105010",12,28,40,0,40,1
"10001","2021-2022","NEBRASKA","3105160",20,52,72,0,72,1
"10002","2021-2022","NEBRASKA","3105280",25,55,80,0,80,1
"10003","2021-2022","NEBRASKA","3105340",579,1645,2224,0,2224,1
"10004","2021-2022","NEBRASKA","3105460",101,365,466,0,466,1
"10005","2021-2022","NEBRASKA","3105520",18,65,83,0,83,1
"10006","2021-2022","NEBRASKA","3105550",22,65,87,0,87,1
"10007","2021-2022","NEBRASKA","3105630",32,56,88,0,88,1
"10008","2021-2022","NEBRASKA","3105910",21,65,86,0,86,1
"10009","2021-2022","NEBRASKA","3105970",36,101,137,0,137,1
"10010","2021-2022","NEBRASKA","3109120",13,61,74,0,74,1
"10011","2021-2022","NEBRASKA","3119560",0,0,0,0,0,NA
"10012","2021-2022","NEBRASKA","3162950",57,132,189,0,189,1
"10013","2021-2022","NEBRASKA","3169840",8,62,70,0,70,1
"10014","2021-2022","NEBRASKA","3170020",0,0,0,0,0,NA
"10015","2021-2022","NEBRASKA","3170050",20,60,80,0,80,1
"10016","2021-2022","NEBRASKA","3170110",222,738,960,0,960,1
"10017","2021-2022","NEBRASKA","3170140",26,101,127,0,127,1
"10018","2021-2022","NEBRASKA","3170220",14,55,69,0,69,1
"10019","2021-2022","NEBRASKA","3170440",122,342,464,0,464,1
"10020","2021-2022","NEBRASKA","3170530",66,285,351,0,351,1
"10021","2021-2022","NEBRASKA","3170650",42,92,134,0,134,1
"10022","2021-2022","NEBRASKA","3170710",507,2320,2827,0,2827,1
"10023","2021-2022","NEBRASKA","3170800",7,59,66,0,66,1
"10024","2021-2022","NEBRASKA","3170980",64,203,267,0,267,1
"10025","2021-2022","NEBRASKA","3171010",16,30,46,0,46,1
"10026","2021-2022","NEBRASKA","3171100",79,253,332,0,332,1
"10027","2021-2022","NEBRASKA","3171220",121,369,490,0,490,1
"10028","2021-2022","NEBRASKA","3171370",3,16,19,0,19,1
"10029","2021-2022","NEBRASKA","3171520",47,119,166,0,166,1
"10030","2021-2022","NEBRASKA","3171550",0,0,0,0,0,NA
"10031","2021-2022","NEBRASKA","3171580",484,1781,2265,0,2265,1
"10032","2021-2022","NEBRASKA","3171610",13,89,102,0,102,1
"10033","2021-2022","NEBRASKA","3171730",23,113,136,0,136,1
"10034","2021-2022","NEBRASKA","3171820",44,87,131,0,131,1
"10035","2021-2022","NEBRASKA","3171940",71,291,362,0,362,1
"10036","2021-2022","NEBRASKA","3172000",16,136,152,0,152,1
"10037","2021-2022","NEBRASKA","3172150",14,26,40,0,40,1
"10038","2021-2022","NEBRASKA","3172210",3,101,104,0,104,1
"10039","2021-2022","NEBRASKA","3172335",21,83,104,0,104,1
"10040","2021-2022","NEBRASKA","3172390",454,1693,2147,0,2147,1
"10041","2021-2022","NEBRASKA","3172420",16,59,75,0,75,1
"10042","2021-2022","NEBRASKA","3172480",16,26,42,0,42,1
"10043","2021-2022","NEBRASKA","3172570",36,129,165,0,165,1
"10044","2021-2022","NEBRASKA","3172720",17,43,60,0,60,1
"10045","2021-2022","NEBRASKA","3172780",32,63,95,0,95,1
"10046","2021-2022","NEBRASKA","3172810",409,1524,1933,0,1933,1
"10047","2021-2022","NEBRASKA","3172840",3247,14589,17836,0,17836,1
"10048","2021-2022","NEBRASKA","3172910",23,33,56,0,56,1
"10049","2021-2022","NEBRASKA","3172990",16,35,51,0,51,1
"10050","2021-2022","NEBRASKA","3173050",41,70,111,0,111,1
"10051","2021-2022","NEBRASKA","3173090",45,120,165,0,165,1
"10052","2021-2022","NEBRASKA","3173120",17,28,45,0,45,1
"10053","2021-2022","NEBRASKA","3173210",20,98,118,0,118,1
"10054","2021-2022","NEBRASKA","3173230",95,205,300,0,300,1
"10055","2021-2022","NEBRASKA","3173290",45,53,98,0,98,1
"10056","2021-2022","NEBRASKA","3173440",8,57,65,0,65,1
"10057","2021-2022","NEBRASKA","3173470",104,357,461,0,461,1
"10058","2021-2022","NEBRASKA","3173500",28,53,81,0,81,1
"10059","2021-2022","NEBRASKA","3173560",0,0,0,0,0,NA
"10060","2021-2022","NEBRASKA","3173590",30,66,96,0,96,1
"10061","2021-2022","NEBRASKA","3173600",17,67,84,0,84,1
"10062","2021-2022","NEBRASKA","3173660",36,56,92,0,92,1
"10063","2021-2022","NEBRASKA","3173710",37,140,177,0,177,1
"10064","2021-2022","NEBRASKA","3173740",1322,4597,5919,0,5919,1
"10065","2021-2022","NEBRASKA","3173800",0,12,12,0,12,1
"10066","2021-2022","NEBRASKA","3173830",86,180,266,0,266,1
"10067","2021-2022","NEBRASKA","3173890",53,203,256,0,256,1
"10068","2021-2022","NEBRASKA","3174040",12,64,76,0,76,1
"10069","2021-2022","NEBRASKA","3174160",94,570,664,0,664,1
"10070","2021-2022","NEBRASKA","3174200",40,148,188,0,188,1
"10071","2021-2022","NEBRASKA","3174220",43,125,168,0,168,1
"10072","2021-2022","NEBRASKA","3174340",24,58,82,0,82,1
"10073","2021-2022","NEBRASKA","3174370",24,121,145,0,145,1
"10074","2021-2022","NEBRASKA","3174430",362,1367,1729,0,1729,1
"10075","2021-2022","NEBRASKA","3174580",75,221,296,0,296,1
"10076","2021-2022","NEBRASKA","3174640",39,95,134,0,134,1
"10077","2021-2022","NEBRASKA","3174760",77,311,388,0,388,1
"10078","2021-2022","NEBRASKA","3174820",4879,29007,33886,0,33886,1
"10079","2021-2022","NEBRASKA","3174850",92,269,361,0,361,1
"10080","2021-2022","NEBRASKA","3174940",45,159,204,0,204,1
"10081","2021-2022","NEBRASKA","3175000",12,44,56,0,56,1
"10082","2021-2022","NEBRASKA","3175030",9,34,43,0,43,1
"10083","2021-2022","NEBRASKA","3175060",36,81,117,0,117,1
"10084","2021-2022","NEBRASKA","3175210",31,90,121,0,121,1
"10085","2021-2022","NEBRASKA","3175270",603,1990,2593,0,2593,1
"10086","2021-2022","NEBRASKA","3175330",42,128,170,0,170,1
"10087","2021-2022","NEBRASKA","3175360",26,63,89,0,89,1
"10088","2021-2022","NEBRASKA","3175390",33,145,178,0,178,1
"10089","2021-2022","NEBRASKA","3175510",43,109,152,0,152,1
"10090","2021-2022","NEBRASKA","3175570",35,109,144,0,144,1
"10091","2021-2022","NEBRASKA","3175630",61,166,227,0,227,1
"10092","2021-2022","NEBRASKA","3175660",140,462,602,0,602,1
"10093","2021-2022","NEBRASKA","3175690",30,62,92,0,92,1
"10094","2021-2022","NEBRASKA","3175770",19,43,62,0,62,1
"10095","2021-2022","NEBRASKA","3175810",12,46,58,0,58,1
"10096","2021-2022","NEBRASKA","3175900",324,1191,1515,0,1515,1
"10097","2021-2022","NEBRASKA","3175930",33,65,98,0,98,1
"10098","2021-2022","NEBRASKA","3175960",22,104,126,0,126,1
"10099","2021-2022","NEBRASKA","3175990",26,97,123,0,123,1
"10100","2021-2022","NEBRASKA","3176170",36,73,109,0,109,1
"10101","2021-2022","NEBRASKA","3176380",13,31,44,0,44,1
"10102","2021-2022","NEBRASKA","3176400",0,0,0,0,0,NA
"10103","2021-2022","NEBRASKA","3176410",7,53,60,0,60,1
"10104","2021-2022","NEBRASKA","3176450",214,648,862,0,862,1
"10105","2021-2022","NEBRASKA","3176470",351,1645,1996,0,1996,1
"10106","2021-2022","NEBRASKA","3176560",103,200,303,0,303,1
"10107","2021-2022","NEBRASKA","3176590",13,48,61,0,61,1
"10108","2021-2022","NEBRASKA","3176620",27,65,92,0,92,1
"10109","2021-2022","NEBRASKA","3176650",3,15,18,0,18,1
"10110","2021-2022","NEBRASKA","3176710",118,430,548,0,548,1
"10111","2021-2022","NEBRASKA","3176800",9,21,30,0,30,1
"10112","2021-2022","NEBRASKA","3176860",434,1546,1980,0,1980,1
"10113","2021-2022","NEBRASKA","3176980",10,49,59,0,59,1
"10114","2021-2022","NEBRASKA","3177100",3,40,43,0,43,1
"10115","2021-2022","NEBRASKA","3177180",59,197,256,0,256,1
"10116","2021-2022","NEBRASKA","3177190",13,55,68,0,68,1
"10117","2021-2022","NEBRASKA","3177340",23,88,111,0,111,1
"10118","2021-2022","NEBRASKA","3177520",29,98,127,0,127,1
"10119","2021-2022","NEBRASKA","3177550",42,119,161,0,161,1
"10120","2021-2022","NEBRASKA","3177730",9,60,69,0,69,1
"10121","2021-2022","NEBRASKA","3178020",67,195,262,0,262,1
"10122","2021-2022","NEBRASKA","3178120",10,45,55,0,55,1
"10123","2021-2022","NEBRASKA","3178210",57,193,250,0,250,1
"10124","2021-2022","NEBRASKA","3178240",77,219,296,0,296,1
"10125","2021-2022","NEBRASKA","3178260",21,36,57,0,57,1
"10126","2021-2022","NEBRASKA","3178300",0,0,0,0,0,NA
"10127","2021-2022","NEBRASKA","3178450",16,40,56,0,56,1
"10128","2021-2022","NEBRASKA","3178520",104,252,356,0,356,1
"10129","2021-2022","NEBRASKA","3178540",24,96,120,0,120,1
"10130","2021-2022","NEBRASKA","3178660",180,1122,1302,0,1302,1
"10131","2021-2022","NEBRASKA","3178670",0,24,24,0,24,1
"10132","2021-2022","NEBRASKA","3178720",47,167,214,0,214,1
"10133","2021-2022","NEBRASKA","3178810",0,0,0,0,0,NA
"10134","2021-2022","NEBRASKA","3178840",25,57,82,0,82,1
"10135","2021-2022","NEBRASKA","3178940",55,168,223,0,223,1
"10136","2021-2022","NEBRASKA","3178990",27,35,62,0,62,1
"10137","2021-2022","NEBRASKA","3179050",144,447,591,0,591,1
"10138","2021-2022","NEBRASKA","3179080",17,77,94,0,94,1
"10139","2021-2022","NEBRASKA","3180010",0,0,0,0,0,NA
"10140","2021-2022","NEBRASKA","3180020",0,0,0,0,0,NA
"10141","2021-2022","NEBRASKA","3180030",0,115,115,0,115,1
"10142","2021-2022","NEBRASKA","3180040",0,0,0,0,0,NA
"10143","2021-2022","NEBRASKA","3180050",0,0,0,0,0,NA
"10144","2021-2022","NEBRASKA","3180070",0,0,0,0,0,NA
"10145","2021-2022","NEBRASKA","3180080",0,0,0,0,0,NA
"10146","2021-2022","NEBRASKA","3180090",0,0,0,0,0,NA
"10147","2021-2022","NEBRASKA","3180130",0,53,53,0,53,1
"10148","2021-2022","NEBRASKA","3180150",0,0,0,0,0,NA
"10149","2021-2022","NEVADA","3200001",2486,21607,24093,15504,39597,0.608455185998939
"10150","2021-2022","NEVADA","3200021",0,0,0,0,0,NA
"10151","2021-2022","NEVADA","3200023",0,0,0,0,0,NA
"10152","2021-2022","NEVADA","3200030",74,3286,3360,1433,4793,0.701022324222825
"10153","2021-2022","NEVADA","3200060",4610,252557,257167,148097,405264,0.634566603497967
"10154","2021-2022","NEVADA","3200090",116,1366,1482,1328,2810,0.527402135231317
"10155","2021-2022","NEVADA","3200120",302,3086,3388,2262,5650,0.599646017699115
"10156","2021-2022","NEVADA","3200150",0,73,73,31,104,0.701923076923077
"10157","2021-2022","NEVADA","3200180",5,88,93,62,155,0.6
"10158","2021-2022","NEVADA","3200210",128,982,1110,1058,2168,0.511992619926199
"10159","2021-2022","NEVADA","3200240",28,323,351,233,584,0.601027397260274
"10160","2021-2022","NEVADA","3200270",56,367,423,259,682,0.620234604105572
"10161","2021-2022","NEVADA","3200300",222,3681,3903,2807,6710,0.58166915052161
"10162","2021-2022","NEVADA","3200330",0,607,607,263,870,0.697701149425287
"10163","2021-2022","NEVADA","3200360",139,5453,5592,3214,8806,0.635021576198047
"10164","2021-2022","NEVADA","3200390",258,3994,4252,2675,6927,0.613829940811318
"10165","2021-2022","NEVADA","3200420",19,463,482,202,684,0.704678362573099
"10166","2021-2022","NEVADA","3200450",6,155,161,121,282,0.570921985815603
"10167","2021-2022","NEVADA","3200480",661,29522,30183,20441,50624,0.596219184576485
"10168","2021-2022","NEVADA","3200510",57,894,951,417,1368,0.695175438596491
"10169","2021-2022","NEW HAMPSHIRE","3300003",0,40,40,0,40,1
"10170","2021-2022","NEW HAMPSHIRE","3300017",10,135,145,0,145,1
"10171","2021-2022","NEW HAMPSHIRE","3300030",6,15,21,0,21,1
"10172","2021-2022","NEW HAMPSHIRE","3300031",0,48,48,0,48,1
"10173","2021-2022","NEW HAMPSHIRE","3300035",11,70,81,0,81,1
"10174","2021-2022","NEW HAMPSHIRE","3300036",2,8,10,0,10,1
"10175","2021-2022","NEW HAMPSHIRE","3300039",4,26,30,0,30,1
"10176","2021-2022","NEW HAMPSHIRE","3300040",4,17,21,0,21,1
"10177","2021-2022","NEW HAMPSHIRE","3300041",0,3,3,0,3,1
"10178","2021-2022","NEW HAMPSHIRE","3300042",21,52,73,0,73,1
"10179","2021-2022","NEW HAMPSHIRE","3300043",8,14,22,0,22,1
"10180","2021-2022","NEW HAMPSHIRE","3300048",6,38,44,0,44,1
"10181","2021-2022","NEW HAMPSHIRE","3300049",13,70,83,0,83,1
"10182","2021-2022","NEW HAMPSHIRE","3300616",3,105,108,0,108,1
"10183","2021-2022","NEW HAMPSHIRE","3301380",7,78,85,0,85,1
"10184","2021-2022","NEW HAMPSHIRE","3301440",2,71,73,0,73,1
"10185","2021-2022","NEW HAMPSHIRE","3301470",7,60,67,0,67,1
"10186","2021-2022","NEW HAMPSHIRE","3301500",17,29,46,0,46,1
"10187","2021-2022","NEW HAMPSHIRE","3301560",6,60,66,0,66,1
"10188","2021-2022","NEW HAMPSHIRE","3301590",5,32,37,0,37,1
"10189","2021-2022","NEW HAMPSHIRE","3301620",33,99,132,0,132,1
"10190","2021-2022","NEW HAMPSHIRE","3301650",4,84,88,0,88,1
"10191","2021-2022","NEW HAMPSHIRE","3301680",7,33,40,0,40,1
"10192","2021-2022","NEW HAMPSHIRE","3301710",4,18,22,0,22,1
"10193","2021-2022","NEW HAMPSHIRE","3301740",17,172,189,0,189,1
"10194","2021-2022","NEW HAMPSHIRE","3301860",75,396,471,0,471,1
"10195","2021-2022","NEW HAMPSHIRE","3301890",8,31,39,0,39,1
"10196","2021-2022","NEW HAMPSHIRE","3301950",4,53,57,0,57,1
"10197","2021-2022","NEW HAMPSHIRE","3302010",0,13,13,0,13,1
"10198","2021-2022","NEW HAMPSHIRE","3302070",4,24,28,0,28,1
"10199","2021-2022","NEW HAMPSHIRE","3302100",8,77,85,0,85,1
"10200","2021-2022","NEW HAMPSHIRE","3302130",0,38,38,0,38,1
"10201","2021-2022","NEW HAMPSHIRE","3302250",1,14,15,0,15,1
"10202","2021-2022","NEW HAMPSHIRE","3302280",5,24,29,0,29,1
"10203","2021-2022","NEW HAMPSHIRE","3302310",3,26,29,0,29,1
"10204","2021-2022","NEW HAMPSHIRE","3302340",41,563,604,0,604,1
"10205","2021-2022","NEW HAMPSHIRE","3302400",13,100,113,0,113,1
"10206","2021-2022","NEW HAMPSHIRE","3302460",238,1130,1368,0,1368,1
"10207","2021-2022","NEW HAMPSHIRE","3302480",57,331,388,0,388,1
"10208","2021-2022","NEW HAMPSHIRE","3302490",86,313,399,0,399,1
"10209","2021-2022","NEW HAMPSHIRE","3302520",7,12,19,0,19,1
"10210","2021-2022","NEW HAMPSHIRE","3302550",1,8,9,0,9,1
"10211","2021-2022","NEW HAMPSHIRE","3302580",1,40,41,0,41,1
"10212","2021-2022","NEW HAMPSHIRE","3302610",104,535,639,0,639,1
"10213","2021-2022","NEW HAMPSHIRE","3302640",123,768,891,0,891,1
"10214","2021-2022","NEW HAMPSHIRE","3302670",0,46,46,0,46,1
"10215","2021-2022","NEW HAMPSHIRE","3302760",1,8,9,0,9,1
"10216","2021-2022","NEW HAMPSHIRE","3302790",0,7,7,0,7,1
"10217","2021-2022","NEW HAMPSHIRE","3302880",17,114,131,0,131,1
"10218","2021-2022","NEW HAMPSHIRE","3302910",15,59,74,0,74,1
"10219","2021-2022","NEW HAMPSHIRE","3302940",0,0,0,0,0,NA
"10220","2021-2022","NEW HAMPSHIRE","3302970",2,91,93,0,93,1
"10221","2021-2022","NEW HAMPSHIRE","3302990",74,303,377,0,377,1
"10222","2021-2022","NEW HAMPSHIRE","3303000",39,240,279,0,279,1
"10223","2021-2022","NEW HAMPSHIRE","3303090",48,435,483,0,483,1
"10224","2021-2022","NEW HAMPSHIRE","3303120",1,14,15,0,15,1
"10225","2021-2022","NEW HAMPSHIRE","3303150",7,22,29,0,29,1
"10226","2021-2022","NEW HAMPSHIRE","3303180",25,140,165,0,165,1
"10227","2021-2022","NEW HAMPSHIRE","3303210",5,48,53,0,53,1
"10228","2021-2022","NEW HAMPSHIRE","3303240",28,224,252,0,252,1
"10229","2021-2022","NEW HAMPSHIRE","3303271",9,40,49,0,49,1
"10230","2021-2022","NEW HAMPSHIRE","3303276",1,4,5,0,5,1
"10231","2021-2022","NEW HAMPSHIRE","3303280",8,21,29,0,29,1
"10232","2021-2022","NEW HAMPSHIRE","3303286",3,9,12,0,12,1
"10233","2021-2022","NEW HAMPSHIRE","3303287",2,21,23,0,23,1
"10234","2021-2022","NEW HAMPSHIRE","3303289",2,9,11,0,11,1
"10235","2021-2022","NEW HAMPSHIRE","3303290",1,41,42,0,42,1
"10236","2021-2022","NEW HAMPSHIRE","3303291",3,19,22,0,22,1
"10237","2021-2022","NEW HAMPSHIRE","3303296",3,18,21,0,21,1
"10238","2021-2022","NEW HAMPSHIRE","3303297",0,12,12,0,12,1
"10239","2021-2022","NEW HAMPSHIRE","3303298",13,48,61,0,61,1
"10240","2021-2022","NEW HAMPSHIRE","3303299",0,36,36,0,36,1
"10241","2021-2022","NEW HAMPSHIRE","3303301",8,59,67,0,67,1
"10242","2021-2022","NEW HAMPSHIRE","3303302",8,26,34,0,34,1
"10243","2021-2022","NEW HAMPSHIRE","3303303",1,26,27,0,27,1
"10244","2021-2022","NEW HAMPSHIRE","3303305",0,3,3,0,3,1
"10245","2021-2022","NEW HAMPSHIRE","3303308",13,87,100,0,100,1
"10246","2021-2022","NEW HAMPSHIRE","3303314",5,13,18,0,18,1
"10247","2021-2022","NEW HAMPSHIRE","3303315",0,3,3,0,3,1
"10248","2021-2022","NEW HAMPSHIRE","3303316",9,13,22,0,22,1
"10249","2021-2022","NEW HAMPSHIRE","3303318",1,24,25,0,25,1
"10250","2021-2022","NEW HAMPSHIRE","3303330",108,469,577,0,577,1
"10251","2021-2022","NEW HAMPSHIRE","3303360",0,12,12,0,12,1
"10252","2021-2022","NEW HAMPSHIRE","3303420",1,12,13,0,13,1
"10253","2021-2022","NEW HAMPSHIRE","3303480",7,35,42,0,42,1
"10254","2021-2022","NEW HAMPSHIRE","3303510",13,98,111,0,111,1
"10255","2021-2022","NEW HAMPSHIRE","3303540",0,3,3,0,3,1
"10256","2021-2022","NEW HAMPSHIRE","3303600",0,12,12,0,12,1
"10257","2021-2022","NEW HAMPSHIRE","3303630",7,6,13,0,13,1
"10258","2021-2022","NEW HAMPSHIRE","3303660",35,138,173,0,173,1
"10259","2021-2022","NEW HAMPSHIRE","3303690",5,59,64,0,64,1
"10260","2021-2022","NEW HAMPSHIRE","3303720",1,9,10,0,10,1
"10261","2021-2022","NEW HAMPSHIRE","3303750",70,274,344,0,344,1
"10262","2021-2022","NEW HAMPSHIRE","3303780",43,179,222,0,222,1
"10263","2021-2022","NEW HAMPSHIRE","3303810",8,18,26,0,26,1
"10264","2021-2022","NEW HAMPSHIRE","3303840",0,21,21,0,21,1
"10265","2021-2022","NEW HAMPSHIRE","3303850",6,27,33,0,33,1
"10266","2021-2022","NEW HAMPSHIRE","3303870",19,164,183,0,183,1
"10267","2021-2022","NEW HAMPSHIRE","3303900",0,29,29,0,29,1
"10268","2021-2022","NEW HAMPSHIRE","3303930",91,388,479,0,479,1
"10269","2021-2022","NEW HAMPSHIRE","3303960",7,206,213,0,213,1
"10270","2021-2022","NEW HAMPSHIRE","3303990",0,3,3,0,3,1
"10271","2021-2022","NEW HAMPSHIRE","3304030",82,236,318,0,318,1
"10272","2021-2022","NEW HAMPSHIRE","3304040",25,189,214,0,214,1
"10273","2021-2022","NEW HAMPSHIRE","3304050",93,692,785,0,785,1
"10274","2021-2022","NEW HAMPSHIRE","3304080",0,3,3,0,3,1
"10275","2021-2022","NEW HAMPSHIRE","3304140",67,770,837,0,837,1
"10276","2021-2022","NEW HAMPSHIRE","3304150",2,12,14,0,14,1
"10277","2021-2022","NEW HAMPSHIRE","3304170",1,2,3,0,3,1
"10278","2021-2022","NEW HAMPSHIRE","3304230",24,260,284,0,284,1
"10279","2021-2022","NEW HAMPSHIRE","3304260",19,53,72,0,72,1
"10280","2021-2022","NEW HAMPSHIRE","3304290",14,104,118,0,118,1
"10281","2021-2022","NEW HAMPSHIRE","3304350",5,87,92,0,92,1
"10282","2021-2022","NEW HAMPSHIRE","3304380",46,264,310,0,310,1
"10283","2021-2022","NEW HAMPSHIRE","3304410",86,374,460,0,460,1
"10284","2021-2022","NEW HAMPSHIRE","3304500",3,17,20,0,20,1
"10285","2021-2022","NEW HAMPSHIRE","3304560",15,36,51,0,51,1
"10286","2021-2022","NEW HAMPSHIRE","3304590",599,4864,5463,0,5463,1
"10287","2021-2022","NEW HAMPSHIRE","3304620",13,46,59,0,59,1
"10288","2021-2022","NEW HAMPSHIRE","3304650",2,10,12,0,12,1
"10289","2021-2022","NEW HAMPSHIRE","3304670",31,159,190,0,190,1
"10290","2021-2022","NEW HAMPSHIRE","3304680",28,209,237,0,237,1
"10291","2021-2022","NEW HAMPSHIRE","3304740",38,213,251,0,251,1
"10292","2021-2022","NEW HAMPSHIRE","3304760",87,353,440,0,440,1
"10293","2021-2022","NEW HAMPSHIRE","3304770",7,34,41,0,41,1
"10294","2021-2022","NEW HAMPSHIRE","3304800",5,31,36,0,36,1
"10295","2021-2022","NEW HAMPSHIRE","3304830",53,298,351,0,351,1
"10296","2021-2022","NEW HAMPSHIRE","3304890",82,421,503,0,503,1
"10297","2021-2022","NEW HAMPSHIRE","3304920",4,13,17,0,17,1
"10298","2021-2022","NEW HAMPSHIRE","3304950",0,10,10,0,10,1
"10299","2021-2022","NEW HAMPSHIRE","3304960",23,87,110,0,110,1
"10300","2021-2022","NEW HAMPSHIRE","3304980",629,2979,3608,0,3608,1
"10301","2021-2022","NEW HAMPSHIRE","3305010",2,13,15,0,15,1
"10302","2021-2022","NEW HAMPSHIRE","3305040",7,26,33,0,33,1
"10303","2021-2022","NEW HAMPSHIRE","3305070",0,0,0,0,0,NA
"10304","2021-2022","NEW HAMPSHIRE","3305190",0,3,3,0,3,1
"10305","2021-2022","NEW HAMPSHIRE","3305220",47,241,288,0,288,1
"10306","2021-2022","NEW HAMPSHIRE","3305250",3,0,3,0,3,1
"10307","2021-2022","NEW HAMPSHIRE","3305280",3,137,140,0,140,1
"10308","2021-2022","NEW HAMPSHIRE","3305310",56,365,421,0,421,1
"10309","2021-2022","NEW HAMPSHIRE","3305370",0,6,6,0,6,1
"10310","2021-2022","NEW HAMPSHIRE","3305400",31,102,133,0,133,1
"10311","2021-2022","NEW HAMPSHIRE","3305430",2,32,34,0,34,1
"10312","2021-2022","NEW HAMPSHIRE","3305460",6,26,32,0,32,1
"10313","2021-2022","NEW HAMPSHIRE","3305520",15,105,120,0,120,1
"10314","2021-2022","NEW HAMPSHIRE","3305550",7,64,71,0,71,1
"10315","2021-2022","NEW HAMPSHIRE","3305580",19,208,227,0,227,1
"10316","2021-2022","NEW HAMPSHIRE","3305670",1,7,8,0,8,1
"10317","2021-2022","NEW HAMPSHIRE","3305700",8,22,30,0,30,1
"10318","2021-2022","NEW HAMPSHIRE","3305730",25,145,170,0,170,1
"10319","2021-2022","NEW HAMPSHIRE","3305760",5,4,9,0,9,1
"10320","2021-2022","NEW HAMPSHIRE","3305790",17,99,116,0,116,1
"10321","2021-2022","NEW HAMPSHIRE","3305820",23,247,270,0,270,1
"10322","2021-2022","NEW HAMPSHIRE","3305830",15,52,67,0,67,1
"10323","2021-2022","NEW HAMPSHIRE","3305880",17,135,152,0,152,1
"10324","2021-2022","NEW HAMPSHIRE","3305940",190,1083,1273,0,1273,1
"10325","2021-2022","NEW HAMPSHIRE","3305970",11,23,34,0,34,1
"10326","2021-2022","NEW HAMPSHIRE","3306000",5,22,27,0,27,1
"10327","2021-2022","NEW HAMPSHIRE","3306030",2,11,13,0,13,1
"10328","2021-2022","NEW HAMPSHIRE","3306060",115,460,575,0,575,1
"10329","2021-2022","NEW HAMPSHIRE","3306080",0,85,85,0,85,1
"10330","2021-2022","NEW HAMPSHIRE","3306150",31,239,270,0,270,1
"10331","2021-2022","NEW HAMPSHIRE","3306180",50,279,329,0,329,1
"10332","2021-2022","NEW HAMPSHIRE","3306240",62,463,525,0,525,1
"10333","2021-2022","NEW HAMPSHIRE","3306260",1,40,41,0,41,1
"10334","2021-2022","NEW HAMPSHIRE","3306270",0,4,4,0,4,1
"10335","2021-2022","NEW HAMPSHIRE","3306330",0,9,9,0,9,1
"10336","2021-2022","NEW HAMPSHIRE","3306360",5,27,32,0,32,1
"10337","2021-2022","NEW HAMPSHIRE","3306390",3,19,22,0,22,1
"10338","2021-2022","NEW HAMPSHIRE","3306420",16,37,53,0,53,1
"10339","2021-2022","NEW HAMPSHIRE","3306450",6,26,32,0,32,1
"10340","2021-2022","NEW HAMPSHIRE","3306480",0,15,15,0,15,1
"10341","2021-2022","NEW HAMPSHIRE","3306540",0,78,78,0,78,1
"10342","2021-2022","NEW HAMPSHIRE","3306600",13,88,101,0,101,1
"10343","2021-2022","NEW HAMPSHIRE","3306660",4,42,46,0,46,1
"10344","2021-2022","NEW HAMPSHIRE","3306720",41,206,247,0,247,1
"10345","2021-2022","NEW HAMPSHIRE","3306750",0,28,28,0,28,1
"10346","2021-2022","NEW HAMPSHIRE","3306780",14,121,135,0,135,1
"10347","2021-2022","NEW HAMPSHIRE","3306870",7,31,38,0,38,1
"10348","2021-2022","NEW HAMPSHIRE","3306900",3,19,22,0,22,1
"10349","2021-2022","NEW HAMPSHIRE","3306910",0,3,3,0,3,1
"10350","2021-2022","NEW HAMPSHIRE","3306930",7,81,88,0,88,1
"10351","2021-2022","NEW HAMPSHIRE","3306990",4,15,19,0,19,1
"10352","2021-2022","NEW HAMPSHIRE","3307020",2,13,15,0,15,1
"10353","2021-2022","NEW HAMPSHIRE","3307050",77,323,400,0,400,1
"10354","2021-2022","NEW HAMPSHIRE","3307115",1,126,127,0,127,1
"10355","2021-2022","NEW HAMPSHIRE","3307140",14,149,163,0,163,1
"10356","2021-2022","NEW HAMPSHIRE","3307170",7,50,57,0,57,1
"10357","2021-2022","NEW HAMPSHIRE","3307230",14,125,139,0,139,1
"10358","2021-2022","NEW HAMPSHIRE","3307300",98,362,460,0,460,1
"10359","2021-2022","NEW HAMPSHIRE","3307330",0,20,20,0,20,1
"10360","2021-2022","NEW HAMPSHIRE","3307360",8,167,175,0,175,1
"10361","2021-2022","NEW HAMPSHIRE","3399965",24,95,119,0,119,1
"10362","2021-2022","NEW JERSEY","3400004",7,50,57,0,57,1
"10363","2021-2022","NEW JERSEY","3400005",1,22,23,0,23,1
"10364","2021-2022","NEW JERSEY","3400006",21,104,125,0,125,1
"10365","2021-2022","NEW JERSEY","3400007",4,38,42,0,42,1
"10366","2021-2022","NEW JERSEY","3400008",3,35,38,0,38,1
"10367","2021-2022","NEW JERSEY","3400009",42,160,202,0,202,1
"10368","2021-2022","NEW JERSEY","3400014",37,108,145,0,145,1
"10369","2021-2022","NEW JERSEY","3400015",18,50,68,0,68,1
"10370","2021-2022","NEW JERSEY","3400019",28,223,251,0,251,1
"10371","2021-2022","NEW JERSEY","3400020",6,60,66,0,66,1
"10372","2021-2022","NEW JERSEY","3400021",34,303,337,0,337,1
"10373","2021-2022","NEW JERSEY","3400022",55,892,947,0,947,1
"10374","2021-2022","NEW JERSEY","3400023",11,386,397,0,397,1
"10375","2021-2022","NEW JERSEY","3400024",698,4676,5374,0,5374,1
"10376","2021-2022","NEW JERSEY","3400025",80,364,444,0,444,1
"10377","2021-2022","NEW JERSEY","3400026",69,428,497,0,497,1
"10378","2021-2022","NEW JERSEY","3400029",5,30,35,0,35,1
"10379","2021-2022","NEW JERSEY","3400032",7,58,65,0,65,1
"10380","2021-2022","NEW JERSEY","3400033",46,363,409,0,409,1
"10381","2021-2022","NEW JERSEY","3400034",9,188,197,0,197,1
"10382","2021-2022","NEW JERSEY","3400035",38,155,193,0,193,1
"10383","2021-2022","NEW JERSEY","3400036",28,115,143,0,143,1
"10384","2021-2022","NEW JERSEY","3400041",10,69,79,0,79,1
"10385","2021-2022","NEW JERSEY","3400042",71,241,312,0,312,1
"10386","2021-2022","NEW JERSEY","3400043",1,18,19,0,19,1
"10387","2021-2022","NEW JERSEY","3400046",17,216,233,0,233,1
"10388","2021-2022","NEW JERSEY","3400047",64,254,318,0,318,1
"10389","2021-2022","NEW JERSEY","3400048",13,98,111,0,111,1
"10390","2021-2022","NEW JERSEY","3400049",22,71,93,0,93,1
"10391","2021-2022","NEW JERSEY","3400050",5,5,10,0,10,1
"10392","2021-2022","NEW JERSEY","3400051",7,18,25,0,25,1
"10393","2021-2022","NEW JERSEY","3400052",8,13,21,0,21,1
"10394","2021-2022","NEW JERSEY","3400055",0,20,20,0,20,1
"10395","2021-2022","NEW JERSEY","3400061",0,356,356,0,356,1
"10396","2021-2022","NEW JERSEY","3400064",29,155,184,0,184,1
"10397","2021-2022","NEW JERSEY","3400069",2,7,9,0,9,1
"10398","2021-2022","NEW JERSEY","3400070",659,4410,5069,0,5069,1
"10399","2021-2022","NEW JERSEY","3400073",29,252,281,0,281,1
"10400","2021-2022","NEW JERSEY","3400076",34,188,222,0,222,1
"10401","2021-2022","NEW JERSEY","3400078",131,1172,1303,0,1303,1
"10402","2021-2022","NEW JERSEY","3400079",14,120,134,0,134,1
"10403","2021-2022","NEW JERSEY","3400080",12,522,534,0,534,1
"10404","2021-2022","NEW JERSEY","3400082",0,0,0,0,0,NA
"10405","2021-2022","NEW JERSEY","3400083",31,276,307,0,307,1
"10406","2021-2022","NEW JERSEY","3400084",59,474,533,0,533,1
"10407","2021-2022","NEW JERSEY","3400085",0,176,176,0,176,1
"10408","2021-2022","NEW JERSEY","3400087",110,1181,1291,0,1291,1
"10409","2021-2022","NEW JERSEY","3400088",0,49,49,0,49,1
"10410","2021-2022","NEW JERSEY","3400089",0,62,62,0,62,1
"10411","2021-2022","NEW JERSEY","3400090",84,232,316,0,316,1
"10412","2021-2022","NEW JERSEY","3400660",55,339,394,0,394,1
"10413","2021-2022","NEW JERSEY","3400690",2,22,24,0,24,1
"10414","2021-2022","NEW JERSEY","3400715",163,448,611,0,611,1
"10415","2021-2022","NEW JERSEY","3400717",130,727,857,0,857,1
"10416","2021-2022","NEW JERSEY","3400718",0,894,894,0,894,1
"10417","2021-2022","NEW JERSEY","3400719",43,185,228,0,228,1
"10418","2021-2022","NEW JERSEY","3400720",0,30,30,0,30,1
"10419","2021-2022","NEW JERSEY","3400723",19,405,424,0,424,1
"10420","2021-2022","NEW JERSEY","3400724",0,0,0,0,0,NA
"10421","2021-2022","NEW JERSEY","3400727",18,166,184,0,184,1
"10422","2021-2022","NEW JERSEY","3400729",26,127,153,0,153,1
"10423","2021-2022","NEW JERSEY","3400730",8,146,154,0,154,1
"10424","2021-2022","NEW JERSEY","3400731",5,17,22,0,22,1
"10425","2021-2022","NEW JERSEY","3400734",1,45,46,0,46,1
"10426","2021-2022","NEW JERSEY","3400735",7,29,36,0,36,1
"10427","2021-2022","NEW JERSEY","3400740",17,121,138,0,138,1
"10428","2021-2022","NEW JERSEY","3400741",39,297,336,0,336,1
"10429","2021-2022","NEW JERSEY","3400744",0,0,0,0,0,NA
"10430","2021-2022","NEW JERSEY","3400745",171,1167,1338,0,1338,1
"10431","2021-2022","NEW JERSEY","3400746",22,63,85,0,85,1
"10432","2021-2022","NEW JERSEY","3400748",32,552,584,0,584,1
"10433","2021-2022","NEW JERSEY","3400749",0,116,116,0,116,1
"10434","2021-2022","NEW JERSEY","3400750",0,13,13,0,13,1
"10435","2021-2022","NEW JERSEY","3400751",155,1482,1637,0,1637,1
"10436","2021-2022","NEW JERSEY","3400754",0,0,0,0,0,NA
"10437","2021-2022","NEW JERSEY","3400755",8,242,250,0,250,1
"10438","2021-2022","NEW JERSEY","3400756",25,308,333,0,333,1
"10439","2021-2022","NEW JERSEY","3400759",112,947,1059,0,1059,1
"10440","2021-2022","NEW JERSEY","3400763",3,140,143,0,143,1
"10441","2021-2022","NEW JERSEY","3400764",67,325,392,0,392,1
"10442","2021-2022","NEW JERSEY","3400765",130,634,764,0,764,1
"10443","2021-2022","NEW JERSEY","3400766",20,83,103,0,103,1
"10444","2021-2022","NEW JERSEY","3400767",13,104,117,0,117,1
"10445","2021-2022","NEW JERSEY","3400769",20,143,163,0,163,1
"10446","2021-2022","NEW JERSEY","3400770",47,310,357,0,357,1
"10447","2021-2022","NEW JERSEY","3400771",11,308,319,0,319,1
"10448","2021-2022","NEW JERSEY","3400772",119,2415,2534,0,2534,1
"10449","2021-2022","NEW JERSEY","3400773",49,194,243,0,243,1
"10450","2021-2022","NEW JERSEY","3400776",33,749,782,0,782,1
"10451","2021-2022","NEW JERSEY","3400777",117,1739,1856,0,1856,1
"10452","2021-2022","NEW JERSEY","3400778",4,7,11,0,11,1
"10453","2021-2022","NEW JERSEY","3400779",125,783,908,0,908,1
"10454","2021-2022","NEW JERSEY","3400781",46,538,584,0,584,1
"10455","2021-2022","NEW JERSEY","3400782",0,43,43,0,43,1
"10456","2021-2022","NEW JERSEY","3400783",57,366,423,0,423,1
"10457","2021-2022","NEW JERSEY","3400784",31,248,279,0,279,1
"10458","2021-2022","NEW JERSEY","3400785",346,1703,2049,0,2049,1
"10459","2021-2022","NEW JERSEY","3400786",51,240,291,0,291,1
"10460","2021-2022","NEW JERSEY","3400787",85,401,486,0,486,1
"10461","2021-2022","NEW JERSEY","3400788",0,146,146,0,146,1
"10462","2021-2022","NEW JERSEY","3400789",15,354,369,0,369,1
"10463","2021-2022","NEW JERSEY","3400791",52,288,340,0,340,1
"10464","2021-2022","NEW JERSEY","3400792",49,385,434,0,434,1
"10465","2021-2022","NEW JERSEY","3400793",61,1077,1138,0,1138,1
"10466","2021-2022","NEW JERSEY","3400794",17,212,229,0,229,1
"10467","2021-2022","NEW JERSEY","3400795",34,166,200,0,200,1
"10468","2021-2022","NEW JERSEY","3400796",0,0,0,0,0,NA
"10469","2021-2022","NEW JERSEY","3400797",0,70,70,0,70,1
"10470","2021-2022","NEW JERSEY","3400798",0,6,6,0,6,1
"10471","2021-2022","NEW JERSEY","3400799",0,26,26,0,26,1
"10472","2021-2022","NEW JERSEY","3400802",0,42,42,0,42,1
"10473","2021-2022","NEW JERSEY","3400803",0,17,17,0,17,1
"10474","2021-2022","NEW JERSEY","3400804",0,0,0,0,0,NA
"10475","2021-2022","NEW JERSEY","3400805",14,25,39,0,39,1
"10476","2021-2022","NEW JERSEY","3400810",2,42,44,0,44,1
"10477","2021-2022","NEW JERSEY","3400840",5,39,44,0,44,1
"10478","2021-2022","NEW JERSEY","3400870",0,0,0,0,0,NA
"10479","2021-2022","NEW JERSEY","3400900",5,50,55,0,55,1
"10480","2021-2022","NEW JERSEY","3400930",0,759,759,0,759,1
"10481","2021-2022","NEW JERSEY","3400960",291,4708,4999,0,4999,1
"10482","2021-2022","NEW JERSEY","3400990",169,755,924,0,924,1
"10483","2021-2022","NEW JERSEY","3401020",5,9,14,0,14,1
"10484","2021-2022","NEW JERSEY","3401050",60,184,244,0,244,1
"10485","2021-2022","NEW JERSEY","3401110",0,0,0,0,0,NA
"10486","2021-2022","NEW JERSEY","3401140",0,6,6,0,6,1
"10487","2021-2022","NEW JERSEY","3401170",21,97,118,0,118,1
"10488","2021-2022","NEW JERSEY","3401230",0,0,0,0,0,NA
"10489","2021-2022","NEW JERSEY","3401260",468,4866,5334,0,5334,1
"10490","2021-2022","NEW JERSEY","3401290",0,0,0,0,0,NA
"10491","2021-2022","NEW JERSEY","3401320",6,11,17,0,17,1
"10492","2021-2022","NEW JERSEY","3401350",405,1828,2233,0,2233,1
"10493","2021-2022","NEW JERSEY","3401380",60,364,424,0,424,1
"10494","2021-2022","NEW JERSEY","3401410",23,181,204,0,204,1
"10495","2021-2022","NEW JERSEY","3401440",7,90,97,0,97,1
"10496","2021-2022","NEW JERSEY","3401450",9,103,112,0,112,1
"10497","2021-2022","NEW JERSEY","3401470",48,151,199,0,199,1
"10498","2021-2022","NEW JERSEY","3401500",327,775,1102,0,1102,1
"10499","2021-2022","NEW JERSEY","3401530",10,39,49,0,49,1
"10500","2021-2022","NEW JERSEY","3401560",114,557,671,0,671,1
"10501","2021-2022","NEW JERSEY","3401590",6,91,97,0,97,1
"10502","2021-2022","NEW JERSEY","3401620",43,195,238,0,238,1
"10503","2021-2022","NEW JERSEY","3401650",26,47,73,0,73,1
"10504","2021-2022","NEW JERSEY","3401710",0,10,10,0,10,1
"10505","2021-2022","NEW JERSEY","3401740",22,147,169,0,169,1
"10506","2021-2022","NEW JERSEY","3401770",119,808,927,0,927,1
"10507","2021-2022","NEW JERSEY","3401800",7,47,54,0,54,1
"10508","2021-2022","NEW JERSEY","3401830",416,1942,2358,0,2358,1
"10509","2021-2022","NEW JERSEY","3401860",21,94,115,0,115,1
"10510","2021-2022","NEW JERSEY","3401890",0,11,11,0,11,1
"10511","2021-2022","NEW JERSEY","3401920",102,378,480,0,480,1
"10512","2021-2022","NEW JERSEY","3401950",56,316,372,0,372,1
"10513","2021-2022","NEW JERSEY","3401980",0,7,7,0,7,1
"10514","2021-2022","NEW JERSEY","3402030",0,12,12,0,12,1
"10515","2021-2022","NEW JERSEY","3402100",182,1096,1278,0,1278,1
"10516","2021-2022","NEW JERSEY","3402130",22,92,114,0,114,1
"10517","2021-2022","NEW JERSEY","3402160",5,48,53,0,53,1
"10518","2021-2022","NEW JERSEY","3402220",546,2122,2668,0,2668,1
"10519","2021-2022","NEW JERSEY","3402250",298,4435,4733,0,4733,1
"10520","2021-2022","NEW JERSEY","3402280",150,664,814,0,814,1
"10521","2021-2022","NEW JERSEY","3402310",0,9,9,0,9,1
"10522","2021-2022","NEW JERSEY","3402340",18,129,147,0,147,1
"10523","2021-2022","NEW JERSEY","3402370",24,141,165,0,165,1
"10524","2021-2022","NEW JERSEY","3402400",170,692,862,0,862,1
"10525","2021-2022","NEW JERSEY","3402430",100,809,909,0,909,1
"10526","2021-2022","NEW JERSEY","3402440",12,85,97,0,97,1
"10527","2021-2022","NEW JERSEY","3402460",159,697,856,0,856,1
"10528","2021-2022","NEW JERSEY","3402490",134,437,571,0,571,1
"10529","2021-2022","NEW JERSEY","3402520",30,188,218,0,218,1
"10530","2021-2022","NEW JERSEY","3402550",0,33,33,0,33,1
"10531","2021-2022","NEW JERSEY","3402580",18,136,154,0,154,1
"10532","2021-2022","NEW JERSEY","3402610",0,0,0,0,0,NA
"10533","2021-2022","NEW JERSEY","3402640",58,3818,3876,0,3876,1
"10534","2021-2022","NEW JERSEY","3402670",151,885,1036,0,1036,1
"10535","2021-2022","NEW JERSEY","3402700",12,32,44,0,44,1
"10536","2021-2022","NEW JERSEY","3402730",17,105,122,0,122,1
"10537","2021-2022","NEW JERSEY","3402740",11,77,88,0,88,1
"10538","2021-2022","NEW JERSEY","3402790",27,106,133,0,133,1
"10539","2021-2022","NEW JERSEY","3402800",34,138,172,0,172,1
"10540","2021-2022","NEW JERSEY","3402820",318,2205,2523,0,2523,1
"10541","2021-2022","NEW JERSEY","3402850",8,31,39,0,39,1
"10542","2021-2022","NEW JERSEY","3402880",44,170,214,0,214,1
"10543","2021-2022","NEW JERSEY","3402910",167,666,833,0,833,1
"10544","2021-2022","NEW JERSEY","3403000",268,1424,1692,0,1692,1
"10545","2021-2022","NEW JERSEY","3403060",5,41,46,0,46,1
"10546","2021-2022","NEW JERSEY","3403090",0,11,11,0,11,1
"10547","2021-2022","NEW JERSEY","3403120",45,281,326,0,326,1
"10548","2021-2022","NEW JERSEY","3403150",7,27,34,0,34,1
"10549","2021-2022","NEW JERSEY","3403180",29,421,450,0,450,1
"10550","2021-2022","NEW JERSEY","3403210",19,199,218,0,218,1
"10551","2021-2022","NEW JERSEY","3403240",34,276,310,0,310,1
"10552","2021-2022","NEW JERSEY","3403270",180,1129,1309,0,1309,1
"10553","2021-2022","NEW JERSEY","3403300",749,4573,5322,0,5322,1
"10554","2021-2022","NEW JERSEY","3403330",5,34,39,0,39,1
"10555","2021-2022","NEW JERSEY","3403360",4,41,45,0,45,1
"10556","2021-2022","NEW JERSEY","3403390",0,8,8,0,8,1
"10557","2021-2022","NEW JERSEY","3403420",74,578,652,0,652,1
"10558","2021-2022","NEW JERSEY","3403450",4,25,29,0,29,1
"10559","2021-2022","NEW JERSEY","3403480",34,211,245,0,245,1
"10560","2021-2022","NEW JERSEY","3403540",0,15,15,0,15,1
"10561","2021-2022","NEW JERSEY","3403570",15,47,62,0,62,1
"10562","2021-2022","NEW JERSEY","3403600",4,9,13,0,13,1
"10563","2021-2022","NEW JERSEY","3403610",63,213,276,0,276,1
"10564","2021-2022","NEW JERSEY","3403620",56,352,408,0,408,1
"10565","2021-2022","NEW JERSEY","3403630",3,13,16,0,16,1
"10566","2021-2022","NEW JERSEY","3403660",4,78,82,0,82,1
"10567","2021-2022","NEW JERSEY","3403690",18,102,120,0,120,1
"10568","2021-2022","NEW JERSEY","3403720",1,13,14,0,14,1
"10569","2021-2022","NEW JERSEY","3403750",12,32,44,0,44,1
"10570","2021-2022","NEW JERSEY","3403780",128,432,560,0,560,1
"10571","2021-2022","NEW JERSEY","3403810",0,3,3,0,3,1
"10572","2021-2022","NEW JERSEY","3403840",6,71,77,0,77,1
"10573","2021-2022","NEW JERSEY","3403870",0,71,71,0,71,1
"10574","2021-2022","NEW JERSEY","3403900",165,911,1076,0,1076,1
"10575","2021-2022","NEW JERSEY","3403930",272,1075,1347,0,1347,1
"10576","2021-2022","NEW JERSEY","3403960",20,43,63,0,63,1
"10577","2021-2022","NEW JERSEY","3403990",10,134,144,0,144,1
"10578","2021-2022","NEW JERSEY","3404020",45,206,251,0,251,1
"10579","2021-2022","NEW JERSEY","3404050",4,38,42,0,42,1
"10580","2021-2022","NEW JERSEY","3404080",8,31,39,0,39,1
"10581","2021-2022","NEW JERSEY","3404110",318,1088,1406,0,1406,1
"10582","2021-2022","NEW JERSEY","3404140",11,71,82,0,82,1
"10583","2021-2022","NEW JERSEY","3404170",2,10,12,0,12,1
"10584","2021-2022","NEW JERSEY","3404200",16,126,142,0,142,1
"10585","2021-2022","NEW JERSEY","3404230",534,5227,5761,0,5761,1
"10586","2021-2022","NEW JERSEY","3404290",58,189,247,0,247,1
"10587","2021-2022","NEW JERSEY","3404320",367,1221,1588,0,1588,1
"10588","2021-2022","NEW JERSEY","3404350",25,93,118,0,118,1
"10589","2021-2022","NEW JERSEY","3404380",25,176,201,0,201,1
"10590","2021-2022","NEW JERSEY","3404410",50,277,327,0,327,1
"10591","2021-2022","NEW JERSEY","3404440",15,50,65,0,65,1
"10592","2021-2022","NEW JERSEY","3404470",36,298,334,0,334,1
"10593","2021-2022","NEW JERSEY","3404500",521,1987,2508,0,2508,1
"10594","2021-2022","NEW JERSEY","3404530",36,328,364,0,364,1
"10595","2021-2022","NEW JERSEY","3404560",579,2605,3184,0,3184,1
"10596","2021-2022","NEW JERSEY","3404590",2344,15780,18124,0,18124,1
"10597","2021-2022","NEW JERSEY","3404620",13,69,82,0,82,1
"10598","2021-2022","NEW JERSEY","3404660",125,639,764,0,764,1
"10599","2021-2022","NEW JERSEY","3404680",12,42,54,0,54,1
"10600","2021-2022","NEW JERSEY","3404710",22,51,73,0,73,1
"10601","2021-2022","NEW JERSEY","3404740",256,1441,1697,0,1697,1
"10602","2021-2022","NEW JERSEY","3404770",0,0,0,0,0,NA
"10603","2021-2022","NEW JERSEY","3404800",230,1257,1487,0,1487,1
"10604","2021-2022","NEW JERSEY","3404830",0,0,0,0,0,NA
"10605","2021-2022","NEW JERSEY","3404860",0,0,0,0,0,NA
"10606","2021-2022","NEW JERSEY","3404890",38,277,315,0,315,1
"10607","2021-2022","NEW JERSEY","3404920",289,1269,1558,0,1558,1
"10608","2021-2022","NEW JERSEY","3404950",0,6,6,0,6,1
"10609","2021-2022","NEW JERSEY","3404980",160,413,573,0,573,1
"10610","2021-2022","NEW JERSEY","3405010",0,6,6,0,6,1
"10611","2021-2022","NEW JERSEY","3405040",0,108,108,0,108,1
"10612","2021-2022","NEW JERSEY","3405070",139,941,1080,0,1080,1
"10613","2021-2022","NEW JERSEY","3405130",8,25,33,0,33,1
"10614","2021-2022","NEW JERSEY","3405190",100,488,588,0,588,1
"10615","2021-2022","NEW JERSEY","3405220",56,253,309,0,309,1
"10616","2021-2022","NEW JERSEY","3405250",1,9,10,0,10,1
"10617","2021-2022","NEW JERSEY","3405280",21,47,68,0,68,1
"10618","2021-2022","NEW JERSEY","3405310",57,276,333,0,333,1
"10619","2021-2022","NEW JERSEY","3405340",8,32,40,0,40,1
"10620","2021-2022","NEW JERSEY","3405370",7,33,40,0,40,1
"10621","2021-2022","NEW JERSEY","3405400",30,131,161,0,161,1
"10622","2021-2022","NEW JERSEY","3405430",29,156,185,0,185,1
"10623","2021-2022","NEW JERSEY","3405460",0,8,8,0,8,1
"10624","2021-2022","NEW JERSEY","3405490",462,2448,2910,0,2910,1
"10625","2021-2022","NEW JERSEY","3405520",0,29,29,0,29,1
"10626","2021-2022","NEW JERSEY","3405550",2,8,10,0,10,1
"10627","2021-2022","NEW JERSEY","3405580",149,1002,1151,0,1151,1
"10628","2021-2022","NEW JERSEY","3405610",247,1040,1287,0,1287,1
"10629","2021-2022","NEW JERSEY","3405640",64,348,412,0,412,1
"10630","2021-2022","NEW JERSEY","3405670",0,8,8,0,8,1
"10631","2021-2022","NEW JERSEY","3405700",3,10,13,0,13,1
"10632","2021-2022","NEW JERSEY","3405730",199,1008,1207,0,1207,1
"10633","2021-2022","NEW JERSEY","3405760",450,1956,2406,0,2406,1
"10634","2021-2022","NEW JERSEY","3405790",6,29,35,0,35,1
"10635","2021-2022","NEW JERSEY","3405820",41,184,225,0,225,1
"10636","2021-2022","NEW JERSEY","3405850",1,21,22,0,22,1
"10637","2021-2022","NEW JERSEY","3405880",67,658,725,0,725,1
"10638","2021-2022","NEW JERSEY","3405940",0,6,6,0,6,1
"10639","2021-2022","NEW JERSEY","3405970",0,9,9,0,9,1
"10640","2021-2022","NEW JERSEY","3406000",164,1120,1284,0,1284,1
"10641","2021-2022","NEW JERSEY","3406030",340,2089,2429,0,2429,1
"10642","2021-2022","NEW JERSEY","3406040",17,87,104,0,104,1
"10643","2021-2022","NEW JERSEY","3406060",346,1110,1456,0,1456,1
"10644","2021-2022","NEW JERSEY","3406090",1,19,20,0,20,1
"10645","2021-2022","NEW JERSEY","3406120",6,32,38,0,38,1
"10646","2021-2022","NEW JERSEY","3406150",9,24,33,0,33,1
"10647","2021-2022","NEW JERSEY","3406180",3,62,65,0,65,1
"10648","2021-2022","NEW JERSEY","3406210",4,58,62,0,62,1
"10649","2021-2022","NEW JERSEY","3406240",63,505,568,0,568,1
"10650","2021-2022","NEW JERSEY","3406270",459,2236,2695,0,2695,1
"10651","2021-2022","NEW JERSEY","3406300",70,471,541,0,541,1
"10652","2021-2022","NEW JERSEY","3406330",14,158,172,0,172,1
"10653","2021-2022","NEW JERSEY","3406360",46,192,238,0,238,1
"10654","2021-2022","NEW JERSEY","3406390",4,25,29,0,29,1
"10655","2021-2022","NEW JERSEY","3406420",12,60,72,0,72,1
"10656","2021-2022","NEW JERSEY","3406450",80,521,601,0,601,1
"10657","2021-2022","NEW JERSEY","3406480",4,31,35,0,35,1
"10658","2021-2022","NEW JERSEY","3406510",134,910,1044,0,1044,1
"10659","2021-2022","NEW JERSEY","3406540",772,4077,4849,0,4849,1
"10660","2021-2022","NEW JERSEY","3406570",166,863,1029,0,1029,1
"10661","2021-2022","NEW JERSEY","3406600",7,12,19,0,19,1
"10662","2021-2022","NEW JERSEY","3406630",4,31,35,0,35,1
"10663","2021-2022","NEW JERSEY","3406660",7,21,28,0,28,1
"10664","2021-2022","NEW JERSEY","3406690",0,68,68,0,68,1
"10665","2021-2022","NEW JERSEY","3406720",0,6,6,0,6,1
"10666","2021-2022","NEW JERSEY","3406780",4,27,31,0,31,1
"10667","2021-2022","NEW JERSEY","3406810",9,14,23,0,23,1
"10668","2021-2022","NEW JERSEY","3406840",0,0,0,0,0,NA
"10669","2021-2022","NEW JERSEY","3406870",345,1237,1582,0,1582,1
"10670","2021-2022","NEW JERSEY","3406900",19,107,126,0,126,1
"10671","2021-2022","NEW JERSEY","3406930",35,169,204,0,204,1
"10672","2021-2022","NEW JERSEY","3406960",0,0,0,0,0,NA
"10673","2021-2022","NEW JERSEY","3406990",45,444,489,0,489,1
"10674","2021-2022","NEW JERSEY","3407050",14,42,56,0,56,1
"10675","2021-2022","NEW JERSEY","3407110",8,33,41,0,41,1
"10676","2021-2022","NEW JERSEY","3407140",29,90,119,0,119,1
"10677","2021-2022","NEW JERSEY","3407170",66,445,511,0,511,1
"10678","2021-2022","NEW JERSEY","3407200",14,47,61,0,61,1
"10679","2021-2022","NEW JERSEY","3407230",132,425,557,0,557,1
"10680","2021-2022","NEW JERSEY","3407260",10,71,81,0,81,1
"10681","2021-2022","NEW JERSEY","3407290",190,1369,1559,0,1559,1
"10682","2021-2022","NEW JERSEY","3407320",0,0,0,0,0,NA
"10683","2021-2022","NEW JERSEY","3407350",49,869,918,0,918,1
"10684","2021-2022","NEW JERSEY","3407380",1,21,22,0,22,1
"10685","2021-2022","NEW JERSEY","3407410",11,26,37,0,37,1
"10686","2021-2022","NEW JERSEY","3407440",82,246,328,0,328,1
"10687","2021-2022","NEW JERSEY","3407470",1,9,10,0,10,1
"10688","2021-2022","NEW JERSEY","3407500",20,87,107,0,107,1
"10689","2021-2022","NEW JERSEY","3407530",27,74,101,0,101,1
"10690","2021-2022","NEW JERSEY","3407560",169,644,813,0,813,1
"10691","2021-2022","NEW JERSEY","3407570",226,819,1045,0,1045,1
"10692","2021-2022","NEW JERSEY","3407590",60,250,310,0,310,1
"10693","2021-2022","NEW JERSEY","3407680",375,3942,4317,0,4317,1
"10694","2021-2022","NEW JERSEY","3407710",0,3,3,0,3,1
"10695","2021-2022","NEW JERSEY","3407740",394,1717,2111,0,2111,1
"10696","2021-2022","NEW JERSEY","3407770",75,260,335,0,335,1
"10697","2021-2022","NEW JERSEY","3407800",49,239,288,0,288,1
"10698","2021-2022","NEW JERSEY","3407830",916,14202,15118,0,15118,1
"10699","2021-2022","NEW JERSEY","3407860",45,655,700,0,700,1
"10700","2021-2022","NEW JERSEY","3407890",385,2190,2575,0,2575,1
"10701","2021-2022","NEW JERSEY","3407920",37,153,190,0,190,1
"10702","2021-2022","NEW JERSEY","3407950",41,401,442,0,442,1
"10703","2021-2022","NEW JERSEY","3407980",48,310,358,0,358,1
"10704","2021-2022","NEW JERSEY","3408010",6,30,36,0,36,1
"10705","2021-2022","NEW JERSEY","3408040",5,38,43,0,43,1
"10706","2021-2022","NEW JERSEY","3408060",22,51,73,0,73,1
"10707","2021-2022","NEW JERSEY","3408070",7,28,35,0,35,1
"10708","2021-2022","NEW JERSEY","3408100",171,708,879,0,879,1
"10709","2021-2022","NEW JERSEY","3408130",6,11,17,0,17,1
"10710","2021-2022","NEW JERSEY","3408160",47,163,210,0,210,1
"10711","2021-2022","NEW JERSEY","3408190",4,47,51,0,51,1
"10712","2021-2022","NEW JERSEY","3408220",247,4082,4329,0,4329,1
"10713","2021-2022","NEW JERSEY","3408280",11,44,55,0,55,1
"10714","2021-2022","NEW JERSEY","3408310",2,10,12,0,12,1
"10715","2021-2022","NEW JERSEY","3408340",6,66,72,0,72,1
"10716","2021-2022","NEW JERSEY","3408370",22,147,169,0,169,1
"10717","2021-2022","NEW JERSEY","3408400",193,644,837,0,837,1
"10718","2021-2022","NEW JERSEY","3408430",0,4,4,0,4,1
"10719","2021-2022","NEW JERSEY","3408460",4,32,36,0,36,1
"10720","2021-2022","NEW JERSEY","3408490",187,483,670,0,670,1
"10721","2021-2022","NEW JERSEY","3408500",13,45,58,0,58,1
"10722","2021-2022","NEW JERSEY","3408520",43,222,265,0,265,1
"10723","2021-2022","NEW JERSEY","3408580",5,60,65,0,65,1
"10724","2021-2022","NEW JERSEY","3408610",535,2375,2910,0,2910,1
"10725","2021-2022","NEW JERSEY","3408640",224,2214,2438,0,2438,1
"10726","2021-2022","NEW JERSEY","3408670",18,74,92,0,92,1
"10727","2021-2022","NEW JERSEY","3408700",160,560,720,0,720,1
"10728","2021-2022","NEW JERSEY","3408730",26,129,155,0,155,1
"10729","2021-2022","NEW JERSEY","3408760",36,140,176,0,176,1
"10730","2021-2022","NEW JERSEY","3408790",0,3,3,0,3,1
"10731","2021-2022","NEW JERSEY","3408820",26,73,99,0,99,1
"10732","2021-2022","NEW JERSEY","3408850",263,964,1227,0,1227,1
"10733","2021-2022","NEW JERSEY","3408880",29,115,144,0,144,1
"10734","2021-2022","NEW JERSEY","3408910",2,20,22,0,22,1
"10735","2021-2022","NEW JERSEY","3408940",641,3516,4157,0,4157,1
"10736","2021-2022","NEW JERSEY","3409000",5,42,47,0,47,1
"10737","2021-2022","NEW JERSEY","3409030",7,25,32,0,32,1
"10738","2021-2022","NEW JERSEY","3409090",75,336,411,0,411,1
"10739","2021-2022","NEW JERSEY","3409120",121,508,629,0,629,1
"10740","2021-2022","NEW JERSEY","3409150",94,520,614,0,614,1
"10741","2021-2022","NEW JERSEY","3409180",53,197,250,0,250,1
"10742","2021-2022","NEW JERSEY","3409210",77,371,448,0,448,1
"10743","2021-2022","NEW JERSEY","3409240",35,121,156,0,156,1
"10744","2021-2022","NEW JERSEY","3409270",256,1135,1391,0,1391,1
"10745","2021-2022","NEW JERSEY","3409300",28,115,143,0,143,1
"10746","2021-2022","NEW JERSEY","3409330",26,135,161,0,161,1
"10747","2021-2022","NEW JERSEY","3409360",9,102,111,0,111,1
"10748","2021-2022","NEW JERSEY","3409390",87,245,332,0,332,1
"10749","2021-2022","NEW JERSEY","3409420",9,81,90,0,90,1
"10750","2021-2022","NEW JERSEY","3409450",146,646,792,0,792,1
"10751","2021-2022","NEW JERSEY","3409480",8,25,33,0,33,1
"10752","2021-2022","NEW JERSEY","3409510",3,19,22,0,22,1
"10753","2021-2022","NEW JERSEY","3409540",38,131,169,0,169,1
"10754","2021-2022","NEW JERSEY","3409550",11,45,56,0,56,1
"10755","2021-2022","NEW JERSEY","3409600",16,126,142,0,142,1
"10756","2021-2022","NEW JERSEY","3409630",184,537,721,0,721,1
"10757","2021-2022","NEW JERSEY","3409660",125,640,765,0,765,1
"10758","2021-2022","NEW JERSEY","3409690",1,15,16,0,16,1
"10759","2021-2022","NEW JERSEY","3409720",10,132,142,0,142,1
"10760","2021-2022","NEW JERSEY","3409750",161,686,847,0,847,1
"10761","2021-2022","NEW JERSEY","3409780",10,121,131,0,131,1
"10762","2021-2022","NEW JERSEY","3409810",13,63,76,0,76,1
"10763","2021-2022","NEW JERSEY","3409840",0,15,15,0,15,1
"10764","2021-2022","NEW JERSEY","3409870",17,84,101,0,101,1
"10765","2021-2022","NEW JERSEY","3409900",0,9,9,0,9,1
"10766","2021-2022","NEW JERSEY","3409930",0,3,3,0,3,1
"10767","2021-2022","NEW JERSEY","3409950",9,74,83,0,83,1
"10768","2021-2022","NEW JERSEY","3409960",18,89,107,0,107,1
"10769","2021-2022","NEW JERSEY","3409990",19,90,109,0,109,1
"10770","2021-2022","NEW JERSEY","3410020",133,1084,1217,0,1217,1
"10771","2021-2022","NEW JERSEY","3410050",130,424,554,0,554,1
"10772","2021-2022","NEW JERSEY","3410080",154,574,728,0,728,1
"10773","2021-2022","NEW JERSEY","3410110",216,750,966,0,966,1
"10774","2021-2022","NEW JERSEY","3410140",6,30,36,0,36,1
"10775","2021-2022","NEW JERSEY","3410170",1,11,12,0,12,1
"10776","2021-2022","NEW JERSEY","3410200",9,40,49,0,49,1
"10777","2021-2022","NEW JERSEY","3410230",0,16,16,0,16,1
"10778","2021-2022","NEW JERSEY","3410290",22,64,86,0,86,1
"10779","2021-2022","NEW JERSEY","3410320",390,2991,3381,0,3381,1
"10780","2021-2022","NEW JERSEY","3410350",25,76,101,0,101,1
"10781","2021-2022","NEW JERSEY","3410380",0,0,0,0,0,NA
"10782","2021-2022","NEW JERSEY","3410440",27,122,149,0,149,1
"10783","2021-2022","NEW JERSEY","3410470",325,1406,1731,0,1731,1
"10784","2021-2022","NEW JERSEY","3410500",94,333,427,0,427,1
"10785","2021-2022","NEW JERSEY","3410530",13,67,80,0,80,1
"10786","2021-2022","NEW JERSEY","3410560",144,681,825,0,825,1
"10787","2021-2022","NEW JERSEY","3410590",48,147,195,0,195,1
"10788","2021-2022","NEW JERSEY","3410620",0,19,19,0,19,1
"10789","2021-2022","NEW JERSEY","3410650",22,51,73,0,73,1
"10790","2021-2022","NEW JERSEY","3410680",49,126,175,0,175,1
"10791","2021-2022","NEW JERSEY","3410710",62,262,324,0,324,1
"10792","2021-2022","NEW JERSEY","3410720",9,23,32,0,32,1
"10793","2021-2022","NEW JERSEY","3410740",89,257,346,0,346,1
"10794","2021-2022","NEW JERSEY","3410770",15,47,62,0,62,1
"10795","2021-2022","NEW JERSEY","3410810",175,875,1050,0,1050,1
"10796","2021-2022","NEW JERSEY","3410860",5,36,41,0,41,1
"10797","2021-2022","NEW JERSEY","3410890",34,75,109,0,109,1
"10798","2021-2022","NEW JERSEY","3410920",89,470,559,0,559,1
"10799","2021-2022","NEW JERSEY","3410950",116,451,567,0,567,1
"10800","2021-2022","NEW JERSEY","3410980",87,361,448,0,448,1
"10801","2021-2022","NEW JERSEY","3411010",2,15,17,0,17,1
"10802","2021-2022","NEW JERSEY","3411040",1,9,10,0,10,1
"10803","2021-2022","NEW JERSEY","3411070",33,195,228,0,228,1
"10804","2021-2022","NEW JERSEY","3411100",20,93,113,0,113,1
"10805","2021-2022","NEW JERSEY","3411130",10,100,110,0,110,1
"10806","2021-2022","NEW JERSEY","3411160",223,1260,1483,0,1483,1
"10807","2021-2022","NEW JERSEY","3411190",22,50,72,0,72,1
"10808","2021-2022","NEW JERSEY","3411220",643,6891,7534,0,7534,1
"10809","2021-2022","NEW JERSEY","3411250",13,74,87,0,87,1
"10810","2021-2022","NEW JERSEY","3411280",73,177,250,0,250,1
"10811","2021-2022","NEW JERSEY","3411310",12,32,44,0,44,1
"10812","2021-2022","NEW JERSEY","3411340",2795,27502,30297,0,30297,1
"10813","2021-2022","NEW JERSEY","3411400",40,353,393,0,393,1
"10814","2021-2022","NEW JERSEY","3411430",78,345,423,0,423,1
"10815","2021-2022","NEW JERSEY","3411460",425,3706,4131,0,4131,1
"10816","2021-2022","NEW JERSEY","3411490",200,1558,1758,0,1758,1
"10817","2021-2022","NEW JERSEY","3411520",0,0,0,0,0,NA
"10818","2021-2022","NEW JERSEY","3411550",13,64,77,0,77,1
"10819","2021-2022","NEW JERSEY","3411580",183,165,348,0,348,1
"10820","2021-2022","NEW JERSEY","3411610",20,35,55,0,55,1
"10821","2021-2022","NEW JERSEY","3411640",348,1731,2079,0,2079,1
"10822","2021-2022","NEW JERSEY","3411670",14,79,93,0,93,1
"10823","2021-2022","NEW JERSEY","3411700",61,137,198,0,198,1
"10824","2021-2022","NEW JERSEY","3411730",2,9,11,0,11,1
"10825","2021-2022","NEW JERSEY","3411760",7,20,27,0,27,1
"10826","2021-2022","NEW JERSEY","3411790",30,180,210,0,210,1
"10827","2021-2022","NEW JERSEY","3411820",0,0,0,0,0,NA
"10828","2021-2022","NEW JERSEY","3411850",7,13,20,0,20,1
"10829","2021-2022","NEW JERSEY","3411880",70,361,431,0,431,1
"10830","2021-2022","NEW JERSEY","3411910",13,42,55,0,55,1
"10831","2021-2022","NEW JERSEY","3411940",10,61,71,0,71,1
"10832","2021-2022","NEW JERSEY","3411970",45,245,290,0,290,1
"10833","2021-2022","NEW JERSEY","3411980",9,33,42,0,42,1
"10834","2021-2022","NEW JERSEY","3412030",4,56,60,0,60,1
"10835","2021-2022","NEW JERSEY","3412060",148,634,782,0,782,1
"10836","2021-2022","NEW JERSEY","3412090",29,142,171,0,171,1
"10837","2021-2022","NEW JERSEY","3412120",4,22,26,0,26,1
"10838","2021-2022","NEW JERSEY","3412150",17,25,42,0,42,1
"10839","2021-2022","NEW JERSEY","3412180",0,0,0,0,0,NA
"10840","2021-2022","NEW JERSEY","3412210",0,12,12,0,12,1
"10841","2021-2022","NEW JERSEY","3412240",0,0,0,0,0,NA
"10842","2021-2022","NEW JERSEY","3412260",10,13,23,0,23,1
"10843","2021-2022","NEW JERSEY","3412270",406,3484,3890,0,3890,1
"10844","2021-2022","NEW JERSEY","3412300",6,24,30,0,30,1
"10845","2021-2022","NEW JERSEY","3412360",45,400,445,0,445,1
"10846","2021-2022","NEW JERSEY","3412390",47,233,280,0,280,1
"10847","2021-2022","NEW JERSEY","3412420",60,255,315,0,315,1
"10848","2021-2022","NEW JERSEY","3412450",0,34,34,0,34,1
"10849","2021-2022","NEW JERSEY","3412480",125,654,779,0,779,1
"10850","2021-2022","NEW JERSEY","3412510",15,16,31,0,31,1
"10851","2021-2022","NEW JERSEY","3412540",0,11752,11752,0,11752,1
"10852","2021-2022","NEW JERSEY","3412570",15,231,246,0,246,1
"10853","2021-2022","NEW JERSEY","3412600",48,306,354,0,354,1
"10854","2021-2022","NEW JERSEY","3412630",461,2022,2483,0,2483,1
"10855","2021-2022","NEW JERSEY","3412660",5,38,43,0,43,1
"10856","2021-2022","NEW JERSEY","3412690",450,14711,15161,0,15161,1
"10857","2021-2022","NEW JERSEY","3412720",0,544,544,0,544,1
"10858","2021-2022","NEW JERSEY","3412810",572,1662,2234,0,2234,1
"10859","2021-2022","NEW JERSEY","3412840",110,1331,1441,0,1441,1
"10860","2021-2022","NEW JERSEY","3412870",103,382,485,0,485,1
"10861","2021-2022","NEW JERSEY","3412900",19,27,46,0,46,1
"10862","2021-2022","NEW JERSEY","3412930",1029,7055,8084,0,8084,1
"10863","2021-2022","NEW JERSEY","3412960",128,1596,1724,0,1724,1
"10864","2021-2022","NEW JERSEY","3412990",138,783,921,0,921,1
"10865","2021-2022","NEW JERSEY","3413000",152,505,657,0,657,1
"10866","2021-2022","NEW JERSEY","3413050",660,1789,2449,0,2449,1
"10867","2021-2022","NEW JERSEY","3413080",11,105,116,0,116,1
"10868","2021-2022","NEW JERSEY","3413110",64,352,416,0,416,1
"10869","2021-2022","NEW JERSEY","3413140",724,5927,6651,0,6651,1
"10870","2021-2022","NEW JERSEY","3413200",179,2688,2867,0,2867,1
"10871","2021-2022","NEW JERSEY","3413230",28,94,122,0,122,1
"10872","2021-2022","NEW JERSEY","3413260",12,35,47,0,47,1
"10873","2021-2022","NEW JERSEY","3413290",65,204,269,0,269,1
"10874","2021-2022","NEW JERSEY","3413320",32,62,94,0,94,1
"10875","2021-2022","NEW JERSEY","3413350",64,225,289,0,289,1
"10876","2021-2022","NEW JERSEY","3413380",0,3,3,0,3,1
"10877","2021-2022","NEW JERSEY","3413410",95,339,434,0,434,1
"10878","2021-2022","NEW JERSEY","3413470",62,488,550,0,550,1
"10879","2021-2022","NEW JERSEY","3413500",0,56,56,0,56,1
"10880","2021-2022","NEW JERSEY","3413530",141,1118,1259,0,1259,1
"10881","2021-2022","NEW JERSEY","3413560",0,38,38,0,38,1
"10882","2021-2022","NEW JERSEY","3413590",27,132,159,0,159,1
"10883","2021-2022","NEW JERSEY","3413620",80,357,437,0,437,1
"10884","2021-2022","NEW JERSEY","3413650",47,216,263,0,263,1
"10885","2021-2022","NEW JERSEY","3413680",90,312,402,0,402,1
"10886","2021-2022","NEW JERSEY","3413710",12,64,76,0,76,1
"10887","2021-2022","NEW JERSEY","3413740",131,850,981,0,981,1
"10888","2021-2022","NEW JERSEY","3413750",14,189,203,0,203,1
"10889","2021-2022","NEW JERSEY","3413770",80,313,393,0,393,1
"10890","2021-2022","NEW JERSEY","3413800",189,525,714,0,714,1
"10891","2021-2022","NEW JERSEY","3413830",36,87,123,0,123,1
"10892","2021-2022","NEW JERSEY","3413860",4,80,84,0,84,1
"10893","2021-2022","NEW JERSEY","3413890",9,10,19,0,19,1
"10894","2021-2022","NEW JERSEY","3413950",0,0,0,0,0,NA
"10895","2021-2022","NEW JERSEY","3413980",1,38,39,0,39,1
"10896","2021-2022","NEW JERSEY","3414010",137,507,644,0,644,1
"10897","2021-2022","NEW JERSEY","3414040",11,33,44,0,44,1
"10898","2021-2022","NEW JERSEY","3414070",19,60,79,0,79,1
"10899","2021-2022","NEW JERSEY","3414100",35,92,127,0,127,1
"10900","2021-2022","NEW JERSEY","3414130",34,160,194,0,194,1
"10901","2021-2022","NEW JERSEY","3414220",0,0,0,0,0,NA
"10902","2021-2022","NEW JERSEY","3414250",0,11,11,0,11,1
"10903","2021-2022","NEW JERSEY","3414280",82,1300,1382,0,1382,1
"10904","2021-2022","NEW JERSEY","3414310",204,481,685,0,685,1
"10905","2021-2022","NEW JERSEY","3414340",118,381,499,0,499,1
"10906","2021-2022","NEW JERSEY","3414370",0,0,0,0,0,NA
"10907","2021-2022","NEW JERSEY","3414400",0,3,3,0,3,1
"10908","2021-2022","NEW JERSEY","3414430",45,183,228,0,228,1
"10909","2021-2022","NEW JERSEY","3414460",28,81,109,0,109,1
"10910","2021-2022","NEW JERSEY","3414490",48,217,265,0,265,1
"10911","2021-2022","NEW JERSEY","3414520",3,0,3,0,3,1
"10912","2021-2022","NEW JERSEY","3414550",0,777,777,0,777,1
"10913","2021-2022","NEW JERSEY","3414580",0,0,0,0,0,NA
"10914","2021-2022","NEW JERSEY","3414610",3,11,14,0,14,1
"10915","2021-2022","NEW JERSEY","3414640",409,1514,1923,0,1923,1
"10916","2021-2022","NEW JERSEY","3414670",34,106,140,0,140,1
"10917","2021-2022","NEW JERSEY","3414730",0,0,0,0,0,NA
"10918","2021-2022","NEW JERSEY","3414790",12,161,173,0,173,1
"10919","2021-2022","NEW JERSEY","3414850",89,395,484,0,484,1
"10920","2021-2022","NEW JERSEY","3414880",12,43,55,0,55,1
"10921","2021-2022","NEW JERSEY","3414940",7,31,38,0,38,1
"10922","2021-2022","NEW JERSEY","3414970",0,4,4,0,4,1
"10923","2021-2022","NEW JERSEY","3415000",21,111,132,0,132,1
"10924","2021-2022","NEW JERSEY","3415030",45,374,419,0,419,1
"10925","2021-2022","NEW JERSEY","3415060",4,33,37,0,37,1
"10926","2021-2022","NEW JERSEY","3415090",91,442,533,0,533,1
"10927","2021-2022","NEW JERSEY","3415120",59,285,344,0,344,1
"10928","2021-2022","NEW JERSEY","3415180",35,132,167,0,167,1
"10929","2021-2022","NEW JERSEY","3415210",180,723,903,0,903,1
"10930","2021-2022","NEW JERSEY","3415240",11,62,73,0,73,1
"10931","2021-2022","NEW JERSEY","3415270",4,24,28,0,28,1
"10932","2021-2022","NEW JERSEY","3415330",127,642,769,0,769,1
"10933","2021-2022","NEW JERSEY","3415360",118,568,686,0,686,1
"10934","2021-2022","NEW JERSEY","3415390",76,654,730,0,730,1
"10935","2021-2022","NEW JERSEY","3415420",11,87,98,0,98,1
"10936","2021-2022","NEW JERSEY","3415450",32,187,219,0,219,1
"10937","2021-2022","NEW JERSEY","3415480",82,362,444,0,444,1
"10938","2021-2022","NEW JERSEY","3415510",29,87,116,0,116,1
"10939","2021-2022","NEW JERSEY","3415540",32,141,173,0,173,1
"10940","2021-2022","NEW JERSEY","3415570",0,0,0,0,0,NA
"10941","2021-2022","NEW JERSEY","3415600",4,16,20,0,20,1
"10942","2021-2022","NEW JERSEY","3415630",57,180,237,0,237,1
"10943","2021-2022","NEW JERSEY","3415660",0,22,22,0,22,1
"10944","2021-2022","NEW JERSEY","3415690",113,359,472,0,472,1
"10945","2021-2022","NEW JERSEY","3415720",2,31,33,0,33,1
"10946","2021-2022","NEW JERSEY","3415750",5,28,33,0,33,1
"10947","2021-2022","NEW JERSEY","3415810",0,0,0,0,0,NA
"10948","2021-2022","NEW JERSEY","3415840",1,23,24,0,24,1
"10949","2021-2022","NEW JERSEY","3415870",30,251,281,0,281,1
"10950","2021-2022","NEW JERSEY","3415900",102,347,449,0,449,1
"10951","2021-2022","NEW JERSEY","3415930",15,54,69,0,69,1
"10952","2021-2022","NEW JERSEY","3415960",30,189,219,0,219,1
"10953","2021-2022","NEW JERSEY","3415990",22,122,144,0,144,1
"10954","2021-2022","NEW JERSEY","3416020",0,35,35,0,35,1
"10955","2021-2022","NEW JERSEY","3416080",291,596,887,0,887,1
"10956","2021-2022","NEW JERSEY","3416110",19,53,72,0,72,1
"10957","2021-2022","NEW JERSEY","3416170",0,8,8,0,8,1
"10958","2021-2022","NEW JERSEY","3416200",18,133,151,0,151,1
"10959","2021-2022","NEW JERSEY","3416230",782,3622,4404,0,4404,1
"10960","2021-2022","NEW JERSEY","3416260",12,139,151,0,151,1
"10961","2021-2022","NEW JERSEY","3416290",96,5664,5760,0,5760,1
"10962","2021-2022","NEW JERSEY","3416320",25,95,120,0,120,1
"10963","2021-2022","NEW JERSEY","3416350",41,125,166,0,166,1
"10964","2021-2022","NEW JERSEY","3416380",1189,8401,9590,0,9590,1
"10965","2021-2022","NEW JERSEY","3416400",4,27,31,0,31,1
"10966","2021-2022","NEW JERSEY","3416440",0,9,9,0,9,1
"10967","2021-2022","NEW JERSEY","3416470",187,765,952,0,952,1
"10968","2021-2022","NEW JERSEY","3416500",672,1921,2593,0,2593,1
"10969","2021-2022","NEW JERSEY","3416530",104,365,469,0,469,1
"10970","2021-2022","NEW JERSEY","3416560",14,99,113,0,113,1
"10971","2021-2022","NEW JERSEY","3416590",0,33,33,0,33,1
"10972","2021-2022","NEW JERSEY","3416620",0,0,0,0,0,NA
"10973","2021-2022","NEW JERSEY","3416650",9,128,137,0,137,1
"10974","2021-2022","NEW JERSEY","3416680",32,248,280,0,280,1
"10975","2021-2022","NEW JERSEY","3416710",122,343,465,0,465,1
"10976","2021-2022","NEW JERSEY","3416740",3,14,17,0,17,1
"10977","2021-2022","NEW JERSEY","3416800",486,4013,4499,0,4499,1
"10978","2021-2022","NEW JERSEY","3416830",45,262,307,0,307,1
"10979","2021-2022","NEW JERSEY","3416860",0,9,9,0,9,1
"10980","2021-2022","NEW JERSEY","3416870",20,76,96,0,96,1
"10981","2021-2022","NEW JERSEY","3416890",12,197,209,0,209,1
"10982","2021-2022","NEW JERSEY","3416920",91,258,349,0,349,1
"10983","2021-2022","NEW JERSEY","3416950",16,122,138,0,138,1
"10984","2021-2022","NEW JERSEY","3416970",0,137,137,0,137,1
"10985","2021-2022","NEW JERSEY","3416980",8,21,29,0,29,1
"10986","2021-2022","NEW JERSEY","3417010",5,146,151,0,151,1
"10987","2021-2022","NEW JERSEY","3417070",182,880,1062,0,1062,1
"10988","2021-2022","NEW JERSEY","3417100",35,122,157,0,157,1
"10989","2021-2022","NEW JERSEY","3417130",6,39,45,0,45,1
"10990","2021-2022","NEW JERSEY","3417160",12,68,80,0,80,1
"10991","2021-2022","NEW JERSEY","3417190",0,0,0,0,0,NA
"10992","2021-2022","NEW JERSEY","3417220",9,22,31,0,31,1
"10993","2021-2022","NEW JERSEY","3417250",25,188,213,0,213,1
"10994","2021-2022","NEW JERSEY","3417280",64,449,513,0,513,1
"10995","2021-2022","NEW JERSEY","3417310",62,404,466,0,466,1
"10996","2021-2022","NEW JERSEY","3417340",0,3,3,0,3,1
"10997","2021-2022","NEW JERSEY","3417400",0,11,11,0,11,1
"10998","2021-2022","NEW JERSEY","3417430",64,484,548,0,548,1
"10999","2021-2022","NEW JERSEY","3417460",15,34,49,0,49,1
"11000","2021-2022","NEW JERSEY","3417490",14,59,73,0,73,1
"11001","2021-2022","NEW JERSEY","3417500",7,14,21,0,21,1
"11002","2021-2022","NEW JERSEY","3417520",131,345,476,0,476,1
"11003","2021-2022","NEW JERSEY","3417550",0,26,26,0,26,1
"11004","2021-2022","NEW JERSEY","3417580",864,5320,6184,0,6184,1
"11005","2021-2022","NEW JERSEY","3417610",401,2508,2909,0,2909,1
"11006","2021-2022","NEW JERSEY","3417640",30,323,353,0,353,1
"11007","2021-2022","NEW JERSEY","3417700",90,445,535,0,535,1
"11008","2021-2022","NEW JERSEY","3417730",18,147,165,0,165,1
"11009","2021-2022","NEW JERSEY","3417760",8,33,41,0,41,1
"11010","2021-2022","NEW JERSEY","3417790",44,134,178,0,178,1
"11011","2021-2022","NEW JERSEY","3417820",85,184,269,0,269,1
"11012","2021-2022","NEW JERSEY","3417850",8,50,58,0,58,1
"11013","2021-2022","NEW JERSEY","3417880",66,258,324,0,324,1
"11014","2021-2022","NEW JERSEY","3417910",2,30,32,0,32,1
"11015","2021-2022","NEW JERSEY","3417920",16,71,87,0,87,1
"11016","2021-2022","NEW JERSEY","3417940",41,643,684,0,684,1
"11017","2021-2022","NEW JERSEY","3417970",6,46,52,0,52,1
"11018","2021-2022","NEW JERSEY","3418000",299,1088,1387,0,1387,1
"11019","2021-2022","NEW JERSEY","3418030",3,26,29,0,29,1
"11020","2021-2022","NEW JERSEY","3418040",20,106,126,0,126,1
"11021","2021-2022","NEW JERSEY","3418060",233,1847,2080,0,2080,1
"11022","2021-2022","NEW JERSEY","3418090",20,159,179,0,179,1
"11023","2021-2022","NEW JERSEY","3418120",786,3314,4100,0,4100,1
"11024","2021-2022","NEW JERSEY","3418150",66,935,1001,0,1001,1
"11025","2021-2022","NEW JERSEY","3418180",5,22,27,0,27,1
"11026","2021-2022","NEW JERSEY","3418210",0,6,6,0,6,1
"11027","2021-2022","NEW JERSEY","3418240",2,13,15,0,15,1
"11028","2021-2022","NEW JERSEY","3418270",20,277,297,0,297,1
"11029","2021-2022","NEW JERSEY","3418300",2,82,84,0,84,1
"11030","2021-2022","NEW JERSEY","3418330",51,236,287,0,287,1
"11031","2021-2022","NEW JERSEY","3418360",1,2,3,0,3,1
"11032","2021-2022","NEW JERSEY","3480180",23,114,137,0,137,1
"11033","2021-2022","NEW JERSEY","3480200",16,190,206,0,206,1
"11034","2021-2022","NEW JERSEY","3480240",0,3,3,0,3,1
"11035","2021-2022","NEW JERSEY","3480260",1,2,3,0,3,1
"11036","2021-2022","NEW JERSEY","3480280",0,22,22,0,22,1
"11037","2021-2022","NEW JERSEY","3480300",0,19,19,0,19,1
"11038","2021-2022","NEW JERSEY","3480320",1,2,3,0,3,1
"11039","2021-2022","NEW JERSEY","3480360",0,0,0,0,0,NA
"11040","2021-2022","NEW JERSEY","3480361",4,84,88,0,88,1
"11041","2021-2022","NEW JERSEY","3480363",7,108,115,0,115,1
"11042","2021-2022","NEW JERSEY","3480364",0,54,54,0,54,1
"11043","2021-2022","NEW MEXICO","3500001",0,57,57,32,89,0.640449438202247
"11044","2021-2022","NEW MEXICO","3500010",344,5987,6331,5483,11814,0.535889622481801
"11045","2021-2022","NEW MEXICO","3500011",0,58,58,58,116,0.5
"11046","2021-2022","NEW MEXICO","3500012",0,0,0,0,0,NA
"11047","2021-2022","NEW MEXICO","3500013",0,0,0,0,0,NA
"11048","2021-2022","NEW MEXICO","3500014",0,142,142,29,171,0.830409356725146
"11049","2021-2022","NEW MEXICO","3500015",0,7,7,0,7,1
"11050","2021-2022","NEW MEXICO","3500016",0,0,0,0,0,NA
"11051","2021-2022","NEW MEXICO","3500030",14,4938,4952,2063,7015,0.705915894511761
"11052","2021-2022","NEW MEXICO","3500060",1128,55721,56849,28358,85207,0.667186968206837
"11053","2021-2022","NEW MEXICO","3500090",0,49,49,43,92,0.532608695652174
"11054","2021-2022","NEW MEXICO","3500106",0,436,436,159,595,0.732773109243697
"11055","2021-2022","NEW MEXICO","3500107",47,142,189,101,290,0.651724137931034
"11056","2021-2022","NEW MEXICO","3500109",11,85,96,67,163,0.588957055214724
"11057","2021-2022","NEW MEXICO","3500112",0,552,552,211,763,0.72346002621232
"11058","2021-2022","NEW MEXICO","3500116",0,118,118,48,166,0.710843373493976
"11059","2021-2022","NEW MEXICO","3500117",0,187,187,110,297,0.62962962962963
"11060","2021-2022","NEW MEXICO","3500118",8,123,131,0,131,1
"11061","2021-2022","NEW MEXICO","3500119",17,63,80,46,126,0.634920634920635
"11062","2021-2022","NEW MEXICO","3500120",245,1410,1655,1049,2704,0.612056213017751
"11063","2021-2022","NEW MEXICO","3500121",0,171,171,88,259,0.66023166023166
"11064","2021-2022","NEW MEXICO","3500122",58,401,459,272,731,0.627906976744186
"11065","2021-2022","NEW MEXICO","3500123",2,61,63,44,107,0.588785046728972
"11066","2021-2022","NEW MEXICO","3500124",0,221,221,65,286,0.772727272727273
"11067","2021-2022","NEW MEXICO","3500125",14,80,94,52,146,0.643835616438356
"11068","2021-2022","NEW MEXICO","3500126",1,76,77,65,142,0.542253521126761
"11069","2021-2022","NEW MEXICO","3500127",0,193,193,74,267,0.722846441947566
"11070","2021-2022","NEW MEXICO","3500130",0,26,26,25,51,0.509803921568627
"11071","2021-2022","NEW MEXICO","3500131",20,90,110,62,172,0.63953488372093
"11072","2021-2022","NEW MEXICO","3500134",0,373,373,152,525,0.71047619047619
"11073","2021-2022","NEW MEXICO","3500135",0,0,0,0,0,NA
"11074","2021-2022","NEW MEXICO","3500136",1,63,64,59,123,0.520325203252033
"11075","2021-2022","NEW MEXICO","3500137",9,51,60,40,100,0.6
"11076","2021-2022","NEW MEXICO","3500138",14,92,106,53,159,0.666666666666667
"11077","2021-2022","NEW MEXICO","3500141",5,63,68,44,112,0.607142857142857
"11078","2021-2022","NEW MEXICO","3500142",0,28,28,28,56,0.5
"11079","2021-2022","NEW MEXICO","3500143",0,71,71,28,99,0.717171717171717
"11080","2021-2022","NEW MEXICO","3500148",0,2055,2055,696,2751,0.747001090512541
"11081","2021-2022","NEW MEXICO","3500150",42,1775,1817,1058,2875,0.632
"11082","2021-2022","NEW MEXICO","3500151",28,58,86,44,130,0.661538461538462
"11083","2021-2022","NEW MEXICO","3500152",0,139,139,123,262,0.530534351145038
"11084","2021-2022","NEW MEXICO","3500153",45,318,363,185,548,0.662408759124088
"11085","2021-2022","NEW MEXICO","3500155",0,83,83,39,122,0.680327868852459
"11086","2021-2022","NEW MEXICO","3500156",0,174,174,104,278,0.62589928057554
"11087","2021-2022","NEW MEXICO","3500158",0,39,39,20,59,0.661016949152542
"11088","2021-2022","NEW MEXICO","3500160",0,706,706,449,1155,0.611255411255411
"11089","2021-2022","NEW MEXICO","3500163",0,186,186,98,284,0.654929577464789
"11090","2021-2022","NEW MEXICO","3500166",0,66,66,38,104,0.634615384615385
"11091","2021-2022","NEW MEXICO","3500167",6,87,93,45,138,0.673913043478261
"11092","2021-2022","NEW MEXICO","3500168",0,167,167,117,284,0.588028169014085
"11093","2021-2022","NEW MEXICO","3500170",41,186,227,114,341,0.665689149560117
"11094","2021-2022","NEW MEXICO","3500171",68,271,339,141,480,0.70625
"11095","2021-2022","NEW MEXICO","3500172",11,105,116,66,182,0.637362637362637
"11096","2021-2022","NEW MEXICO","3500173",1,112,113,104,217,0.52073732718894
"11097","2021-2022","NEW MEXICO","3500174",0,47,47,26,73,0.643835616438356
"11098","2021-2022","NEW MEXICO","3500176",8,20,28,18,46,0.608695652173913
"11099","2021-2022","NEW MEXICO","3500177",0,64,64,27,91,0.703296703296703
"11100","2021-2022","NEW MEXICO","3500178",0,196,196,28,224,0.875
"11101","2021-2022","NEW MEXICO","3500179",22,240,262,194,456,0.574561403508772
"11102","2021-2022","NEW MEXICO","3500180",0,3581,3581,1733,5314,0.673880316146029
"11103","2021-2022","NEW MEXICO","3500181",0,153,153,62,215,0.711627906976744
"11104","2021-2022","NEW MEXICO","3500183",0,297,297,142,439,0.676537585421412
"11105","2021-2022","NEW MEXICO","3500184",0,93,93,47,140,0.664285714285714
"11106","2021-2022","NEW MEXICO","3500185",6,22,28,19,47,0.595744680851064
"11107","2021-2022","NEW MEXICO","3500186",36,42,78,0,78,1
"11108","2021-2022","NEW MEXICO","3500187",41,160,201,113,314,0.640127388535032
"11109","2021-2022","NEW MEXICO","3500188",5,10,15,3,18,0.833333333333333
"11110","2021-2022","NEW MEXICO","3500210",0,2805,2805,1486,4291,0.653693777674202
"11111","2021-2022","NEW MEXICO","3500240",0,2568,2568,1487,4055,0.633292231812577
"11112","2021-2022","NEW MEXICO","3500270",25,191,216,149,365,0.591780821917808
"11113","2021-2022","NEW MEXICO","3500300",546,3480,4026,2820,6846,0.588080631025416
"11114","2021-2022","NEW MEXICO","3500330",0,146,146,64,210,0.695238095238095
"11115","2021-2022","NEW MEXICO","3500390",0,4993,4993,2694,7687,0.649538181345128
"11116","2021-2022","NEW MEXICO","3500420",0,372,372,110,482,0.771784232365145
"11117","2021-2022","NEW MEXICO","3500480",39,197,236,115,351,0.672364672364672
"11118","2021-2022","NEW MEXICO","3500510",38,213,251,157,408,0.615196078431373
"11119","2021-2022","NEW MEXICO","3500540",17,141,158,78,236,0.669491525423729
"11120","2021-2022","NEW MEXICO","3500570",56,5958,6014,3198,9212,0.652844116369952
"11121","2021-2022","NEW MEXICO","3500600",0,1079,1079,573,1652,0.653147699757869
"11122","2021-2022","NEW MEXICO","3500630",0,67,67,16,83,0.807228915662651
"11123","2021-2022","NEW MEXICO","3500660",0,667,667,469,1136,0.587147887323944
"11124","2021-2022","NEW MEXICO","3500690",0,5320,5320,3617,8937,0.595278057513707
"11125","2021-2022","NEW MEXICO","3500720",11,24,35,16,51,0.686274509803922
"11126","2021-2022","NEW MEXICO","3500750",0,794,794,350,1144,0.694055944055944
"11127","2021-2022","NEW MEXICO","3500790",20,86,106,49,155,0.683870967741935
"11128","2021-2022","NEW MEXICO","3500810",0,544,544,138,682,0.797653958944281
"11129","2021-2022","NEW MEXICO","3500840",22,76,98,47,145,0.675862068965517
"11130","2021-2022","NEW MEXICO","3500900",0,2988,2988,1515,4503,0.663557628247835
"11131","2021-2022","NEW MEXICO","3500930",0,547,547,242,789,0.693282636248416
"11132","2021-2022","NEW MEXICO","3500960",53,407,460,3,463,0.993520518358531
"11133","2021-2022","NEW MEXICO","3500990",98,6169,6267,4673,10940,0.572851919561243
"11134","2021-2022","NEW MEXICO","3501020",23,161,184,100,284,0.647887323943662
"11135","2021-2022","NEW MEXICO","3501050",0,260,260,101,361,0.720221606648199
"11136","2021-2022","NEW MEXICO","3501080",0,12605,12605,7056,19661,0.641116931997355
"11137","2021-2022","NEW MEXICO","3501110",0,12043,12043,6800,18843,0.639123281855331
"11138","2021-2022","NEW MEXICO","3501140",0,173,173,48,221,0.782805429864253
"11139","2021-2022","NEW MEXICO","3501170",0,3175,3175,1655,4830,0.657349896480331
"11140","2021-2022","NEW MEXICO","3501200",0,365,365,130,495,0.737373737373737
"11141","2021-2022","NEW MEXICO","3501230",0,1197,1197,616,1813,0.66023166023166
"11142","2021-2022","NEW MEXICO","3501260",0,9718,9718,3811,13529,0.718308818094464
"11143","2021-2022","NEW MEXICO","3501290",0,135,135,67,202,0.668316831683168
"11144","2021-2022","NEW MEXICO","3501320",6,38,44,19,63,0.698412698412698
"11145","2021-2022","NEW MEXICO","3501350",28,162,190,133,323,0.588235294117647
"11146","2021-2022","NEW MEXICO","3501380",0,181,181,104,285,0.635087719298246
"11147","2021-2022","NEW MEXICO","3501410",0,361,361,154,515,0.700970873786408
"11148","2021-2022","NEW MEXICO","3501470",0,116,116,54,170,0.682352941176471
"11149","2021-2022","NEW MEXICO","3501500",0,19572,19572,11130,30702,0.637482900136799
"11150","2021-2022","NEW MEXICO","3501530",0,1209,1209,534,1743,0.693631669535284
"11151","2021-2022","NEW MEXICO","3501560",0,1530,1530,833,2363,0.647482014388489
"11152","2021-2022","NEW MEXICO","3501590",8,131,139,94,233,0.59656652360515
"11153","2021-2022","NEW MEXICO","3501620",0,453,453,260,713,0.635343618513324
"11154","2021-2022","NEW MEXICO","3501650",55,378,433,243,676,0.640532544378698
"11155","2021-2022","NEW MEXICO","3501680",346,5013,5359,3261,8620,0.62169373549884
"11156","2021-2022","NEW MEXICO","3501710",0,623,623,210,833,0.747899159663866
"11157","2021-2022","NEW MEXICO","3501740",0,3430,3430,0,3430,1
"11158","2021-2022","NEW MEXICO","3501770",0,280,280,123,403,0.694789081885856
"11159","2021-2022","NEW MEXICO","3501800",0,119,119,47,166,0.716867469879518
"11160","2021-2022","NEW MEXICO","3501830",24,100,124,72,196,0.63265306122449
"11161","2021-2022","NEW MEXICO","3501860",0,410,410,189,599,0.684474123539232
"11162","2021-2022","NEW MEXICO","3501890",1,1281,1282,947,2229,0.575145805293854
"11163","2021-2022","NEW MEXICO","3501920",15,28,43,21,64,0.671875
"11164","2021-2022","NEW MEXICO","3501950",0,222,222,125,347,0.639769452449568
"11165","2021-2022","NEW MEXICO","3501980",0,243,243,111,354,0.686440677966102
"11166","2021-2022","NEW MEXICO","3502010",0,505,505,216,721,0.700416088765603
"11167","2021-2022","NEW MEXICO","3502040",0,330,330,163,493,0.669371196754564
"11168","2021-2022","NEW MEXICO","3502070",135,881,1016,634,1650,0.615757575757576
"11169","2021-2022","NEW MEXICO","3502100",188,1516,1704,1049,2753,0.618961133309117
"11170","2021-2022","NEW MEXICO","3502130",16,94,110,61,171,0.64327485380117
"11171","2021-2022","NEW MEXICO","3502160",0,294,294,127,421,0.69833729216152
"11172","2021-2022","NEW MEXICO","3502190",0,843,843,391,1234,0.683144246353322
"11173","2021-2022","NEW MEXICO","3502220",12,47,59,33,92,0.641304347826087
"11174","2021-2022","NEW MEXICO","3502250",32,8340,8372,4530,12902,0.648891644706247
"11175","2021-2022","NEW MEXICO","3502280",2,33,35,23,58,0.603448275862069
"11176","2021-2022","NEW MEXICO","3502310",0,1830,1830,839,2669,0.685650056200824
"11177","2021-2022","NEW MEXICO","3502340",17,60,77,45,122,0.631147540983607
"11178","2021-2022","NEW MEXICO","3502370",13,7667,7680,4550,12230,0.627964022894522
"11179","2021-2022","NEW MEXICO","3502400",0,608,608,271,879,0.691695108077361
"11180","2021-2022","NEW MEXICO","3502430",0,2122,2122,1002,3124,0.679257362355954
"11181","2021-2022","NEW MEXICO","3502460",0,1474,1474,718,2192,0.672445255474453
"11182","2021-2022","NEW MEXICO","3502490",0,117,117,45,162,0.722222222222222
"11183","2021-2022","NEW MEXICO","3502520",28,2173,2201,1053,3254,0.67639827904118
"11184","2021-2022","NEW MEXICO","3502550",49,114,163,69,232,0.702586206896552
"11185","2021-2022","NEW MEXICO","3502580",24,193,217,121,338,0.642011834319527
"11186","2021-2022","NEW MEXICO","3502610",0,1254,1254,0,1254,1
"11187","2021-2022","NEW MEXICO","3502640",0,891,891,502,1393,0.639626704953338
"11188","2021-2022","NEW MEXICO","3502670",0,809,809,399,1208,0.669701986754967
"11189","2021-2022","NEW MEXICO","3502730",0,80,80,45,125,0.64
"11190","2021-2022","NEW MEXICO","3502800",0,1152,1152,614,1766,0.652321630804077
"11191","2021-2022","NEW YORK","3600001",27,644,671,0,671,1
"11192","2021-2022","NEW YORK","3600002",26,272,298,0,298,1
"11193","2021-2022","NEW YORK","3600003",11,254,265,0,265,1
"11194","2021-2022","NEW YORK","3600004",75,973,1048,0,1048,1
"11195","2021-2022","NEW YORK","3600005",12,537,549,0,549,1
"11196","2021-2022","NEW YORK","3600006",5,166,171,0,171,1
"11197","2021-2022","NEW YORK","3600007",10,167,177,0,177,1
"11198","2021-2022","NEW YORK","3600008",196,2064,2260,0,2260,1
"11199","2021-2022","NEW YORK","3600009",23,494,517,0,517,1
"11200","2021-2022","NEW YORK","3600010",28,665,693,0,693,1
"11201","2021-2022","NEW YORK","3600011",73,627,700,0,700,1
"11202","2021-2022","NEW YORK","3600012",0,385,385,0,385,1
"11203","2021-2022","NEW YORK","3600013",67,809,876,0,876,1
"11204","2021-2022","NEW YORK","3600014",80,760,840,0,840,1
"11205","2021-2022","NEW YORK","3600015",21,420,441,0,441,1
"11206","2021-2022","NEW YORK","3600016",41,533,574,0,574,1
"11207","2021-2022","NEW YORK","3600017",25,233,258,0,258,1
"11208","2021-2022","NEW YORK","3600018",31,248,279,0,279,1
"11209","2021-2022","NEW YORK","3600019",6,313,319,0,319,1
"11210","2021-2022","NEW YORK","3600020",20,323,343,0,343,1
"11211","2021-2022","NEW YORK","3600021",5,167,172,0,172,1
"11212","2021-2022","NEW YORK","3600023",38,334,372,0,372,1
"11213","2021-2022","NEW YORK","3600024",7,354,361,0,361,1
"11214","2021-2022","NEW YORK","3600025",35,1741,1776,0,1776,1
"11215","2021-2022","NEW YORK","3600026",0,759,759,0,759,1
"11216","2021-2022","NEW YORK","3600029",8,77,85,0,85,1
"11217","2021-2022","NEW YORK","3600030",64,545,609,0,609,1
"11218","2021-2022","NEW YORK","3600032",0,252,252,0,252,1
"11219","2021-2022","NEW YORK","3600033",0,234,234,0,234,1
"11220","2021-2022","NEW YORK","3600035",8,380,388,0,388,1
"11221","2021-2022","NEW YORK","3600036",51,543,594,0,594,1
"11222","2021-2022","NEW YORK","3600038",89,729,818,0,818,1
"11223","2021-2022","NEW YORK","3600039",33,305,338,0,338,1
"11224","2021-2022","NEW YORK","3600042",20,660,680,0,680,1
"11225","2021-2022","NEW YORK","3600045",0,0,0,0,0,NA
"11226","2021-2022","NEW YORK","3600046",16,318,334,0,334,1
"11227","2021-2022","NEW YORK","3600047",3,158,161,0,161,1
"11228","2021-2022","NEW YORK","3600048",131,470,601,0,601,1
"11229","2021-2022","NEW YORK","3600049",6,261,267,0,267,1
"11230","2021-2022","NEW YORK","3600053",0,279,279,0,279,1
"11231","2021-2022","NEW YORK","3600054",64,941,1005,0,1005,1
"11232","2021-2022","NEW YORK","3600055",10,312,322,0,322,1
"11233","2021-2022","NEW YORK","3600057",125,386,511,0,511,1
"11234","2021-2022","NEW YORK","3600059",66,453,519,0,519,1
"11235","2021-2022","NEW YORK","3600060",7,51,58,0,58,1
"11236","2021-2022","NEW YORK","3600061",0,0,0,0,0,NA
"11237","2021-2022","NEW YORK","3600063",3,492,495,0,495,1
"11238","2021-2022","NEW YORK","3600066",16,355,371,0,371,1
"11239","2021-2022","NEW YORK","3600067",0,561,561,0,561,1
"11240","2021-2022","NEW YORK","3600068",24,822,846,0,846,1
"11241","2021-2022","NEW YORK","3600070",55,584,639,0,639,1
"11242","2021-2022","NEW YORK","3600071",58,576,634,0,634,1
"11243","2021-2022","NEW YORK","3600073",18,261,279,0,279,1
"11244","2021-2022","NEW YORK","3600076",303,5950,6253,0,6253,1
"11245","2021-2022","NEW YORK","3600077",1750,28628,30378,0,30378,1
"11246","2021-2022","NEW YORK","3600078",482,8886,9368,0,9368,1
"11247","2021-2022","NEW YORK","3600079",286,8723,9009,0,9009,1
"11248","2021-2022","NEW YORK","3600080",29,533,562,0,562,1
"11249","2021-2022","NEW YORK","3600081",129,6893,7022,0,7022,1
"11250","2021-2022","NEW YORK","3600082",28,643,671,0,671,1
"11251","2021-2022","NEW YORK","3600083",443,14637,15080,0,15080,1
"11252","2021-2022","NEW YORK","3600084",211,13914,14125,0,14125,1
"11253","2021-2022","NEW YORK","3600085",456,18866,19322,0,19322,1
"11254","2021-2022","NEW YORK","3600086",355,24303,24658,0,24658,1
"11255","2021-2022","NEW YORK","3600087",895,36233,37128,0,37128,1
"11256","2021-2022","NEW YORK","3600088",946,25107,26053,0,26053,1
"11257","2021-2022","NEW YORK","3600089",64,392,456,0,456,1
"11258","2021-2022","NEW YORK","3600090",250,15670,15920,0,15920,1
"11259","2021-2022","NEW YORK","3600091",821,11335,12156,0,12156,1
"11260","2021-2022","NEW YORK","3600092",667,14920,15587,0,15587,1
"11261","2021-2022","NEW YORK","3600094",112,4544,4656,0,4656,1
"11262","2021-2022","NEW YORK","3600095",525,14259,14784,0,14784,1
"11263","2021-2022","NEW YORK","3600096",448,8001,8449,0,8449,1
"11264","2021-2022","NEW YORK","3600097",259,8153,8412,0,8412,1
"11265","2021-2022","NEW YORK","3600098",1676,37408,39084,0,39084,1
"11266","2021-2022","NEW YORK","3600099",1972,15641,17613,0,17613,1
"11267","2021-2022","NEW YORK","3600100",1542,22899,24441,0,24441,1
"11268","2021-2022","NEW YORK","3600101",1103,15313,16416,0,16416,1
"11269","2021-2022","NEW YORK","3600102",1135,23394,24529,0,24529,1
"11270","2021-2022","NEW YORK","3600103",2631,32339,34970,0,34970,1
"11271","2021-2022","NEW YORK","3600104",40,687,727,0,727,1
"11272","2021-2022","NEW YORK","3600105",155,657,812,0,812,1
"11273","2021-2022","NEW YORK","3600106",0,0,0,0,0,NA
"11274","2021-2022","NEW YORK","3600107",17,435,452,0,452,1
"11275","2021-2022","NEW YORK","3600108",72,978,1050,0,1050,1
"11276","2021-2022","NEW YORK","3600109",4,358,362,0,362,1
"11277","2021-2022","NEW YORK","3600110",7,447,454,0,454,1
"11278","2021-2022","NEW YORK","3600111",37,604,641,0,641,1
"11279","2021-2022","NEW YORK","3600112",34,457,491,0,491,1
"11280","2021-2022","NEW YORK","3600113",56,564,620,0,620,1
"11281","2021-2022","NEW YORK","3600114",23,435,458,0,458,1
"11282","2021-2022","NEW YORK","3600115",52,788,840,0,840,1
"11283","2021-2022","NEW YORK","3600116",45,519,564,0,564,1
"11284","2021-2022","NEW YORK","3600118",1,183,184,0,184,1
"11285","2021-2022","NEW YORK","3600119",321,11012,11333,0,11333,1
"11286","2021-2022","NEW YORK","3600120",454,15827,16281,0,16281,1
"11287","2021-2022","NEW YORK","3600121",138,6440,6578,0,6578,1
"11288","2021-2022","NEW YORK","3600122",1882,22551,24433,0,24433,1
"11289","2021-2022","NEW YORK","3600123",1623,28298,29921,0,29921,1
"11290","2021-2022","NEW YORK","3600124",42,516,558,0,558,1
"11291","2021-2022","NEW YORK","3600125",10,289,299,0,299,1
"11292","2021-2022","NEW YORK","3600126",0,0,0,0,0,NA
"11293","2021-2022","NEW YORK","3600127",0,0,0,0,0,NA
"11294","2021-2022","NEW YORK","3600128",24,697,721,0,721,1
"11295","2021-2022","NEW YORK","3600131",0,0,0,0,0,NA
"11296","2021-2022","NEW YORK","3600133",0,55,55,0,55,1
"11297","2021-2022","NEW YORK","3600134",0,381,381,0,381,1
"11298","2021-2022","NEW YORK","3600135",112,21740,21852,0,21852,1
"11299","2021-2022","NEW YORK","3600136",0,379,379,0,379,1
"11300","2021-2022","NEW YORK","3600137",0,0,0,0,0,NA
"11301","2021-2022","NEW YORK","3600138",4,360,364,0,364,1
"11302","2021-2022","NEW YORK","3600139",4,298,302,0,302,1
"11303","2021-2022","NEW YORK","3600140",53,910,963,0,963,1
"11304","2021-2022","NEW YORK","3600141",8,452,460,0,460,1
"11305","2021-2022","NEW YORK","3600142",1,35,36,0,36,1
"11306","2021-2022","NEW YORK","3600143",116,1674,1790,0,1790,1
"11307","2021-2022","NEW YORK","3600144",21,359,380,0,380,1
"11308","2021-2022","NEW YORK","3600145",122,112,234,0,234,1
"11309","2021-2022","NEW YORK","3600146",0,0,0,0,0,NA
"11310","2021-2022","NEW YORK","3600147",39,863,902,0,902,1
"11311","2021-2022","NEW YORK","3600148",35,681,716,0,716,1
"11312","2021-2022","NEW YORK","3600149",77,843,920,0,920,1
"11313","2021-2022","NEW YORK","3600151",1694,33810,35504,0,35504,1
"11314","2021-2022","NEW YORK","3600152",904,23550,24454,0,24454,1
"11315","2021-2022","NEW YORK","3600153",1428,19582,21010,0,21010,1
"11316","2021-2022","NEW YORK","3600154",2,38,40,0,40,1
"11317","2021-2022","NEW YORK","3600155",90,697,787,0,787,1
"11318","2021-2022","NEW YORK","3600157",14,414,428,0,428,1
"11319","2021-2022","NEW YORK","3600158",47,509,556,0,556,1
"11320","2021-2022","NEW YORK","3600159",7,120,127,0,127,1
"11321","2021-2022","NEW YORK","3600160",53,200,253,0,253,1
"11322","2021-2022","NEW YORK","3600161",0,0,0,0,0,NA
"11323","2021-2022","NEW YORK","3600162",5,538,543,0,543,1
"11324","2021-2022","NEW YORK","3600163",0,0,0,0,0,NA
"11325","2021-2022","NEW YORK","3600164",19,303,322,0,322,1
"11326","2021-2022","NEW YORK","3600165",45,842,887,0,887,1
"11327","2021-2022","NEW YORK","3600166",38,707,745,0,745,1
"11328","2021-2022","NEW YORK","3600167",1,507,508,0,508,1
"11329","2021-2022","NEW YORK","3600169",90,978,1068,0,1068,1
"11330","2021-2022","NEW YORK","3600170",42,546,588,0,588,1
"11331","2021-2022","NEW YORK","3600172",307,767,1074,0,1074,1
"11332","2021-2022","NEW YORK","3600173",9,1091,1100,0,1100,1
"11333","2021-2022","NEW YORK","3600943",22,172,194,0,194,1
"11334","2021-2022","NEW YORK","3600944",119,897,1016,0,1016,1
"11335","2021-2022","NEW YORK","3600945",0,412,412,0,412,1
"11336","2021-2022","NEW YORK","3600946",19,309,328,0,328,1
"11337","2021-2022","NEW YORK","3600948",0,0,0,0,0,NA
"11338","2021-2022","NEW YORK","3600949",1,392,393,0,393,1
"11339","2021-2022","NEW YORK","3600950",0,750,750,0,750,1
"11340","2021-2022","NEW YORK","3600952",50,909,959,0,959,1
"11341","2021-2022","NEW YORK","3600953",15,238,253,0,253,1
"11342","2021-2022","NEW YORK","3600954",17,384,401,0,401,1
"11343","2021-2022","NEW YORK","3600955",29,178,207,0,207,1
"11344","2021-2022","NEW YORK","3600956",0,493,493,0,493,1
"11345","2021-2022","NEW YORK","3600957",33,501,534,0,534,1
"11346","2021-2022","NEW YORK","3600958",1,241,242,0,242,1
"11347","2021-2022","NEW YORK","3600959",3,448,451,0,451,1
"11348","2021-2022","NEW YORK","3600960",4,434,438,0,438,1
"11349","2021-2022","NEW YORK","3600961",4,147,151,0,151,1
"11350","2021-2022","NEW YORK","3600962",68,901,969,0,969,1
"11351","2021-2022","NEW YORK","3600963",25,339,364,0,364,1
"11352","2021-2022","NEW YORK","3600964",4,747,751,0,751,1
"11353","2021-2022","NEW YORK","3600965",17,263,280,0,280,1
"11354","2021-2022","NEW YORK","3600966",67,1153,1220,0,1220,1
"11355","2021-2022","NEW YORK","3600967",4,341,345,0,345,1
"11356","2021-2022","NEW YORK","3600968",19,366,385,0,385,1
"11357","2021-2022","NEW YORK","3600969",28,822,850,0,850,1
"11358","2021-2022","NEW YORK","3600984",3,78,81,0,81,1
"11359","2021-2022","NEW YORK","3600986",21,544,565,0,565,1
"11360","2021-2022","NEW YORK","3600987",0,0,0,0,0,NA
"11361","2021-2022","NEW YORK","3600988",66,556,622,0,622,1
"11362","2021-2022","NEW YORK","3600989",70,528,598,0,598,1
"11363","2021-2022","NEW YORK","3600990",0,66,66,0,66,1
"11364","2021-2022","NEW YORK","3600992",62,595,657,0,657,1
"11365","2021-2022","NEW YORK","3600993",97,904,1001,0,1001,1
"11366","2021-2022","NEW YORK","3600994",3,378,381,0,381,1
"11367","2021-2022","NEW YORK","3600995",14,118,132,0,132,1
"11368","2021-2022","NEW YORK","3600996",5,531,536,0,536,1
"11369","2021-2022","NEW YORK","3600997",76,1389,1465,0,1465,1
"11370","2021-2022","NEW YORK","3600998",0,173,173,0,173,1
"11371","2021-2022","NEW YORK","3601000",47,903,950,0,950,1
"11372","2021-2022","NEW YORK","3601001",0,0,0,0,0,NA
"11373","2021-2022","NEW YORK","3601002",3,727,730,0,730,1
"11374","2021-2022","NEW YORK","3601003",9,298,307,0,307,1
"11375","2021-2022","NEW YORK","3601004",55,930,985,0,985,1
"11376","2021-2022","NEW YORK","3601005",0,0,0,0,0,NA
"11377","2021-2022","NEW YORK","3601006",18,286,304,0,304,1
"11378","2021-2022","NEW YORK","3601008",0,245,245,0,245,1
"11379","2021-2022","NEW YORK","3601009",45,780,825,0,825,1
"11380","2021-2022","NEW YORK","3601010",34,830,864,0,864,1
"11381","2021-2022","NEW YORK","3601011",20,466,486,0,486,1
"11382","2021-2022","NEW YORK","3601012",58,971,1029,0,1029,1
"11383","2021-2022","NEW YORK","3601014",42,116,158,0,158,1
"11384","2021-2022","NEW YORK","3601015",30,462,492,0,492,1
"11385","2021-2022","NEW YORK","3601016",27,575,602,0,602,1
"11386","2021-2022","NEW YORK","3601017",18,656,674,0,674,1
"11387","2021-2022","NEW YORK","3601018",24,734,758,0,758,1
"11388","2021-2022","NEW YORK","3601019",43,586,629,0,629,1
"11389","2021-2022","NEW YORK","3601022",0,385,385,0,385,1
"11390","2021-2022","NEW YORK","3601023",9,168,177,0,177,1
"11391","2021-2022","NEW YORK","3601024",29,800,829,0,829,1
"11392","2021-2022","NEW YORK","3601025",18,595,613,0,613,1
"11393","2021-2022","NEW YORK","3601027",3,646,649,0,649,1
"11394","2021-2022","NEW YORK","3601028",44,724,768,0,768,1
"11395","2021-2022","NEW YORK","3601029",9,671,680,0,680,1
"11396","2021-2022","NEW YORK","3601030",0,0,0,0,0,NA
"11397","2021-2022","NEW YORK","3601031",0,0,0,0,0,NA
"11398","2021-2022","NEW YORK","3601032",31,333,364,0,364,1
"11399","2021-2022","NEW YORK","3601033",7,40,47,0,47,1
"11400","2021-2022","NEW YORK","3601034",0,0,0,0,0,NA
"11401","2021-2022","NEW YORK","3601035",113,658,771,0,771,1
"11402","2021-2022","NEW YORK","3601036",6,358,364,0,364,1
"11403","2021-2022","NEW YORK","3601039",56,495,551,0,551,1
"11404","2021-2022","NEW YORK","3601040",17,612,629,0,629,1
"11405","2021-2022","NEW YORK","3601041",0,538,538,0,538,1
"11406","2021-2022","NEW YORK","3601042",6,651,657,0,657,1
"11407","2021-2022","NEW YORK","3601043",1,254,255,0,255,1
"11408","2021-2022","NEW YORK","3601044",0,0,0,0,0,NA
"11409","2021-2022","NEW YORK","3601046",3,259,262,0,262,1
"11410","2021-2022","NEW YORK","3601047",14,359,373,0,373,1
"11411","2021-2022","NEW YORK","3601048",32,385,417,0,417,1
"11412","2021-2022","NEW YORK","3601049",31,180,211,0,211,1
"11413","2021-2022","NEW YORK","3601051",20,248,268,0,268,1
"11414","2021-2022","NEW YORK","3601052",17,398,415,0,415,1
"11415","2021-2022","NEW YORK","3601053",80,461,541,0,541,1
"11416","2021-2022","NEW YORK","3601054",39,553,592,0,592,1
"11417","2021-2022","NEW YORK","3601055",15,440,455,0,455,1
"11418","2021-2022","NEW YORK","3601056",23,392,415,0,415,1
"11419","2021-2022","NEW YORK","3601057",3,182,185,0,185,1
"11420","2021-2022","NEW YORK","3601058",18,343,361,0,361,1
"11421","2021-2022","NEW YORK","3601059",15,226,241,0,241,1
"11422","2021-2022","NEW YORK","3601060",22,212,234,0,234,1
"11423","2021-2022","NEW YORK","3601061",1,199,200,0,200,1
"11424","2021-2022","NEW YORK","3601062",17,258,275,0,275,1
"11425","2021-2022","NEW YORK","3601063",19,241,260,0,260,1
"11426","2021-2022","NEW YORK","3601064",17,409,426,0,426,1
"11427","2021-2022","NEW YORK","3601065",13,203,216,0,216,1
"11428","2021-2022","NEW YORK","3601066",1,474,475,0,475,1
"11429","2021-2022","NEW YORK","3601067",0,215,215,0,215,1
"11430","2021-2022","NEW YORK","3601069",2,243,245,0,245,1
"11431","2021-2022","NEW YORK","3601070",40,654,694,0,694,1
"11432","2021-2022","NEW YORK","3601071",0,192,192,0,192,1
"11433","2021-2022","NEW YORK","3601072",101,451,552,0,552,1
"11434","2021-2022","NEW YORK","3601073",4,368,372,0,372,1
"11435","2021-2022","NEW YORK","3601075",37,692,729,0,729,1
"11436","2021-2022","NEW YORK","3601076",16,422,438,0,438,1
"11437","2021-2022","NEW YORK","3601077",4,515,519,0,519,1
"11438","2021-2022","NEW YORK","3601078",17,542,559,0,559,1
"11439","2021-2022","NEW YORK","3601079",0,0,0,0,0,NA
"11440","2021-2022","NEW YORK","3601080",0,358,358,0,358,1
"11441","2021-2022","NEW YORK","3601082",23,207,230,0,230,1
"11442","2021-2022","NEW YORK","3601083",65,477,542,0,542,1
"11443","2021-2022","NEW YORK","3601084",35,582,617,0,617,1
"11444","2021-2022","NEW YORK","3601085",5,251,256,0,256,1
"11445","2021-2022","NEW YORK","3601086",10,148,158,0,158,1
"11446","2021-2022","NEW YORK","3601087",61,1271,1332,0,1332,1
"11447","2021-2022","NEW YORK","3601088",15,206,221,0,221,1
"11448","2021-2022","NEW YORK","3601089",33,411,444,0,444,1
"11449","2021-2022","NEW YORK","3601090",5,450,455,0,455,1
"11450","2021-2022","NEW YORK","3601091",10,217,227,0,227,1
"11451","2021-2022","NEW YORK","3601092",13,136,149,0,149,1
"11452","2021-2022","NEW YORK","3601093",1,383,384,0,384,1
"11453","2021-2022","NEW YORK","3601094",3,380,383,0,383,1
"11454","2021-2022","NEW YORK","3601095",66,626,692,0,692,1
"11455","2021-2022","NEW YORK","3601096",68,1078,1146,0,1146,1
"11456","2021-2022","NEW YORK","3601097",2,354,356,0,356,1
"11457","2021-2022","NEW YORK","3601099",26,248,274,0,274,1
"11458","2021-2022","NEW YORK","3601100",15,74,89,0,89,1
"11459","2021-2022","NEW YORK","3601102",21,529,550,0,550,1
"11460","2021-2022","NEW YORK","3601103",9,130,139,0,139,1
"11461","2021-2022","NEW YORK","3601105",0,0,0,0,0,NA
"11462","2021-2022","NEW YORK","3601106",117,537,654,0,654,1
"11463","2021-2022","NEW YORK","3601107",0,313,313,0,313,1
"11464","2021-2022","NEW YORK","3601108",23,698,721,0,721,1
"11465","2021-2022","NEW YORK","3601109",32,632,664,0,664,1
"11466","2021-2022","NEW YORK","3601110",30,435,465,0,465,1
"11467","2021-2022","NEW YORK","3601111",8,377,385,0,385,1
"11468","2021-2022","NEW YORK","3601112",31,537,568,0,568,1
"11469","2021-2022","NEW YORK","3601113",27,391,418,0,418,1
"11470","2021-2022","NEW YORK","3601114",32,568,600,0,600,1
"11471","2021-2022","NEW YORK","3601115",4,760,764,0,764,1
"11472","2021-2022","NEW YORK","3601116",107,588,695,0,695,1
"11473","2021-2022","NEW YORK","3601117",0,240,240,0,240,1
"11474","2021-2022","NEW YORK","3601118",69,586,655,0,655,1
"11475","2021-2022","NEW YORK","3601119",19,543,562,0,562,1
"11476","2021-2022","NEW YORK","3601120",27,490,517,0,517,1
"11477","2021-2022","NEW YORK","3601121",0,0,0,0,0,NA
"11478","2021-2022","NEW YORK","3601122",58,322,380,0,380,1
"11479","2021-2022","NEW YORK","3601123",95,664,759,0,759,1
"11480","2021-2022","NEW YORK","3601124",12,626,638,0,638,1
"11481","2021-2022","NEW YORK","3601125",14,218,232,0,232,1
"11482","2021-2022","NEW YORK","3601127",46,302,348,0,348,1
"11483","2021-2022","NEW YORK","3601128",13,182,195,0,195,1
"11484","2021-2022","NEW YORK","3601129",0,447,447,0,447,1
"11485","2021-2022","NEW YORK","3601130",0,95,95,0,95,1
"11486","2021-2022","NEW YORK","3601131",9,257,266,0,266,1
"11487","2021-2022","NEW YORK","3601132",14,376,390,0,390,1
"11488","2021-2022","NEW YORK","3601133",45,400,445,0,445,1
"11489","2021-2022","NEW YORK","3601134",0,0,0,0,0,NA
"11490","2021-2022","NEW YORK","3601135",51,211,262,0,262,1
"11491","2021-2022","NEW YORK","3601136",21,292,313,0,313,1
"11492","2021-2022","NEW YORK","3601137",0,0,0,0,0,NA
"11493","2021-2022","NEW YORK","3601138",110,538,648,0,648,1
"11494","2021-2022","NEW YORK","3601139",0,420,420,0,420,1
"11495","2021-2022","NEW YORK","3601140",10,141,151,0,151,1
"11496","2021-2022","NEW YORK","3601141",49,342,391,0,391,1
"11497","2021-2022","NEW YORK","3601142",36,267,303,0,303,1
"11498","2021-2022","NEW YORK","3601143",15,121,136,0,136,1
"11499","2021-2022","NEW YORK","3601144",41,366,407,0,407,1
"11500","2021-2022","NEW YORK","3601145",0,0,0,0,0,NA
"11501","2021-2022","NEW YORK","3601146",30,403,433,0,433,1
"11502","2021-2022","NEW YORK","3601147",0,271,271,0,271,1
"11503","2021-2022","NEW YORK","3601148",46,463,509,0,509,1
"11504","2021-2022","NEW YORK","3601149",29,414,443,0,443,1
"11505","2021-2022","NEW YORK","3601150",0,0,0,0,0,NA
"11506","2021-2022","NEW YORK","3601151",37,508,545,0,545,1
"11507","2021-2022","NEW YORK","3601152",0,0,0,0,0,NA
"11508","2021-2022","NEW YORK","3601153",5,397,402,0,402,1
"11509","2021-2022","NEW YORK","3601154",3,123,126,0,126,1
"11510","2021-2022","NEW YORK","3601155",0,0,0,0,0,NA
"11511","2021-2022","NEW YORK","3601156",0,205,205,0,205,1
"11512","2021-2022","NEW YORK","3601157",18,331,349,0,349,1
"11513","2021-2022","NEW YORK","3601158",35,501,536,0,536,1
"11514","2021-2022","NEW YORK","3601159",10,270,280,0,280,1
"11515","2021-2022","NEW YORK","3601160",17,180,197,0,197,1
"11516","2021-2022","NEW YORK","3601161",4,28,32,0,32,1
"11517","2021-2022","NEW YORK","3601162",9,230,239,0,239,1
"11518","2021-2022","NEW YORK","3601163",47,189,236,0,236,1
"11519","2021-2022","NEW YORK","3601164",16,311,327,0,327,1
"11520","2021-2022","NEW YORK","3601165",5,366,371,0,371,1
"11521","2021-2022","NEW YORK","3601166",5,291,296,0,296,1
"11522","2021-2022","NEW YORK","3601167",26,203,229,0,229,1
"11523","2021-2022","NEW YORK","3601168",1,350,351,0,351,1
"11524","2021-2022","NEW YORK","3601169",113,652,765,0,765,1
"11525","2021-2022","NEW YORK","3601170",12,241,253,0,253,1
"11526","2021-2022","NEW YORK","3601171",33,345,378,0,378,1
"11527","2021-2022","NEW YORK","3601172",15,232,247,0,247,1
"11528","2021-2022","NEW YORK","3601173",10,437,447,0,447,1
"11529","2021-2022","NEW YORK","3601174",1,201,202,0,202,1
"11530","2021-2022","NEW YORK","3601175",3,250,253,0,253,1
"11531","2021-2022","NEW YORK","3601176",23,521,544,0,544,1
"11532","2021-2022","NEW YORK","3601177",38,420,458,0,458,1
"11533","2021-2022","NEW YORK","3601178",15,211,226,0,226,1
"11534","2021-2022","NEW YORK","3601179",1,148,149,0,149,1
"11535","2021-2022","NEW YORK","3601180",20,208,228,0,228,1
"11536","2021-2022","NEW YORK","3601181",14,373,387,0,387,1
"11537","2021-2022","NEW YORK","3601182",29,338,367,0,367,1
"11538","2021-2022","NEW YORK","3601183",12,204,216,0,216,1
"11539","2021-2022","NEW YORK","3601184",9,243,252,0,252,1
"11540","2021-2022","NEW YORK","3601185",3,108,111,0,111,1
"11541","2021-2022","NEW YORK","3601186",2,199,201,0,201,1
"11542","2021-2022","NEW YORK","3601187",3,270,273,0,273,1
"11543","2021-2022","NEW YORK","3601188",6,40,46,0,46,1
"11544","2021-2022","NEW YORK","3601189",50,181,231,0,231,1
"11545","2021-2022","NEW YORK","3601190",0,237,237,0,237,1
"11546","2021-2022","NEW YORK","3601191",1,127,128,0,128,1
"11547","2021-2022","NEW YORK","3601192",0,0,0,0,0,NA
"11548","2021-2022","NEW YORK","3601193",2,194,196,0,196,1
"11549","2021-2022","NEW YORK","3601194",0,250,250,0,250,1
"11550","2021-2022","NEW YORK","3601195",1,262,263,0,263,1
"11551","2021-2022","NEW YORK","3601196",4,201,205,0,205,1
"11552","2021-2022","NEW YORK","3601197",24,292,316,0,316,1
"11553","2021-2022","NEW YORK","3601198",0,240,240,0,240,1
"11554","2021-2022","NEW YORK","3601199",18,229,247,0,247,1
"11555","2021-2022","NEW YORK","3601200",9,192,201,0,201,1
"11556","2021-2022","NEW YORK","3601201",0,0,0,0,0,NA
"11557","2021-2022","NEW YORK","3601202",9,111,120,0,120,1
"11558","2021-2022","NEW YORK","3601203",18,466,484,0,484,1
"11559","2021-2022","NEW YORK","3601204",4,135,139,0,139,1
"11560","2021-2022","NEW YORK","3601205",14,267,281,0,281,1
"11561","2021-2022","NEW YORK","3601206",0,0,0,0,0,NA
"11562","2021-2022","NEW YORK","3601207",0,0,0,0,0,NA
"11563","2021-2022","NEW YORK","3601208",0,139,139,0,139,1
"11564","2021-2022","NEW YORK","3601209",20,175,195,0,195,1
"11565","2021-2022","NEW YORK","3601210",2,63,65,0,65,1
"11566","2021-2022","NEW YORK","3601211",2,171,173,0,173,1
"11567","2021-2022","NEW YORK","3601212",6,293,299,0,299,1
"11568","2021-2022","NEW YORK","3601213",10,126,136,0,136,1
"11569","2021-2022","NEW YORK","3601214",0,0,0,0,0,NA
"11570","2021-2022","NEW YORK","3601215",0,0,0,0,0,NA
"11571","2021-2022","NEW YORK","3601216",120,75,195,0,195,1
"11572","2021-2022","NEW YORK","3601217",0,106,106,0,106,1
"11573","2021-2022","NEW YORK","3601218",11,185,196,0,196,1
"11574","2021-2022","NEW YORK","3601219",1,157,158,0,158,1
"11575","2021-2022","NEW YORK","3601220",0,21,21,0,21,1
"11576","2021-2022","NEW YORK","3601221",6,156,162,0,162,1
"11577","2021-2022","NEW YORK","3601222",3,72,75,0,75,1
"11578","2021-2022","NEW YORK","3601223",27,142,169,0,169,1
"11579","2021-2022","NEW YORK","3601224",2,59,61,0,61,1
"11580","2021-2022","NEW YORK","3601225",38,109,147,0,147,1
"11581","2021-2022","NEW YORK","3601226",0,82,82,0,82,1
"11582","2021-2022","NEW YORK","3601227",3,63,66,0,66,1
"11583","2021-2022","NEW YORK","3601228",1,47,48,0,48,1
"11584","2021-2022","NEW YORK","3601229",15,85,100,0,100,1
"11585","2021-2022","NEW YORK","3601230",7,56,63,0,63,1
"11586","2021-2022","NEW YORK","3601231",1,57,58,0,58,1
"11587","2021-2022","NEW YORK","3602310",0,139,139,0,139,1
"11588","2021-2022","NEW YORK","3602340",80,543,623,0,623,1
"11589","2021-2022","NEW YORK","3602370",34,492,526,0,526,1
"11590","2021-2022","NEW YORK","3602400",2,229,231,0,231,1
"11591","2021-2022","NEW YORK","3602430",33,490,523,0,523,1
"11592","2021-2022","NEW YORK","3602460",9,5528,5537,0,5537,1
"11593","2021-2022","NEW YORK","3602520",67,651,718,0,718,1
"11594","2021-2022","NEW YORK","3602550",61,306,367,0,367,1
"11595","2021-2022","NEW YORK","3602580",27,224,251,0,251,1
"11596","2021-2022","NEW YORK","3602670",26,180,206,0,206,1
"11597","2021-2022","NEW YORK","3602700",24,184,208,0,208,1
"11598","2021-2022","NEW YORK","3602730",51,660,711,0,711,1
"11599","2021-2022","NEW YORK","3602820",3,610,613,0,613,1
"11600","2021-2022","NEW YORK","3602880",0,0,0,0,0,NA
"11601","2021-2022","NEW YORK","3602920",94,908,1002,0,1002,1
"11602","2021-2022","NEW YORK","3602940",130,1773,1903,0,1903,1
"11603","2021-2022","NEW YORK","3602970",86,2328,2414,0,2414,1
"11604","2021-2022","NEW YORK","3603000",0,20,20,0,20,1
"11605","2021-2022","NEW YORK","3603030",21,110,131,0,131,1
"11606","2021-2022","NEW YORK","3603060",17,89,106,0,106,1
"11607","2021-2022","NEW YORK","3603180",3,61,64,0,64,1
"11608","2021-2022","NEW YORK","3603210",7,182,189,0,189,1
"11609","2021-2022","NEW YORK","3603240",27,165,192,0,192,1
"11610","2021-2022","NEW YORK","3603270",216,2029,2245,0,2245,1
"11611","2021-2022","NEW YORK","3603420",62,363,425,0,425,1
"11612","2021-2022","NEW YORK","3603480",23,2115,2138,0,2138,1
"11613","2021-2022","NEW YORK","3603630",25,199,224,0,224,1
"11614","2021-2022","NEW YORK","3603660",39,248,287,0,287,1
"11615","2021-2022","NEW YORK","3603720",16,215,231,0,231,1
"11616","2021-2022","NEW YORK","3603810",19,358,377,0,377,1
"11617","2021-2022","NEW YORK","3603840",182,1437,1619,0,1619,1
"11618","2021-2022","NEW YORK","3603870",69,1390,1459,0,1459,1
"11619","2021-2022","NEW YORK","3603930",58,1218,1276,0,1276,1
"11620","2021-2022","NEW YORK","3603960",17,244,261,0,261,1
"11621","2021-2022","NEW YORK","3603990",0,974,974,0,974,1
"11622","2021-2022","NEW YORK","3604050",60,706,766,0,766,1
"11623","2021-2022","NEW YORK","3604080",335,2630,2965,0,2965,1
"11624","2021-2022","NEW YORK","3604110",11,209,220,0,220,1
"11625","2021-2022","NEW YORK","3604140",50,644,694,0,694,1
"11626","2021-2022","NEW YORK","3604200",35,296,331,0,331,1
"11627","2021-2022","NEW YORK","3604290",38,855,893,0,893,1
"11628","2021-2022","NEW YORK","3604350",21,164,185,0,185,1
"11629","2021-2022","NEW YORK","3604370",6,233,239,0,239,1
"11630","2021-2022","NEW YORK","3604410",0,77,77,0,77,1
"11631","2021-2022","NEW YORK","3604530",3,131,134,0,134,1
"11632","2021-2022","NEW YORK","3604620",32,271,303,0,303,1
"11633","2021-2022","NEW YORK","3604650",18,196,214,0,214,1
"11634","2021-2022","NEW YORK","3604710",14,456,470,0,470,1
"11635","2021-2022","NEW YORK","3604740",20,316,336,0,336,1
"11636","2021-2022","NEW YORK","3604757",10,159,169,0,169,1
"11637","2021-2022","NEW YORK","3604758",0,140,140,0,140,1
"11638","2021-2022","NEW YORK","3604870",20,3454,3474,0,3474,1
"11639","2021-2022","NEW YORK","3604920",39,259,298,0,298,1
"11640","2021-2022","NEW YORK","3605010",8,38,46,0,46,1
"11641","2021-2022","NEW YORK","3605040",63,542,605,0,605,1
"11642","2021-2022","NEW YORK","3605220",11,116,127,0,127,1
"11643","2021-2022","NEW YORK","3605280",168,2393,2561,0,2561,1
"11644","2021-2022","NEW YORK","3605310",83,1136,1219,0,1219,1
"11645","2021-2022","NEW YORK","3605340",0,0,0,0,0,NA
"11646","2021-2022","NEW YORK","3605370",0,95,95,0,95,1
"11647","2021-2022","NEW YORK","3605460",44,651,695,0,695,1
"11648","2021-2022","NEW YORK","3605520",3,82,85,0,85,1
"11649","2021-2022","NEW YORK","3605580",82,1108,1190,0,1190,1
"11650","2021-2022","NEW YORK","3605610",37,327,364,0,364,1
"11651","2021-2022","NEW YORK","3605640",0,0,0,0,0,NA
"11652","2021-2022","NEW YORK","3605670",0,0,0,0,0,NA
"11653","2021-2022","NEW YORK","3605820",18,412,430,0,430,1
"11654","2021-2022","NEW YORK","3605850",103,21514,21617,0,21617,1
"11655","2021-2022","NEW YORK","3605940",40,507,547,0,547,1
"11656","2021-2022","NEW YORK","3606060",1,34,35,0,35,1
"11657","2021-2022","NEW YORK","3606090",63,287,350,0,350,1
"11658","2021-2022","NEW YORK","3606160",14,546,560,0,560,1
"11659","2021-2022","NEW YORK","3606180",37,245,282,0,282,1
"11660","2021-2022","NEW YORK","3606210",8,307,315,0,315,1
"11661","2021-2022","NEW YORK","3606240",32,743,775,0,775,1
"11662","2021-2022","NEW YORK","3606300",10,421,431,0,431,1
"11663","2021-2022","NEW YORK","3606330",76,1100,1176,0,1176,1
"11664","2021-2022","NEW YORK","3606360",3,77,80,0,80,1
"11665","2021-2022","NEW YORK","3606390",27,514,541,0,541,1
"11666","2021-2022","NEW YORK","3606420",22,344,366,0,366,1
"11667","2021-2022","NEW YORK","3606470",29,432,461,0,461,1
"11668","2021-2022","NEW YORK","3606500",40,304,344,0,344,1
"11669","2021-2022","NEW YORK","3606540",23,139,162,0,162,1
"11670","2021-2022","NEW YORK","3606570",93,1097,1190,0,1190,1
"11671","2021-2022","NEW YORK","3606630",189,1016,1205,0,1205,1
"11672","2021-2022","NEW YORK","3606660",28,444,472,0,472,1
"11673","2021-2022","NEW YORK","3606690",28,363,391,0,391,1
"11674","2021-2022","NEW YORK","3606720",0,518,518,0,518,1
"11675","2021-2022","NEW YORK","3606780",25,298,323,0,323,1
"11676","2021-2022","NEW YORK","3606840",33,400,433,0,433,1
"11677","2021-2022","NEW YORK","3606870",255,5123,5378,0,5378,1
"11678","2021-2022","NEW YORK","3606900",50,1455,1505,0,1505,1
"11679","2021-2022","NEW YORK","3606990",5,100,105,0,105,1
"11680","2021-2022","NEW YORK","3607020",77,546,623,0,623,1
"11681","2021-2022","NEW YORK","3607050",2,210,212,0,212,1
"11682","2021-2022","NEW YORK","3607080",10,244,254,0,254,1
"11683","2021-2022","NEW YORK","3607110",22,291,313,0,313,1
"11684","2021-2022","NEW YORK","3607170",4,116,120,0,120,1
"11685","2021-2022","NEW YORK","3607230",39,1220,1259,0,1259,1
"11686","2021-2022","NEW YORK","3607260",19,419,438,0,438,1
"11687","2021-2022","NEW YORK","3607290",32,582,614,0,614,1
"11688","2021-2022","NEW YORK","3607320",44,370,414,0,414,1
"11689","2021-2022","NEW YORK","3607380",45,337,382,0,382,1
"11690","2021-2022","NEW YORK","3607440",0,36,36,0,36,1
"11691","2021-2022","NEW YORK","3607470",87,578,665,0,665,1
"11692","2021-2022","NEW YORK","3607530",128,1054,1182,0,1182,1
"11693","2021-2022","NEW YORK","3607560",24,184,208,0,208,1
"11694","2021-2022","NEW YORK","3607590",27,561,588,0,588,1
"11695","2021-2022","NEW YORK","3607650",13,310,323,0,323,1
"11696","2021-2022","NEW YORK","3607680",63,658,721,0,721,1
"11697","2021-2022","NEW YORK","3607710",9,160,169,0,169,1
"11698","2021-2022","NEW YORK","3607770",10,266,276,0,276,1
"11699","2021-2022","NEW YORK","3607860",16,367,383,0,383,1
"11700","2021-2022","NEW YORK","3607890",27,89,116,0,116,1
"11701","2021-2022","NEW YORK","3607980",14,1224,1238,0,1238,1
"11702","2021-2022","NEW YORK","3608010",0,24,24,0,24,1
"11703","2021-2022","NEW YORK","3608100",15,144,159,0,159,1
"11704","2021-2022","NEW YORK","3608130",46,644,690,0,690,1
"11705","2021-2022","NEW YORK","3608160",148,1097,1245,0,1245,1
"11706","2021-2022","NEW YORK","3608250",13,193,206,0,206,1
"11707","2021-2022","NEW YORK","3608280",19,166,185,0,185,1
"11708","2021-2022","NEW YORK","3608310",55,2729,2784,0,2784,1
"11709","2021-2022","NEW YORK","3608340",22,292,314,0,314,1
"11710","2021-2022","NEW YORK","3608370",11,377,388,0,388,1
"11711","2021-2022","NEW YORK","3608400",163,1639,1802,0,1802,1
"11712","2021-2022","NEW YORK","3608430",51,497,548,0,548,1
"11713","2021-2022","NEW YORK","3608460",5,1236,1241,0,1241,1
"11714","2021-2022","NEW YORK","3608470",0,0,0,0,0,NA
"11715","2021-2022","NEW YORK","3608490",0,380,380,0,380,1
"11716","2021-2022","NEW YORK","3608580",17,169,186,0,186,1
"11717","2021-2022","NEW YORK","3608610",48,116,164,0,164,1
"11718","2021-2022","NEW YORK","3608790",73,594,667,0,667,1
"11719","2021-2022","NEW YORK","3608850",6,156,162,0,162,1
"11720","2021-2022","NEW YORK","3608880",207,1520,1727,0,1727,1
"11721","2021-2022","NEW YORK","3608910",13,176,189,0,189,1
"11722","2021-2022","NEW YORK","3608970",126,1033,1159,0,1159,1
"11723","2021-2022","NEW YORK","3609030",94,694,788,0,788,1
"11724","2021-2022","NEW YORK","3609060",2,229,231,0,231,1
"11725","2021-2022","NEW YORK","3609090",50,589,639,0,639,1
"11726","2021-2022","NEW YORK","3609120",22,209,231,0,231,1
"11727","2021-2022","NEW YORK","3609210",93,700,793,0,793,1
"11728","2021-2022","NEW YORK","3609240",2,95,97,0,97,1
"11729","2021-2022","NEW YORK","3609330",57,579,636,0,636,1
"11730","2021-2022","NEW YORK","3609360",9,121,130,0,130,1
"11731","2021-2022","NEW YORK","3609390",0,341,341,0,341,1
"11732","2021-2022","NEW YORK","3609420",0,1242,1242,0,1242,1
"11733","2021-2022","NEW YORK","3609540",5,109,114,0,114,1
"11734","2021-2022","NEW YORK","3609630",62,755,817,0,817,1
"11735","2021-2022","NEW YORK","3609660",42,629,671,0,671,1
"11736","2021-2022","NEW YORK","3609690",44,1546,1590,0,1590,1
"11737","2021-2022","NEW YORK","3609720",90,649,739,0,739,1
"11738","2021-2022","NEW YORK","3609840",119,1507,1626,0,1626,1
"11739","2021-2022","NEW YORK","3609870",4,134,138,0,138,1
"11740","2021-2022","NEW YORK","3609900",0,102,102,0,102,1
"11741","2021-2022","NEW YORK","3609930",39,451,490,0,490,1
"11742","2021-2022","NEW YORK","3609960",0,3,3,0,3,1
"11743","2021-2022","NEW YORK","3609990",89,1213,1302,0,1302,1
"11744","2021-2022","NEW YORK","3610050",4,29,33,0,33,1
"11745","2021-2022","NEW YORK","3610080",0,0,0,0,0,NA
"11746","2021-2022","NEW YORK","3610140",0,60,60,0,60,1
"11747","2021-2022","NEW YORK","3610170",6,241,247,0,247,1
"11748","2021-2022","NEW YORK","3610200",0,0,0,0,0,NA
"11749","2021-2022","NEW YORK","3610230",4,26,30,0,30,1
"11750","2021-2022","NEW YORK","3610260",7,121,128,0,128,1
"11751","2021-2022","NEW YORK","3610380",21,148,169,0,169,1
"11752","2021-2022","NEW YORK","3610410",14,186,200,0,200,1
"11753","2021-2022","NEW YORK","3610500",4,833,837,0,837,1
"11754","2021-2022","NEW YORK","3610530",17,182,199,0,199,1
"11755","2021-2022","NEW YORK","3610560",28,3461,3489,0,3489,1
"11756","2021-2022","NEW YORK","3610590",58,462,520,0,520,1
"11757","2021-2022","NEW YORK","3610620",198,1379,1577,0,1577,1
"11758","2021-2022","NEW YORK","3610650",18,199,217,0,217,1
"11759","2021-2022","NEW YORK","3610680",40,337,377,0,377,1
"11760","2021-2022","NEW YORK","3610710",33,1650,1683,0,1683,1
"11761","2021-2022","NEW YORK","3610860",31,167,198,0,198,1
"11762","2021-2022","NEW YORK","3610890",99,1224,1323,0,1323,1
"11763","2021-2022","NEW YORK","3610920",46,502,548,0,548,1
"11764","2021-2022","NEW YORK","3610950",0,973,973,0,973,1
"11765","2021-2022","NEW YORK","3610980",117,1275,1392,0,1392,1
"11766","2021-2022","NEW YORK","3611070",45,306,351,0,351,1
"11767","2021-2022","NEW YORK","3611100",0,0,0,0,0,NA
"11768","2021-2022","NEW YORK","3611160",8,174,182,0,182,1
"11769","2021-2022","NEW YORK","3611190",24,365,389,0,389,1
"11770","2021-2022","NEW YORK","3611250",14,109,123,0,123,1
"11771","2021-2022","NEW YORK","3611280",10,174,184,0,184,1
"11772","2021-2022","NEW YORK","3611310",24,177,201,0,201,1
"11773","2021-2022","NEW YORK","3611370",6,366,372,0,372,1
"11774","2021-2022","NEW YORK","3611400",48,273,321,0,321,1
"11775","2021-2022","NEW YORK","3611430",0,89,89,0,89,1
"11776","2021-2022","NEW YORK","3611460",4,271,275,0,275,1
"11777","2021-2022","NEW YORK","3611490",31,262,293,0,293,1
"11778","2021-2022","NEW YORK","3611520",38,532,570,0,570,1
"11779","2021-2022","NEW YORK","3611550",149,3505,3654,0,3654,1
"11780","2021-2022","NEW YORK","3611610",21,299,320,0,320,1
"11781","2021-2022","NEW YORK","3611640",9,150,159,0,159,1
"11782","2021-2022","NEW YORK","3611670",54,1178,1232,0,1232,1
"11783","2021-2022","NEW YORK","3611700",18,1624,1642,0,1642,1
"11784","2021-2022","NEW YORK","3611730",13,235,248,0,248,1
"11785","2021-2022","NEW YORK","3611740",32,243,275,0,275,1
"11786","2021-2022","NEW YORK","3611760",3,118,121,0,121,1
"11787","2021-2022","NEW YORK","3611860",0,0,0,0,0,NA
"11788","2021-2022","NEW YORK","3611880",26,1379,1405,0,1405,1
"11789","2021-2022","NEW YORK","3611910",23,497,520,0,520,1
"11790","2021-2022","NEW YORK","3611940",9,318,327,0,327,1
"11791","2021-2022","NEW YORK","3611970",44,1276,1320,0,1320,1
"11792","2021-2022","NEW YORK","3612030",7,152,159,0,159,1
"11793","2021-2022","NEW YORK","3612120",13,131,144,0,144,1
"11794","2021-2022","NEW YORK","3612180",143,1803,1946,0,1946,1
"11795","2021-2022","NEW YORK","3612240",0,875,875,0,875,1
"11796","2021-2022","NEW YORK","3612270",0,1696,1696,0,1696,1
"11797","2021-2022","NEW YORK","3612300",109,486,595,0,595,1
"11798","2021-2022","NEW YORK","3612330",53,685,738,0,738,1
"11799","2021-2022","NEW YORK","3612360",92,809,901,0,901,1
"11800","2021-2022","NEW YORK","3612390",60,509,569,0,569,1
"11801","2021-2022","NEW YORK","3612400",0,30,30,0,30,1
"11802","2021-2022","NEW YORK","3612450",0,418,418,0,418,1
"11803","2021-2022","NEW YORK","3612510",142,1120,1262,0,1262,1
"11804","2021-2022","NEW YORK","3612630",327,5184,5511,0,5511,1
"11805","2021-2022","NEW YORK","3612660",8,78,86,0,86,1
"11806","2021-2022","NEW YORK","3612720",118,595,713,0,713,1
"11807","2021-2022","NEW YORK","3612750",39,335,374,0,374,1
"11808","2021-2022","NEW YORK","3612840",37,387,424,0,424,1
"11809","2021-2022","NEW YORK","3612870",22,336,358,0,358,1
"11810","2021-2022","NEW YORK","3612900",9,277,286,0,286,1
"11811","2021-2022","NEW YORK","3612960",4,93,97,0,97,1
"11812","2021-2022","NEW YORK","3612990",65,381,446,0,446,1
"11813","2021-2022","NEW YORK","3613020",22,311,333,0,333,1
"11814","2021-2022","NEW YORK","3613080",54,825,879,0,879,1
"11815","2021-2022","NEW YORK","3613110",15,287,302,0,302,1
"11816","2021-2022","NEW YORK","3613230",14,92,106,0,106,1
"11817","2021-2022","NEW YORK","3613290",90,1432,1522,0,1522,1
"11818","2021-2022","NEW YORK","3613350",64,572,636,0,636,1
"11819","2021-2022","NEW YORK","3613380",6,144,150,0,150,1
"11820","2021-2022","NEW YORK","3613440",5,116,121,0,121,1
"11821","2021-2022","NEW YORK","3613470",22,150,172,0,172,1
"11822","2021-2022","NEW YORK","3613530",110,1046,1156,0,1156,1
"11823","2021-2022","NEW YORK","3613560",0,155,155,0,155,1
"11824","2021-2022","NEW YORK","3613590",17,789,806,0,806,1
"11825","2021-2022","NEW YORK","3613620",20,391,411,0,411,1
"11826","2021-2022","NEW YORK","3613710",3,344,347,0,347,1
"11827","2021-2022","NEW YORK","3613740",36,606,642,0,642,1
"11828","2021-2022","NEW YORK","3613770",20,155,175,0,175,1
"11829","2021-2022","NEW YORK","3613830",7,168,175,0,175,1
"11830","2021-2022","NEW YORK","3613950",0,0,0,0,0,NA
"11831","2021-2022","NEW YORK","3613980",8,410,418,0,418,1
"11832","2021-2022","NEW YORK","3614010",363,3556,3919,0,3919,1
"11833","2021-2022","NEW YORK","3614070",0,35,35,0,35,1
"11834","2021-2022","NEW YORK","3614130",255,4153,4408,0,4408,1
"11835","2021-2022","NEW YORK","3614190",88,500,588,0,588,1
"11836","2021-2022","NEW YORK","3614220",71,600,671,0,671,1
"11837","2021-2022","NEW YORK","3614250",22,178,200,0,200,1
"11838","2021-2022","NEW YORK","3614280",25,583,608,0,608,1
"11839","2021-2022","NEW YORK","3614310",12,186,198,0,198,1
"11840","2021-2022","NEW YORK","3614340",133,1995,2128,0,2128,1
"11841","2021-2022","NEW YORK","3614400",52,529,581,0,581,1
"11842","2021-2022","NEW YORK","3614430",35,358,393,0,393,1
"11843","2021-2022","NEW YORK","3614460",101,856,957,0,957,1
"11844","2021-2022","NEW YORK","3614490",8,186,194,0,194,1
"11845","2021-2022","NEW YORK","3614550",53,212,265,0,265,1
"11846","2021-2022","NEW YORK","3614580",40,400,440,0,440,1
"11847","2021-2022","NEW YORK","3614610",49,492,541,0,541,1
"11848","2021-2022","NEW YORK","3614640",70,698,768,0,768,1
"11849","2021-2022","NEW YORK","3614670",21,189,210,0,210,1
"11850","2021-2022","NEW YORK","3614700",29,339,368,0,368,1
"11851","2021-2022","NEW YORK","3614730",11,269,280,0,280,1
"11852","2021-2022","NEW YORK","3614760",37,343,380,0,380,1
"11853","2021-2022","NEW YORK","3614820",8,792,800,0,800,1
"11854","2021-2022","NEW YORK","3614850",86,1102,1188,0,1188,1
"11855","2021-2022","NEW YORK","3614880",7,117,124,0,124,1
"11856","2021-2022","NEW YORK","3614940",2,1077,1079,0,1079,1
"11857","2021-2022","NEW YORK","3614970",1,913,914,0,914,1
"11858","2021-2022","NEW YORK","3615030",0,104,104,0,104,1
"11859","2021-2022","NEW YORK","3615060",4,173,177,0,177,1
"11860","2021-2022","NEW YORK","3615090",94,1859,1953,0,1953,1
"11861","2021-2022","NEW YORK","3615180",183,1444,1627,0,1627,1
"11862","2021-2022","NEW YORK","3615210",49,550,599,0,599,1
"11863","2021-2022","NEW YORK","3615270",0,42,42,0,42,1
"11864","2021-2022","NEW YORK","3615300",487,1012,1499,0,1499,1
"11865","2021-2022","NEW YORK","3615360",20,363,383,0,383,1
"11866","2021-2022","NEW YORK","3615390",83,1037,1120,0,1120,1
"11867","2021-2022","NEW YORK","3615450",7,118,125,0,125,1
"11868","2021-2022","NEW YORK","3615480",12,213,225,0,225,1
"11869","2021-2022","NEW YORK","3615510",56,482,538,0,538,1
"11870","2021-2022","NEW YORK","3615540",98,802,900,0,900,1
"11871","2021-2022","NEW YORK","3615570",145,1359,1504,0,1504,1
"11872","2021-2022","NEW YORK","3615630",32,3243,3275,0,3275,1
"11873","2021-2022","NEW YORK","3615720",4,69,73,0,73,1
"11874","2021-2022","NEW YORK","3615780",0,870,870,0,870,1
"11875","2021-2022","NEW YORK","3615810",10,369,379,0,379,1
"11876","2021-2022","NEW YORK","3615870",0,124,124,0,124,1
"11877","2021-2022","NEW YORK","3615900",21,1257,1278,0,1278,1
"11878","2021-2022","NEW YORK","3615980",46,647,693,0,693,1
"11879","2021-2022","NEW YORK","3615990",42,475,517,0,517,1
"11880","2021-2022","NEW YORK","3616080",9,219,228,0,228,1
"11881","2021-2022","NEW YORK","3616140",13,36,49,0,49,1
"11882","2021-2022","NEW YORK","3616170",9,207,216,0,216,1
"11883","2021-2022","NEW YORK","3616200",42,299,341,0,341,1
"11884","2021-2022","NEW YORK","3616230",202,3264,3466,0,3466,1
"11885","2021-2022","NEW YORK","3616260",20,236,256,0,256,1
"11886","2021-2022","NEW YORK","3616290",68,2158,2226,0,2226,1
"11887","2021-2022","NEW YORK","3616380",17,236,253,0,253,1
"11888","2021-2022","NEW YORK","3616410",9,372,381,0,381,1
"11889","2021-2022","NEW YORK","3616440",58,1444,1502,0,1502,1
"11890","2021-2022","NEW YORK","3616470",4,106,110,0,110,1
"11891","2021-2022","NEW YORK","3616500",16,169,185,0,185,1
"11892","2021-2022","NEW YORK","3616530",0,0,0,0,0,NA
"11893","2021-2022","NEW YORK","3616560",99,986,1085,0,1085,1
"11894","2021-2022","NEW YORK","3616620",105,753,858,0,858,1
"11895","2021-2022","NEW YORK","3616680",135,1056,1191,0,1191,1
"11896","2021-2022","NEW YORK","3616710",18,304,322,0,322,1
"11897","2021-2022","NEW YORK","3616740",26,1207,1233,0,1233,1
"11898","2021-2022","NEW YORK","3616800",23,158,181,0,181,1
"11899","2021-2022","NEW YORK","3616830",72,1498,1570,0,1570,1
"11900","2021-2022","NEW YORK","3616950",31,389,420,0,420,1
"11901","2021-2022","NEW YORK","3616960",0,160,160,0,160,1
"11902","2021-2022","NEW YORK","3616980",32,615,647,0,647,1
"11903","2021-2022","NEW YORK","3617130",17,353,370,0,370,1
"11904","2021-2022","NEW YORK","3617160",140,1056,1196,0,1196,1
"11905","2021-2022","NEW YORK","3617190",40,420,460,0,460,1
"11906","2021-2022","NEW YORK","3617220",45,1023,1068,0,1068,1
"11907","2021-2022","NEW YORK","3617380",149,1139,1288,0,1288,1
"11908","2021-2022","NEW YORK","3617400",0,18,18,0,18,1
"11909","2021-2022","NEW YORK","3617430",38,174,212,0,212,1
"11910","2021-2022","NEW YORK","3617460",34,492,526,0,526,1
"11911","2021-2022","NEW YORK","3617520",234,2447,2681,0,2681,1
"11912","2021-2022","NEW YORK","3617580",0,114,114,0,114,1
"11913","2021-2022","NEW YORK","3617640",42,500,542,0,542,1
"11914","2021-2022","NEW YORK","3617670",189,2323,2512,0,2512,1
"11915","2021-2022","NEW YORK","3617700",5,273,278,0,278,1
"11916","2021-2022","NEW YORK","3617730",36,849,885,0,885,1
"11917","2021-2022","NEW YORK","3617760",0,30,30,0,30,1
"11918","2021-2022","NEW YORK","3617820",54,476,530,0,530,1
"11919","2021-2022","NEW YORK","3617880",7,143,150,0,150,1
"11920","2021-2022","NEW YORK","3617910",16,264,280,0,280,1
"11921","2021-2022","NEW YORK","3617940",54,223,277,0,277,1
"11922","2021-2022","NEW YORK","3617970",34,98,132,0,132,1
"11923","2021-2022","NEW YORK","3618030",34,516,550,0,550,1
"11924","2021-2022","NEW YORK","3618080",21,201,222,0,222,1
"11925","2021-2022","NEW YORK","3618090",0,216,216,0,216,1
"11926","2021-2022","NEW YORK","3618120",19,676,695,0,695,1
"11927","2021-2022","NEW YORK","3618150",57,770,827,0,827,1
"11928","2021-2022","NEW YORK","3618180",49,893,942,0,942,1
"11929","2021-2022","NEW YORK","3618210",0,0,0,0,0,NA
"11930","2021-2022","NEW YORK","3618240",47,803,850,0,850,1
"11931","2021-2022","NEW YORK","3618270",16,230,246,0,246,1
"11932","2021-2022","NEW YORK","3618330",59,590,649,0,649,1
"11933","2021-2022","NEW YORK","3618450",10,341,351,0,351,1
"11934","2021-2022","NEW YORK","3618480",34,262,296,0,296,1
"11935","2021-2022","NEW YORK","3618510",4,162,166,0,166,1
"11936","2021-2022","NEW YORK","3618540",57,230,287,0,287,1
"11937","2021-2022","NEW YORK","3618570",60,645,705,0,705,1
"11938","2021-2022","NEW YORK","3618600",72,636,708,0,708,1
"11939","2021-2022","NEW YORK","3618630",56,411,467,0,467,1
"11940","2021-2022","NEW YORK","3618660",40,1204,1244,0,1244,1
"11941","2021-2022","NEW YORK","3618690",68,4078,4146,0,4146,1
"11942","2021-2022","NEW YORK","3618750",38,357,395,0,395,1
"11943","2021-2022","NEW YORK","3618840",0,194,194,0,194,1
"11944","2021-2022","NEW YORK","3618900",16,504,520,0,520,1
"11945","2021-2022","NEW YORK","3618960",127,592,719,0,719,1
"11946","2021-2022","NEW YORK","3618990",16,100,116,0,116,1
"11947","2021-2022","NEW YORK","3619020",62,561,623,0,623,1
"11948","2021-2022","NEW YORK","3619110",0,107,107,0,107,1
"11949","2021-2022","NEW YORK","3619170",93,912,1005,0,1005,1
"11950","2021-2022","NEW YORK","3619200",177,3003,3180,0,3180,1
"11951","2021-2022","NEW YORK","3619230",158,3879,4037,0,4037,1
"11952","2021-2022","NEW YORK","3619260",5,280,285,0,285,1
"11953","2021-2022","NEW YORK","3619320",247,5055,5302,0,5302,1
"11954","2021-2022","NEW YORK","3619350",22,142,164,0,164,1
"11955","2021-2022","NEW YORK","3619380",22,213,235,0,235,1
"11956","2021-2022","NEW YORK","3619410",26,301,327,0,327,1
"11957","2021-2022","NEW YORK","3619500",56,768,824,0,824,1
"11958","2021-2022","NEW YORK","3619530",5,73,78,0,78,1
"11959","2021-2022","NEW YORK","3619560",156,855,1011,0,1011,1
"11960","2021-2022","NEW YORK","3619650",273,2176,2449,0,2449,1
"11961","2021-2022","NEW YORK","3619680",167,1354,1521,0,1521,1
"11962","2021-2022","NEW YORK","3619710",0,0,0,0,0,NA
"11963","2021-2022","NEW YORK","3619740",81,1737,1818,0,1818,1
"11964","2021-2022","NEW YORK","3619800",26,360,386,0,386,1
"11965","2021-2022","NEW YORK","3619830",6,299,305,0,305,1
"11966","2021-2022","NEW YORK","3619860",4,132,136,0,136,1
"11967","2021-2022","NEW YORK","3619890",8,176,184,0,184,1
"11968","2021-2022","NEW YORK","3619920",24,251,275,0,275,1
"11969","2021-2022","NEW YORK","3619950",311,964,1275,0,1275,1
"11970","2021-2022","NEW YORK","3620010",0,339,339,0,339,1
"11971","2021-2022","NEW YORK","3620040",7,180,187,0,187,1
"11972","2021-2022","NEW YORK","3620100",0,4137,4137,0,4137,1
"11973","2021-2022","NEW YORK","3620160",13,208,221,0,221,1
"11974","2021-2022","NEW YORK","3620170",0,0,0,0,0,NA
"11975","2021-2022","NEW YORK","3620190",47,585,632,0,632,1
"11976","2021-2022","NEW YORK","3620220",23,287,310,0,310,1
"11977","2021-2022","NEW YORK","3620340",53,817,870,0,870,1
"11978","2021-2022","NEW YORK","3620370",17,437,454,0,454,1
"11979","2021-2022","NEW YORK","3620400",26,250,276,0,276,1
"11980","2021-2022","NEW YORK","3620430",16,165,181,0,181,1
"11981","2021-2022","NEW YORK","3620460",52,427,479,0,479,1
"11982","2021-2022","NEW YORK","3620490",383,4830,5213,0,5213,1
"11983","2021-2022","NEW YORK","3620520",0,0,0,0,0,NA
"11984","2021-2022","NEW YORK","3620610",26,164,190,0,190,1
"11985","2021-2022","NEW YORK","3620640",76,935,1011,0,1011,1
"11986","2021-2022","NEW YORK","3620670",30,464,494,0,494,1
"11987","2021-2022","NEW YORK","3620700",1,5802,5803,0,5803,1
"11988","2021-2022","NEW YORK","3620730",5,17,22,0,22,1
"11989","2021-2022","NEW YORK","3620760",68,459,527,0,527,1
"11990","2021-2022","NEW YORK","3620790",42,362,404,0,404,1
"11991","2021-2022","NEW YORK","3620820",229,5138,5367,0,5367,1
"11992","2021-2022","NEW YORK","3620850",62,869,931,0,931,1
"11993","2021-2022","NEW YORK","3620880",48,808,856,0,856,1
"11994","2021-2022","NEW YORK","3620910",194,1571,1765,0,1765,1
"11995","2021-2022","NEW YORK","3620940",4,159,163,0,163,1
"11996","2021-2022","NEW YORK","3620970",5,202,207,0,207,1
"11997","2021-2022","NEW YORK","3621000",158,1119,1277,0,1277,1
"11998","2021-2022","NEW YORK","3621120",11,102,113,0,113,1
"11999","2021-2022","NEW YORK","3621180",18,152,170,0,170,1
"12000","2021-2022","NEW YORK","3621210",264,2720,2984,0,2984,1
"12001","2021-2022","NEW YORK","3621240",38,798,836,0,836,1
"12002","2021-2022","NEW YORK","3621250",60,556,616,0,616,1
"12003","2021-2022","NEW YORK","3621260",27,341,368,0,368,1
"12004","2021-2022","NEW YORK","3621270",51,671,722,0,722,1
"12005","2021-2022","NEW YORK","3621300",11,164,175,0,175,1
"12006","2021-2022","NEW YORK","3621330",28,814,842,0,842,1
"12007","2021-2022","NEW YORK","3621360",28,509,537,0,537,1
"12008","2021-2022","NEW YORK","3621450",20,286,306,0,306,1
"12009","2021-2022","NEW YORK","3621480",35,839,874,0,874,1
"12010","2021-2022","NEW YORK","3621510",68,319,387,0,387,1
"12011","2021-2022","NEW YORK","3621540",0,0,0,0,0,NA
"12012","2021-2022","NEW YORK","3621570",110,834,944,0,944,1
"12013","2021-2022","NEW YORK","3621630",22,326,348,0,348,1
"12014","2021-2022","NEW YORK","3621660",0,679,679,0,679,1
"12015","2021-2022","NEW YORK","3621720",0,999,999,0,999,1
"12016","2021-2022","NEW YORK","3621780",34,378,412,0,412,1
"12017","2021-2022","NEW YORK","3621810",35,321,356,0,356,1
"12018","2021-2022","NEW YORK","3621840",31,469,500,0,500,1
"12019","2021-2022","NEW YORK","3621900",10,521,531,0,531,1
"12020","2021-2022","NEW YORK","3621930",0,0,0,0,0,NA
"12021","2021-2022","NEW YORK","3621960",2,142,144,0,144,1
"12022","2021-2022","NEW YORK","3622020",173,2427,2600,0,2600,1
"12023","2021-2022","NEW YORK","3622050",91,1480,1571,0,1571,1
"12024","2021-2022","NEW YORK","3622100",0,129,129,0,129,1
"12025","2021-2022","NEW YORK","3622140",33,276,309,0,309,1
"12026","2021-2022","NEW YORK","3622170",47,695,742,0,742,1
"12027","2021-2022","NEW YORK","3622200",12,82,94,0,94,1
"12028","2021-2022","NEW YORK","3622260",17,299,316,0,316,1
"12029","2021-2022","NEW YORK","3622290",36,290,326,0,326,1
"12030","2021-2022","NEW YORK","3622380",55,649,704,0,704,1
"12031","2021-2022","NEW YORK","3622410",12,163,175,0,175,1
"12032","2021-2022","NEW YORK","3622440",16,118,134,0,134,1
"12033","2021-2022","NEW YORK","3622470",485,3177,3662,0,3662,1
"12034","2021-2022","NEW YORK","3622500",51,215,266,0,266,1
"12035","2021-2022","NEW YORK","3622530",37,317,354,0,354,1
"12036","2021-2022","NEW YORK","3622560",6,286,292,0,292,1
"12037","2021-2022","NEW YORK","3622650",0,2333,2333,0,2333,1
"12038","2021-2022","NEW YORK","3622680",14,191,205,0,205,1
"12039","2021-2022","NEW YORK","3622710",47,892,939,0,939,1
"12040","2021-2022","NEW YORK","3622740",7,660,667,0,667,1
"12041","2021-2022","NEW YORK","3622770",41,309,350,0,350,1
"12042","2021-2022","NEW YORK","3622830",0,757,757,0,757,1
"12043","2021-2022","NEW YORK","3622890",37,307,344,0,344,1
"12044","2021-2022","NEW YORK","3622920",54,879,933,0,933,1
"12045","2021-2022","NEW YORK","3623010",370,2147,2517,0,2517,1
"12046","2021-2022","NEW YORK","3623040",37,267,304,0,304,1
"12047","2021-2022","NEW YORK","3623070",27,288,315,0,315,1
"12048","2021-2022","NEW YORK","3623160",0,0,0,0,0,NA
"12049","2021-2022","NEW YORK","3623190",7,228,235,0,235,1
"12050","2021-2022","NEW YORK","3623220",24,401,425,0,425,1
"12051","2021-2022","NEW YORK","3623280",14,788,802,0,802,1
"12052","2021-2022","NEW YORK","3623310",4,104,108,0,108,1
"12053","2021-2022","NEW YORK","3623340",7,60,67,0,67,1
"12054","2021-2022","NEW YORK","3623370",18,192,210,0,210,1
"12055","2021-2022","NEW YORK","3623430",0,329,329,0,329,1
"12056","2021-2022","NEW YORK","3623460",284,2991,3275,0,3275,1
"12057","2021-2022","NEW YORK","3623490",6,92,98,0,98,1
"12058","2021-2022","NEW YORK","3623520",13,1269,1282,0,1282,1
"12059","2021-2022","NEW YORK","3623580",92,845,937,0,937,1
"12060","2021-2022","NEW YORK","3623640",43,358,401,0,401,1
"12061","2021-2022","NEW YORK","3623670",7,381,388,0,388,1
"12062","2021-2022","NEW YORK","3623760",18,2954,2972,0,2972,1
"12063","2021-2022","NEW YORK","3623790",11,154,165,0,165,1
"12064","2021-2022","NEW YORK","3623880",10,429,439,0,439,1
"12065","2021-2022","NEW YORK","3623970",0,30,30,0,30,1
"12066","2021-2022","NEW YORK","3624000",9,257,266,0,266,1
"12067","2021-2022","NEW YORK","3624030",42,968,1010,0,1010,1
"12068","2021-2022","NEW YORK","3624060",0,4,4,0,4,1
"12069","2021-2022","NEW YORK","3624090",44,345,389,0,389,1
"12070","2021-2022","NEW YORK","3624150",16,653,669,0,669,1
"12071","2021-2022","NEW YORK","3624210",32,371,403,0,403,1
"12072","2021-2022","NEW YORK","3624240",17,205,222,0,222,1
"12073","2021-2022","NEW YORK","3624270",36,413,449,0,449,1
"12074","2021-2022","NEW YORK","3624360",16,191,207,0,207,1
"12075","2021-2022","NEW YORK","3624420",2,38,40,0,40,1
"12076","2021-2022","NEW YORK","3624450",0,507,507,0,507,1
"12077","2021-2022","NEW YORK","3624480",5,178,183,0,183,1
"12078","2021-2022","NEW YORK","3624570",13,114,127,0,127,1
"12079","2021-2022","NEW YORK","3624630",0,0,0,0,0,NA
"12080","2021-2022","NEW YORK","3624660",9,84,93,0,93,1
"12081","2021-2022","NEW YORK","3624690",101,2714,2815,0,2815,1
"12082","2021-2022","NEW YORK","3624750",0,19831,19831,0,19831,1
"12083","2021-2022","NEW YORK","3624780",30,361,391,0,391,1
"12084","2021-2022","NEW YORK","3624840",97,798,895,0,895,1
"12085","2021-2022","NEW YORK","3624900",19,2837,2856,0,2856,1
"12086","2021-2022","NEW YORK","3624930",25,176,201,0,201,1
"12087","2021-2022","NEW YORK","3624960",21,660,681,0,681,1
"12088","2021-2022","NEW YORK","3624990",35,1825,1860,0,1860,1
"12089","2021-2022","NEW YORK","3625020",1,103,104,0,104,1
"12090","2021-2022","NEW YORK","3625050",36,380,416,0,416,1
"12091","2021-2022","NEW YORK","3625110",1,79,80,0,80,1
"12092","2021-2022","NEW YORK","3625140",44,405,449,0,449,1
"12093","2021-2022","NEW YORK","3625170",201,2140,2341,0,2341,1
"12094","2021-2022","NEW YORK","3625260",0,0,0,0,0,NA
"12095","2021-2022","NEW YORK","3625290",24,197,221,0,221,1
"12096","2021-2022","NEW YORK","3625320",0,196,196,0,196,1
"12097","2021-2022","NEW YORK","3625350",106,2598,2704,0,2704,1
"12098","2021-2022","NEW YORK","3625380",1,161,162,0,162,1
"12099","2021-2022","NEW YORK","3625410",0,0,0,0,0,NA
"12100","2021-2022","NEW YORK","3625440",27,858,885,0,885,1
"12101","2021-2022","NEW YORK","3625470",6,237,243,0,243,1
"12102","2021-2022","NEW YORK","3625500",33,787,820,0,820,1
"12103","2021-2022","NEW YORK","3625650",14,381,395,0,395,1
"12104","2021-2022","NEW YORK","3625740",15,439,454,0,454,1
"12105","2021-2022","NEW YORK","3625770",32,1325,1357,0,1357,1
"12106","2021-2022","NEW YORK","3625800",7,644,651,0,651,1
"12107","2021-2022","NEW YORK","3625920",20,301,321,0,321,1
"12108","2021-2022","NEW YORK","3625950",0,0,0,0,0,NA
"12109","2021-2022","NEW YORK","3625980",18,410,428,0,428,1
"12110","2021-2022","NEW YORK","3626010",0,5702,5702,0,5702,1
"12111","2021-2022","NEW YORK","3626070",2,154,156,0,156,1
"12112","2021-2022","NEW YORK","3626100",18,350,368,0,368,1
"12113","2021-2022","NEW YORK","3626130",13,129,142,0,142,1
"12114","2021-2022","NEW YORK","3626160",27,396,423,0,423,1
"12115","2021-2022","NEW YORK","3626190",18,136,154,0,154,1
"12116","2021-2022","NEW YORK","3626310",55,566,621,0,621,1
"12117","2021-2022","NEW YORK","3626370",16,212,228,0,228,1
"12118","2021-2022","NEW YORK","3626400",32,199,231,0,231,1
"12119","2021-2022","NEW YORK","3626430",34,552,586,0,586,1
"12120","2021-2022","NEW YORK","3626520",0,0,0,0,0,NA
"12121","2021-2022","NEW YORK","3626580",9,109,118,0,118,1
"12122","2021-2022","NEW YORK","3626640",8,43,51,0,51,1
"12123","2021-2022","NEW YORK","3626670",24,1329,1353,0,1353,1
"12124","2021-2022","NEW YORK","3626700",4,511,515,0,515,1
"12125","2021-2022","NEW YORK","3626730",9,179,188,0,188,1
"12126","2021-2022","NEW YORK","3626760",40,582,622,0,622,1
"12127","2021-2022","NEW YORK","3626840",0,0,0,0,0,NA
"12128","2021-2022","NEW YORK","3626850",11,489,500,0,500,1
"12129","2021-2022","NEW YORK","3626880",56,492,548,0,548,1
"12130","2021-2022","NEW YORK","3626940",12,129,141,0,141,1
"12131","2021-2022","NEW YORK","3627000",45,639,684,0,684,1
"12132","2021-2022","NEW YORK","3627060",18,709,727,0,727,1
"12133","2021-2022","NEW YORK","3627120",56,562,618,0,618,1
"12134","2021-2022","NEW YORK","3627150",17,926,943,0,943,1
"12135","2021-2022","NEW YORK","3627180",21,153,174,0,174,1
"12136","2021-2022","NEW YORK","3627210",42,1293,1335,0,1335,1
"12137","2021-2022","NEW YORK","3627240",27,898,925,0,925,1
"12138","2021-2022","NEW YORK","3627300",144,2156,2300,0,2300,1
"12139","2021-2022","NEW YORK","3627330",0,0,0,0,0,NA
"12140","2021-2022","NEW YORK","3627360",35,468,503,0,503,1
"12141","2021-2022","NEW YORK","3627450",34,275,309,0,309,1
"12142","2021-2022","NEW YORK","3627540",10,380,390,0,390,1
"12143","2021-2022","NEW YORK","3627570",21,259,280,0,280,1
"12144","2021-2022","NEW YORK","3627620",21,182,203,0,203,1
"12145","2021-2022","NEW YORK","3627660",37,476,513,0,513,1
"12146","2021-2022","NEW YORK","3627750",63,381,444,0,444,1
"12147","2021-2022","NEW YORK","3627780",119,1143,1262,0,1262,1
"12148","2021-2022","NEW YORK","3627810",232,7123,7355,0,7355,1
"12149","2021-2022","NEW YORK","3627900",0,0,0,0,0,NA
"12150","2021-2022","NEW YORK","3627960",31,517,548,0,548,1
"12151","2021-2022","NEW YORK","3627980",2,68,70,0,70,1
"12152","2021-2022","NEW YORK","3627990",7,131,138,0,138,1
"12153","2021-2022","NEW YORK","3628020",14,77,91,0,91,1
"12154","2021-2022","NEW YORK","3628050",48,407,455,0,455,1
"12155","2021-2022","NEW YORK","3628110",14,253,267,0,267,1
"12156","2021-2022","NEW YORK","3628140",28,166,194,0,194,1
"12157","2021-2022","NEW YORK","3628200",44,660,704,0,704,1
"12158","2021-2022","NEW YORK","3628320",27,836,863,0,863,1
"12159","2021-2022","NEW YORK","3628380",48,534,582,0,582,1
"12160","2021-2022","NEW YORK","3628500",15,1374,1389,0,1389,1
"12161","2021-2022","NEW YORK","3628560",33,516,549,0,549,1
"12162","2021-2022","NEW YORK","3628590",91,15709,15800,0,15800,1
"12163","2021-2022","NEW YORK","3628620",0,589,589,0,589,1
"12164","2021-2022","NEW YORK","3628650",142,1123,1265,0,1265,1
"12165","2021-2022","NEW YORK","3628680",56,363,419,0,419,1
"12166","2021-2022","NEW YORK","3628710",35,450,485,0,485,1
"12167","2021-2022","NEW YORK","3628740",56,723,779,0,779,1
"12168","2021-2022","NEW YORK","3628800",12,85,97,0,97,1
"12169","2021-2022","NEW YORK","3628890",24,358,382,0,382,1
"12170","2021-2022","NEW YORK","3628950",9,2318,2327,0,2327,1
"12171","2021-2022","NEW YORK","3628980",32,315,347,0,347,1
"12172","2021-2022","NEW YORK","3629040",8,173,181,0,181,1
"12173","2021-2022","NEW YORK","3629070",9,137,146,0,146,1
"12174","2021-2022","NEW YORK","3629130",19,199,218,0,218,1
"12175","2021-2022","NEW YORK","3629160",24,310,334,0,334,1
"12176","2021-2022","NEW YORK","3629190",9,60,69,0,69,1
"12177","2021-2022","NEW YORK","3629240",14,273,287,0,287,1
"12178","2021-2022","NEW YORK","3629250",19,275,294,0,294,1
"12179","2021-2022","NEW YORK","3629280",79,3492,3571,0,3571,1
"12180","2021-2022","NEW YORK","3629370",93,7239,7332,0,7332,1
"12181","2021-2022","NEW YORK","3629400",6,191,197,0,197,1
"12182","2021-2022","NEW YORK","3629430",28,473,501,0,501,1
"12183","2021-2022","NEW YORK","3629460",38,379,417,0,417,1
"12184","2021-2022","NEW YORK","3629490",32,546,578,0,578,1
"12185","2021-2022","NEW YORK","3629520",43,1429,1472,0,1472,1
"12186","2021-2022","NEW YORK","3629610",52,774,826,0,826,1
"12187","2021-2022","NEW YORK","3629640",54,1023,1077,0,1077,1
"12188","2021-2022","NEW YORK","3629670",3,125,128,0,128,1
"12189","2021-2022","NEW YORK","3629760",0,0,0,0,0,NA
"12190","2021-2022","NEW YORK","3629790",108,879,987,0,987,1
"12191","2021-2022","NEW YORK","3629820",10,390,400,0,400,1
"12192","2021-2022","NEW YORK","3629850",17,198,215,0,215,1
"12193","2021-2022","NEW YORK","3629880",219,1643,1862,0,1862,1
"12194","2021-2022","NEW YORK","3629910",24,328,352,0,352,1
"12195","2021-2022","NEW YORK","3629940",22,350,372,0,372,1
"12196","2021-2022","NEW YORK","3629970",19,193,212,0,212,1
"12197","2021-2022","NEW YORK","3630030",163,957,1120,0,1120,1
"12198","2021-2022","NEW YORK","3630060",0,246,246,0,246,1
"12199","2021-2022","NEW YORK","3630120",144,2335,2479,0,2479,1
"12200","2021-2022","NEW YORK","3630160",15,257,272,0,272,1
"12201","2021-2022","NEW YORK","3630210",32,864,896,0,896,1
"12202","2021-2022","NEW YORK","3630240",17,390,407,0,407,1
"12203","2021-2022","NEW YORK","3630270",0,677,677,0,677,1
"12204","2021-2022","NEW YORK","3630330",75,640,715,0,715,1
"12205","2021-2022","NEW YORK","3630360",104,1973,2077,0,2077,1
"12206","2021-2022","NEW YORK","3630390",20,168,188,0,188,1
"12207","2021-2022","NEW YORK","3630420",11,220,231,0,231,1
"12208","2021-2022","NEW YORK","3630450",5,43,48,0,48,1
"12209","2021-2022","NEW YORK","3630480",14,559,573,0,573,1
"12210","2021-2022","NEW YORK","3630540",110,1060,1170,0,1170,1
"12211","2021-2022","NEW YORK","3630600",2,233,235,0,235,1
"12212","2021-2022","NEW YORK","3630630",91,968,1059,0,1059,1
"12213","2021-2022","NEW YORK","3630660",75,565,640,0,640,1
"12214","2021-2022","NEW YORK","3630690",58,497,555,0,555,1
"12215","2021-2022","NEW YORK","3630780",239,2001,2240,0,2240,1
"12216","2021-2022","NEW YORK","3630900",0,60,60,0,60,1
"12217","2021-2022","NEW YORK","3630930",23,256,279,0,279,1
"12218","2021-2022","NEW YORK","3630960",0,2996,2996,0,2996,1
"12219","2021-2022","NEW YORK","3630990",23,291,314,0,314,1
"12220","2021-2022","NEW YORK","3631020",31,509,540,0,540,1
"12221","2021-2022","NEW YORK","3631050",12,90,102,0,102,1
"12222","2021-2022","NEW YORK","3631170",26,253,279,0,279,1
"12223","2021-2022","NEW YORK","3631200",9,50,59,0,59,1
"12224","2021-2022","NEW YORK","3631260",141,2735,2876,0,2876,1
"12225","2021-2022","NEW YORK","3631290",13,348,361,0,361,1
"12226","2021-2022","NEW YORK","3631320",101,776,877,0,877,1
"12227","2021-2022","NEW YORK","3631350",9,66,75,0,75,1
"12228","2021-2022","NEW YORK","3631380",44,656,700,0,700,1
"12229","2021-2022","NEW YORK","3631410",0,0,0,0,0,NA
"12230","2021-2022","NEW YORK","3631440",55,451,506,0,506,1
"12231","2021-2022","NEW YORK","3631470",110,1610,1720,0,1720,1
"12232","2021-2022","NEW YORK","3631500",12,110,122,0,122,1
"12233","2021-2022","NEW YORK","3631560",43,313,356,0,356,1
"12234","2021-2022","NEW YORK","3631590",1,110,111,0,111,1
"12235","2021-2022","NEW YORK","3631710",70,631,701,0,701,1
"12236","2021-2022","NEW YORK","3631740",22,108,130,0,130,1
"12237","2021-2022","NEW YORK","3631800",0,2699,2699,0,2699,1
"12238","2021-2022","NEW YORK","3631830",0,0,0,0,0,NA
"12239","2021-2022","NEW YORK","3631860",1,63,64,0,64,1
"12240","2021-2022","NEW YORK","3631920",829,17302,18131,0,18131,1
"12241","2021-2022","NEW YORK","3631950",27,271,298,0,298,1
"12242","2021-2022","NEW YORK","3631980",18,396,414,0,414,1
"12243","2021-2022","NEW YORK","3632010",52,342,394,0,394,1
"12244","2021-2022","NEW YORK","3680100",0,0,0,0,0,NA
"12245","2021-2022","NEW YORK","3680140",0,0,0,0,0,NA
"12246","2021-2022","NEW YORK","3680150",0,0,0,0,0,NA
"12247","2021-2022","NEW YORK","3680180",0,0,0,0,0,NA
"12248","2021-2022","NEW YORK","3680220",0,0,0,0,0,NA
"12249","2021-2022","NEW YORK","3680260",0,0,0,0,0,NA
"12250","2021-2022","NEW YORK","3680280",0,0,0,0,0,NA
"12251","2021-2022","NEW YORK","3680300",0,0,0,0,0,NA
"12252","2021-2022","NEW YORK","3680320",0,0,0,0,0,NA
"12253","2021-2022","NEW YORK","3680340",0,0,0,0,0,NA
"12254","2021-2022","NEW YORK","3680380",0,0,0,0,0,NA
"12255","2021-2022","NEW YORK","3680400",0,0,0,0,0,NA
"12256","2021-2022","NEW YORK","3680420",0,0,0,0,0,NA
"12257","2021-2022","NEW YORK","3680440",0,0,0,0,0,NA
"12258","2021-2022","NEW YORK","3680460",0,0,0,0,0,NA
"12259","2021-2022","NEW YORK","3680480",0,0,0,0,0,NA
"12260","2021-2022","NEW YORK","3680500",0,0,0,0,0,NA
"12261","2021-2022","NEW YORK","3680520",0,0,0,0,0,NA
"12262","2021-2022","NEW YORK","3680540",0,0,0,0,0,NA
"12263","2021-2022","NEW YORK","3680560",0,0,0,0,0,NA
"12264","2021-2022","NEW YORK","3680580",0,0,0,0,0,NA
"12265","2021-2022","NEW YORK","3680600",0,0,0,0,0,NA
"12266","2021-2022","NEW YORK","3680620",0,0,0,0,0,NA
"12267","2021-2022","NEW YORK","3680640",0,0,0,0,0,NA
"12268","2021-2022","NEW YORK","3680660",0,0,0,0,0,NA
"12269","2021-2022","NEW YORK","3680680",0,0,0,0,0,NA
"12270","2021-2022","NEW YORK","3680700",0,0,0,0,0,NA
"12271","2021-2022","NEW YORK","3680720",0,0,0,0,0,NA
"12272","2021-2022","NEW YORK","3680740",0,0,0,0,0,NA
"12273","2021-2022","NEW YORK","3680780",0,0,0,0,0,NA
"12274","2021-2022","NEW YORK","3680820",0,0,0,0,0,NA
"12275","2021-2022","NEW YORK","3680860",0,0,0,0,0,NA
"12276","2021-2022","NEW YORK","3680880",0,0,0,0,0,NA
"12277","2021-2022","NEW YORK","3680900",0,0,0,0,0,NA
"12278","2021-2022","NEW YORK","3680920",0,0,0,0,0,NA
"12279","2021-2022","NEW YORK","3680940",0,0,0,0,0,NA
"12280","2021-2022","NEW YORK","3680960",0,0,0,0,0,NA
"12281","2021-2022","NORTH CAROLINA","3700011",1038,35291,36329,0,36329,1
"12282","2021-2022","NORTH CAROLINA","3700012",250,15470,15720,0,15720,1
"12283","2021-2022","NORTH CAROLINA","3700017",0,0,0,0,0,NA
"12284","2021-2022","NORTH CAROLINA","3700020",0,0,0,0,0,NA
"12285","2021-2022","NORTH CAROLINA","3700021",0,196,196,0,196,1
"12286","2021-2022","NORTH CAROLINA","3700022",1,307,308,0,308,1
"12287","2021-2022","NORTH CAROLINA","3700023",0,495,495,0,495,1
"12288","2021-2022","NORTH CAROLINA","3700025",0,622,622,0,622,1
"12289","2021-2022","NORTH CAROLINA","3700027",0,399,399,0,399,1
"12290","2021-2022","NORTH CAROLINA","3700029",0,0,0,0,0,NA
"12291","2021-2022","NORTH CAROLINA","3700030",210,10383,10593,0,10593,1
"12292","2021-2022","NORTH CAROLINA","3700031",0,152,152,0,152,1
"12293","2021-2022","NORTH CAROLINA","3700033",0,0,0,0,0,NA
"12294","2021-2022","NORTH CAROLINA","3700034",23,642,665,0,665,1
"12295","2021-2022","NORTH CAROLINA","3700035",0,0,0,0,0,NA
"12296","2021-2022","NORTH CAROLINA","3700038",0,407,407,0,407,1
"12297","2021-2022","NORTH CAROLINA","3700040",16,49,65,0,65,1
"12298","2021-2022","NORTH CAROLINA","3700043",0,0,0,0,0,NA
"12299","2021-2022","NORTH CAROLINA","3700045",0,0,0,0,0,NA
"12300","2021-2022","NORTH CAROLINA","3700046",0,0,0,0,0,NA
"12301","2021-2022","NORTH CAROLINA","3700049",0,1056,1056,0,1056,1
"12302","2021-2022","NORTH CAROLINA","3700050",0,0,0,0,0,NA
"12303","2021-2022","NORTH CAROLINA","3700052",0,0,0,0,0,NA
"12304","2021-2022","NORTH CAROLINA","3700053",0,0,0,0,0,NA
"12305","2021-2022","NORTH CAROLINA","3700054",0,215,215,0,215,1
"12306","2021-2022","NORTH CAROLINA","3700055",0,0,0,0,0,NA
"12307","2021-2022","NORTH CAROLINA","3700062",0,0,0,0,0,NA
"12308","2021-2022","NORTH CAROLINA","3700064",0,0,0,0,0,NA
"12309","2021-2022","NORTH CAROLINA","3700068",0,0,0,0,0,NA
"12310","2021-2022","NORTH CAROLINA","3700069",0,0,0,0,0,NA
"12311","2021-2022","NORTH CAROLINA","3700070",0,0,0,0,0,NA
"12312","2021-2022","NORTH CAROLINA","3700074",0,249,249,0,249,1
"12313","2021-2022","NORTH CAROLINA","3700077",0,81,81,0,81,1
"12314","2021-2022","NORTH CAROLINA","3700078",0,0,0,0,0,NA
"12315","2021-2022","NORTH CAROLINA","3700081",65,405,470,0,470,1
"12316","2021-2022","NORTH CAROLINA","3700083",70,496,566,0,566,1
"12317","2021-2022","NORTH CAROLINA","3700084",0,0,0,0,0,NA
"12318","2021-2022","NORTH CAROLINA","3700085",0,0,0,0,0,NA
"12319","2021-2022","NORTH CAROLINA","3700086",0,0,0,0,0,NA
"12320","2021-2022","NORTH CAROLINA","3700089",66,1033,1099,0,1099,1
"12321","2021-2022","NORTH CAROLINA","3700090",141,1591,1732,0,1732,1
"12322","2021-2022","NORTH CAROLINA","3700091",0,0,0,0,0,NA
"12323","2021-2022","NORTH CAROLINA","3700093",0,0,0,0,0,NA
"12324","2021-2022","NORTH CAROLINA","3700096",0,0,0,0,0,NA
"12325","2021-2022","NORTH CAROLINA","3700097",0,0,0,0,0,NA
"12326","2021-2022","NORTH CAROLINA","3700098",0,46,46,0,46,1
"12327","2021-2022","NORTH CAROLINA","3700099",0,0,0,0,0,NA
"12328","2021-2022","NORTH CAROLINA","3700101",0,0,0,0,0,NA
"12329","2021-2022","NORTH CAROLINA","3700102",0,0,0,0,0,NA
"12330","2021-2022","NORTH CAROLINA","3700103",0,0,0,0,0,NA
"12331","2021-2022","NORTH CAROLINA","3700104",0,0,0,0,0,NA
"12332","2021-2022","NORTH CAROLINA","3700105",0,0,0,0,0,NA
"12333","2021-2022","NORTH CAROLINA","3700106",0,75,75,0,75,1
"12334","2021-2022","NORTH CAROLINA","3700107",0,0,0,0,0,NA
"12335","2021-2022","NORTH CAROLINA","3700108",0,0,0,0,0,NA
"12336","2021-2022","NORTH CAROLINA","3700109",29,127,156,0,156,1
"12337","2021-2022","NORTH CAROLINA","3700110",0,0,0,0,0,NA
"12338","2021-2022","NORTH CAROLINA","3700111",0,0,0,0,0,NA
"12339","2021-2022","NORTH CAROLINA","3700112",0,0,0,0,0,NA
"12340","2021-2022","NORTH CAROLINA","3700113",61,456,517,0,517,1
"12341","2021-2022","NORTH CAROLINA","3700114",0,0,0,0,0,NA
"12342","2021-2022","NORTH CAROLINA","3700115",0,150,150,0,150,1
"12343","2021-2022","NORTH CAROLINA","3700116",0,0,0,0,0,NA
"12344","2021-2022","NORTH CAROLINA","3700117",0,0,0,0,0,NA
"12345","2021-2022","NORTH CAROLINA","3700118",0,0,0,0,0,NA
"12346","2021-2022","NORTH CAROLINA","3700119",0,0,0,0,0,NA
"12347","2021-2022","NORTH CAROLINA","3700120",107,645,752,0,752,1
"12348","2021-2022","NORTH CAROLINA","3700121",0,480,480,0,480,1
"12349","2021-2022","NORTH CAROLINA","3700123",63,853,916,0,916,1
"12350","2021-2022","NORTH CAROLINA","3700126",0,0,0,0,0,NA
"12351","2021-2022","NORTH CAROLINA","3700127",36,309,345,0,345,1
"12352","2021-2022","NORTH CAROLINA","3700128",0,0,0,0,0,NA
"12353","2021-2022","NORTH CAROLINA","3700129",0,0,0,0,0,NA
"12354","2021-2022","NORTH CAROLINA","3700130",22,137,159,0,159,1
"12355","2021-2022","NORTH CAROLINA","3700131",0,0,0,0,0,NA
"12356","2021-2022","NORTH CAROLINA","3700132",0,0,0,0,0,NA
"12357","2021-2022","NORTH CAROLINA","3700133",0,0,0,0,0,NA
"12358","2021-2022","NORTH CAROLINA","3700135",0,0,0,0,0,NA
"12359","2021-2022","NORTH CAROLINA","3700137",0,0,0,0,0,NA
"12360","2021-2022","NORTH CAROLINA","3700138",0,0,0,0,0,NA
"12361","2021-2022","NORTH CAROLINA","3700139",0,137,137,0,137,1
"12362","2021-2022","NORTH CAROLINA","3700140",0,634,634,0,634,1
"12363","2021-2022","NORTH CAROLINA","3700141",0,0,0,0,0,NA
"12364","2021-2022","NORTH CAROLINA","3700142",0,918,918,0,918,1
"12365","2021-2022","NORTH CAROLINA","3700143",0,0,0,0,0,NA
"12366","2021-2022","NORTH CAROLINA","3700144",0,0,0,0,0,NA
"12367","2021-2022","NORTH CAROLINA","3700145",0,0,0,0,0,NA
"12368","2021-2022","NORTH CAROLINA","3700175",0,0,0,0,0,NA
"12369","2021-2022","NORTH CAROLINA","3700180",0,2893,2893,0,2893,1
"12370","2021-2022","NORTH CAROLINA","3700210",212,1171,1383,0,1383,1
"12371","2021-2022","NORTH CAROLINA","3700240",293,2389,2682,0,2682,1
"12372","2021-2022","NORTH CAROLINA","3700270",61,1313,1374,0,1374,1
"12373","2021-2022","NORTH CAROLINA","3700300",171,756,927,0,927,1
"12374","2021-2022","NORTH CAROLINA","3700314",0,0,0,0,0,NA
"12375","2021-2022","NORTH CAROLINA","3700315",0,1268,1268,0,1268,1
"12376","2021-2022","NORTH CAROLINA","3700316",0,88,88,0,88,1
"12377","2021-2022","NORTH CAROLINA","3700317",0,150,150,0,150,1
"12378","2021-2022","NORTH CAROLINA","3700318",0,0,0,0,0,NA
"12379","2021-2022","NORTH CAROLINA","3700319",0,1310,1310,0,1310,1
"12380","2021-2022","NORTH CAROLINA","3700320",0,145,145,0,145,1
"12381","2021-2022","NORTH CAROLINA","3700321",0,36,36,0,36,1
"12382","2021-2022","NORTH CAROLINA","3700322",0,0,0,0,0,NA
"12383","2021-2022","NORTH CAROLINA","3700323",50,428,478,0,478,1
"12384","2021-2022","NORTH CAROLINA","3700324",0,0,0,0,0,NA
"12385","2021-2022","NORTH CAROLINA","3700325",0,484,484,0,484,1
"12386","2021-2022","NORTH CAROLINA","3700326",0,0,0,0,0,NA
"12387","2021-2022","NORTH CAROLINA","3700327",0,0,0,0,0,NA
"12388","2021-2022","NORTH CAROLINA","3700328",0,0,0,0,0,NA
"12389","2021-2022","NORTH CAROLINA","3700329",0,0,0,0,0,NA
"12390","2021-2022","NORTH CAROLINA","3700330",16,5700,5716,0,5716,1
"12391","2021-2022","NORTH CAROLINA","3700331",2,128,130,0,130,1
"12392","2021-2022","NORTH CAROLINA","3700332",0,0,0,0,0,NA
"12393","2021-2022","NORTH CAROLINA","3700333",0,0,0,0,0,NA
"12394","2021-2022","NORTH CAROLINA","3700334",0,0,0,0,0,NA
"12395","2021-2022","NORTH CAROLINA","3700336",0,0,0,0,0,NA
"12396","2021-2022","NORTH CAROLINA","3700337",0,0,0,0,0,NA
"12397","2021-2022","NORTH CAROLINA","3700338",0,0,0,0,0,NA
"12398","2021-2022","NORTH CAROLINA","3700339",4,248,252,0,252,1
"12399","2021-2022","NORTH CAROLINA","3700340",0,91,91,0,91,1
"12400","2021-2022","NORTH CAROLINA","3700341",0,0,0,0,0,NA
"12401","2021-2022","NORTH CAROLINA","3700343",0,0,0,0,0,NA
"12402","2021-2022","NORTH CAROLINA","3700344",23,77,100,0,100,1
"12403","2021-2022","NORTH CAROLINA","3700346",0,0,0,0,0,NA
"12404","2021-2022","NORTH CAROLINA","3700347",15,256,271,0,271,1
"12405","2021-2022","NORTH CAROLINA","3700348",0,101,101,0,101,1
"12406","2021-2022","NORTH CAROLINA","3700349",0,0,0,0,0,NA
"12407","2021-2022","NORTH CAROLINA","3700350",0,175,175,0,175,1
"12408","2021-2022","NORTH CAROLINA","3700351",0,0,0,0,0,NA
"12409","2021-2022","NORTH CAROLINA","3700352",0,0,0,0,0,NA
"12410","2021-2022","NORTH CAROLINA","3700353",0,0,0,0,0,NA
"12411","2021-2022","NORTH CAROLINA","3700354",0,0,0,0,0,NA
"12412","2021-2022","NORTH CAROLINA","3700355",0,0,0,0,0,NA
"12413","2021-2022","NORTH CAROLINA","3700356",0,0,0,0,0,NA
"12414","2021-2022","NORTH CAROLINA","3700358",0,89,89,0,89,1
"12415","2021-2022","NORTH CAROLINA","3700359",0,0,0,0,0,NA
"12416","2021-2022","NORTH CAROLINA","3700360",0,1810,1810,0,1810,1
"12417","2021-2022","NORTH CAROLINA","3700361",0,0,0,0,0,NA
"12418","2021-2022","NORTH CAROLINA","3700362",0,0,0,0,0,NA
"12419","2021-2022","NORTH CAROLINA","3700363",0,0,0,0,0,NA
"12420","2021-2022","NORTH CAROLINA","3700364",22,118,140,0,140,1
"12421","2021-2022","NORTH CAROLINA","3700365",0,0,0,0,0,NA
"12422","2021-2022","NORTH CAROLINA","3700367",0,0,0,0,0,NA
"12423","2021-2022","NORTH CAROLINA","3700369",0,0,0,0,0,NA
"12424","2021-2022","NORTH CAROLINA","3700370",20,284,304,0,304,1
"12425","2021-2022","NORTH CAROLINA","3700371",0,0,0,0,0,NA
"12426","2021-2022","NORTH CAROLINA","3700372",11,174,185,0,185,1
"12427","2021-2022","NORTH CAROLINA","3700374",0,0,0,0,0,NA
"12428","2021-2022","NORTH CAROLINA","3700375",0,604,604,0,604,1
"12429","2021-2022","NORTH CAROLINA","3700377",0,0,0,0,0,NA
"12430","2021-2022","NORTH CAROLINA","3700378",0,0,0,0,0,NA
"12431","2021-2022","NORTH CAROLINA","3700379",10,360,370,0,370,1
"12432","2021-2022","NORTH CAROLINA","3700381",0,0,0,0,0,NA
"12433","2021-2022","NORTH CAROLINA","3700382",0,0,0,0,0,NA
"12434","2021-2022","NORTH CAROLINA","3700384",0,0,0,0,0,NA
"12435","2021-2022","NORTH CAROLINA","3700385",0,323,323,0,323,1
"12436","2021-2022","NORTH CAROLINA","3700386",0,0,0,0,0,NA
"12437","2021-2022","NORTH CAROLINA","3700387",0,0,0,0,0,NA
"12438","2021-2022","NORTH CAROLINA","3700388",0,0,0,0,0,NA
"12439","2021-2022","NORTH CAROLINA","3700389",0,0,0,0,0,NA
"12440","2021-2022","NORTH CAROLINA","3700390",0,3927,3927,0,3927,1
"12441","2021-2022","NORTH CAROLINA","3700391",0,196,196,0,196,1
"12442","2021-2022","NORTH CAROLINA","3700392",55,263,318,0,318,1
"12443","2021-2022","NORTH CAROLINA","3700393",0,0,0,0,0,NA
"12444","2021-2022","NORTH CAROLINA","3700394",0,0,0,0,0,NA
"12445","2021-2022","NORTH CAROLINA","3700396",47,334,381,0,381,1
"12446","2021-2022","NORTH CAROLINA","3700397",0,433,433,0,433,1
"12447","2021-2022","NORTH CAROLINA","3700398",0,0,0,0,0,NA
"12448","2021-2022","NORTH CAROLINA","3700399",39,258,297,0,297,1
"12449","2021-2022","NORTH CAROLINA","3700400",13,157,170,0,170,1
"12450","2021-2022","NORTH CAROLINA","3700401",33,217,250,0,250,1
"12451","2021-2022","NORTH CAROLINA","3700402",12,70,82,0,82,1
"12452","2021-2022","NORTH CAROLINA","3700403",0,0,0,0,0,NA
"12453","2021-2022","NORTH CAROLINA","3700404",0,0,0,0,0,NA
"12454","2021-2022","NORTH CAROLINA","3700405",69,288,357,0,357,1
"12455","2021-2022","NORTH CAROLINA","3700406",0,0,0,0,0,NA
"12456","2021-2022","NORTH CAROLINA","3700407",0,357,357,0,357,1
"12457","2021-2022","NORTH CAROLINA","3700408",40,437,477,0,477,1
"12458","2021-2022","NORTH CAROLINA","3700409",0,0,0,0,0,NA
"12459","2021-2022","NORTH CAROLINA","3700410",28,332,360,0,360,1
"12460","2021-2022","NORTH CAROLINA","3700411",0,606,606,0,606,1
"12461","2021-2022","NORTH CAROLINA","3700412",0,0,0,0,0,NA
"12462","2021-2022","NORTH CAROLINA","3700413",0,0,0,0,0,NA
"12463","2021-2022","NORTH CAROLINA","3700416",3,67,70,0,70,1
"12464","2021-2022","NORTH CAROLINA","3700417",0,0,0,0,0,NA
"12465","2021-2022","NORTH CAROLINA","3700418",0,0,0,0,0,NA
"12466","2021-2022","NORTH CAROLINA","3700419",0,110,110,0,110,1
"12467","2021-2022","NORTH CAROLINA","3700420",0,12555,12555,0,12555,1
"12468","2021-2022","NORTH CAROLINA","3700421",4,25,29,0,29,1
"12469","2021-2022","NORTH CAROLINA","3700422",0,0,0,0,0,NA
"12470","2021-2022","NORTH CAROLINA","3700423",0,0,0,0,0,NA
"12471","2021-2022","NORTH CAROLINA","3700424",0,0,0,0,0,NA
"12472","2021-2022","NORTH CAROLINA","3700425",0,0,0,0,0,NA
"12473","2021-2022","NORTH CAROLINA","3700426",0,0,0,0,0,NA
"12474","2021-2022","NORTH CAROLINA","3700427",0,136,136,0,136,1
"12475","2021-2022","NORTH CAROLINA","3700428",0,0,0,0,0,NA
"12476","2021-2022","NORTH CAROLINA","3700429",0,194,194,0,194,1
"12477","2021-2022","NORTH CAROLINA","3700430",50,159,209,0,209,1
"12478","2021-2022","NORTH CAROLINA","3700431",0,360,360,0,360,1
"12479","2021-2022","NORTH CAROLINA","3700432",0,0,0,0,0,NA
"12480","2021-2022","NORTH CAROLINA","3700433",36,159,195,0,195,1
"12481","2021-2022","NORTH CAROLINA","3700435",10,258,268,0,268,1
"12482","2021-2022","NORTH CAROLINA","3700438",0,0,0,0,0,NA
"12483","2021-2022","NORTH CAROLINA","3700439",0,0,0,0,0,NA
"12484","2021-2022","NORTH CAROLINA","3700441",0,0,0,0,0,NA
"12485","2021-2022","NORTH CAROLINA","3700442",0,192,192,0,192,1
"12486","2021-2022","NORTH CAROLINA","3700443",0,81,81,0,81,1
"12487","2021-2022","NORTH CAROLINA","3700445",0,0,0,0,0,NA
"12488","2021-2022","NORTH CAROLINA","3700446",24,209,233,0,233,1
"12489","2021-2022","NORTH CAROLINA","3700447",0,0,0,0,0,NA
"12490","2021-2022","NORTH CAROLINA","3700448",0,0,0,0,0,NA
"12491","2021-2022","NORTH CAROLINA","3700449",0,0,0,0,0,NA
"12492","2021-2022","NORTH CAROLINA","3700450",1178,8794,9972,0,9972,1
"12493","2021-2022","NORTH CAROLINA","3700451",0,238,238,0,238,1
"12494","2021-2022","NORTH CAROLINA","3700452",0,0,0,0,0,NA
"12495","2021-2022","NORTH CAROLINA","3700453",0,52,52,0,52,1
"12496","2021-2022","NORTH CAROLINA","3700454",11,207,218,0,218,1
"12497","2021-2022","NORTH CAROLINA","3700455",0,155,155,0,155,1
"12498","2021-2022","NORTH CAROLINA","3700457",0,0,0,0,0,NA
"12499","2021-2022","NORTH CAROLINA","3700459",0,0,0,0,0,NA
"12500","2021-2022","NORTH CAROLINA","3700463",0,0,0,0,0,NA
"12501","2021-2022","NORTH CAROLINA","3700464",0,0,0,0,0,NA
"12502","2021-2022","NORTH CAROLINA","3700465",27,178,205,0,205,1
"12503","2021-2022","NORTH CAROLINA","3700466",45,211,256,0,256,1
"12504","2021-2022","NORTH CAROLINA","3700467",0,0,0,0,0,NA
"12505","2021-2022","NORTH CAROLINA","3700469",0,0,0,0,0,NA
"12506","2021-2022","NORTH CAROLINA","3700471",35,206,241,0,241,1
"12507","2021-2022","NORTH CAROLINA","3700472",7,4,11,0,11,1
"12508","2021-2022","NORTH CAROLINA","3700474",0,0,0,0,0,NA
"12509","2021-2022","NORTH CAROLINA","3700475",0,0,0,0,0,NA
"12510","2021-2022","NORTH CAROLINA","3700480",695,5234,5929,0,5929,1
"12511","2021-2022","NORTH CAROLINA","3700530",329,9491,9820,0,9820,1
"12512","2021-2022","NORTH CAROLINA","3700580",280,4412,4692,0,4692,1
"12513","2021-2022","NORTH CAROLINA","3700600",66,291,357,0,357,1
"12514","2021-2022","NORTH CAROLINA","3700630",6,5722,5728,0,5728,1
"12515","2021-2022","NORTH CAROLINA","3700660",38,1575,1613,0,1613,1
"12516","2021-2022","NORTH CAROLINA","3700690",736,5796,6532,0,6532,1
"12517","2021-2022","NORTH CAROLINA","3700720",230,2353,2583,0,2583,1
"12518","2021-2022","NORTH CAROLINA","3700750",229,2677,2906,0,2906,1
"12519","2021-2022","NORTH CAROLINA","3700780",17,1886,1903,0,1903,1
"12520","2021-2022","NORTH CAROLINA","3700840",111,944,1055,0,1055,1
"12521","2021-2022","NORTH CAROLINA","3700870",51,510,561,0,561,1
"12522","2021-2022","NORTH CAROLINA","3700900",176,8916,9092,0,9092,1
"12523","2021-2022","NORTH CAROLINA","3700930",0,2987,2987,0,2987,1
"12524","2021-2022","NORTH CAROLINA","3700960",0,5158,5158,0,5158,1
"12525","2021-2022","NORTH CAROLINA","3701080",149,801,950,0,950,1
"12526","2021-2022","NORTH CAROLINA","3701110",107,974,1081,0,1081,1
"12527","2021-2022","NORTH CAROLINA","3701140",483,5580,6063,0,6063,1
"12528","2021-2022","NORTH CAROLINA","3701170",243,1991,2234,0,2234,1
"12529","2021-2022","NORTH CAROLINA","3701200",0,9651,9651,0,9651,1
"12530","2021-2022","NORTH CAROLINA","3701260",560,17356,17916,0,17916,1
"12531","2021-2022","NORTH CAROLINA","3701320",14,5253,5267,0,5267,1
"12532","2021-2022","NORTH CAROLINA","3701380",4,296,300,0,300,1
"12533","2021-2022","NORTH CAROLINA","3701500",1455,23552,25007,0,25007,1
"12534","2021-2022","NORTH CAROLINA","3701530",311,3938,4249,0,4249,1
"12535","2021-2022","NORTH CAROLINA","3701620",493,15801,16294,0,16294,1
"12536","2021-2022","NORTH CAROLINA","3701680",45,525,570,0,570,1
"12537","2021-2022","NORTH CAROLINA","3701770",106,556,662,0,662,1
"12538","2021-2022","NORTH CAROLINA","3701800",254,2908,3162,0,3162,1
"12539","2021-2022","NORTH CAROLINA","3701830",0,2713,2713,0,2713,1
"12540","2021-2022","NORTH CAROLINA","3701920",1033,41689,42722,0,42722,1
"12541","2021-2022","NORTH CAROLINA","3701950",0,2066,2066,0,2066,1
"12542","2021-2022","NORTH CAROLINA","3702010",174,8291,8465,0,8465,1
"12543","2021-2022","NORTH CAROLINA","3702040",98,3441,3539,0,3539,1
"12544","2021-2022","NORTH CAROLINA","3702100",655,4612,5267,0,5267,1
"12545","2021-2022","NORTH CAROLINA","3702160",0,2461,2461,0,2461,1
"12546","2021-2022","NORTH CAROLINA","3702190",155,2131,2286,0,2286,1
"12547","2021-2022","NORTH CAROLINA","3702250",0,8743,8743,0,8743,1
"12548","2021-2022","NORTH CAROLINA","3702280",0,343,343,0,343,1
"12549","2021-2022","NORTH CAROLINA","3702310",626,5981,6607,0,6607,1
"12550","2021-2022","NORTH CAROLINA","3702340",129,1333,1462,0,1462,1
"12551","2021-2022","NORTH CAROLINA","3702370",722,12546,13268,0,13268,1
"12552","2021-2022","NORTH CAROLINA","3702400",0,1017,1017,0,1017,1
"12553","2021-2022","NORTH CAROLINA","3702430",0,5345,5345,0,5345,1
"12554","2021-2022","NORTH CAROLINA","3702560",318,3903,4221,0,4221,1
"12555","2021-2022","NORTH CAROLINA","3702610",0,8249,8249,0,8249,1
"12556","2021-2022","NORTH CAROLINA","3702640",0,2983,2983,0,2983,1
"12557","2021-2022","NORTH CAROLINA","3702680",64,3123,3187,0,3187,1
"12558","2021-2022","NORTH CAROLINA","3702760",26,1471,1497,0,1497,1
"12559","2021-2022","NORTH CAROLINA","3702820",38,810,848,0,848,1
"12560","2021-2022","NORTH CAROLINA","3702880",0,2632,2632,0,2632,1
"12561","2021-2022","NORTH CAROLINA","3702940",186,2638,2824,0,2824,1
"12562","2021-2022","NORTH CAROLINA","3702970",0,65699,65699,0,65699,1
"12563","2021-2022","NORTH CAROLINA","3703000",18,586,604,0,604,1
"12564","2021-2022","NORTH CAROLINA","3703060",331,2053,2384,0,2384,1
"12565","2021-2022","NORTH CAROLINA","3703090",355,3990,4345,0,4345,1
"12566","2021-2022","NORTH CAROLINA","3703120",215,1629,1844,0,1844,1
"12567","2021-2022","NORTH CAROLINA","3703210",76,773,849,0,849,1
"12568","2021-2022","NORTH CAROLINA","3703270",353,7132,7485,0,7485,1
"12569","2021-2022","NORTH CAROLINA","3703310",264,7187,7451,0,7451,1
"12570","2021-2022","NORTH CAROLINA","3703330",38,12985,13023,0,13023,1
"12571","2021-2022","NORTH CAROLINA","3703360",196,1247,1443,0,1443,1
"12572","2021-2022","NORTH CAROLINA","3703420",0,1312,1312,0,1312,1
"12573","2021-2022","NORTH CAROLINA","3703450",1364,8527,9891,0,9891,1
"12574","2021-2022","NORTH CAROLINA","3703480",261,2783,3044,0,3044,1
"12575","2021-2022","NORTH CAROLINA","3703510",0,872,872,0,872,1
"12576","2021-2022","NORTH CAROLINA","3703540",0,4784,4784,0,4784,1
"12577","2021-2022","NORTH CAROLINA","3703570",0,3663,3663,0,3663,1
"12578","2021-2022","NORTH CAROLINA","3703600",38,678,716,0,716,1
"12579","2021-2022","NORTH CAROLINA","3703630",94,3140,3234,0,3234,1
"12580","2021-2022","NORTH CAROLINA","3703720",67,1315,1382,0,1382,1
"12581","2021-2022","NORTH CAROLINA","3703780",520,6420,6940,0,6940,1
"12582","2021-2022","NORTH CAROLINA","3703870",0,6714,6714,0,6714,1
"12583","2021-2022","NORTH CAROLINA","3703900",106,1294,1400,0,1400,1
"12584","2021-2022","NORTH CAROLINA","3703930",5,20497,20502,0,20502,1
"12585","2021-2022","NORTH CAROLINA","3703990",185,6490,6675,0,6675,1
"12586","2021-2022","NORTH CAROLINA","3704050",559,10148,10707,0,10707,1
"12587","2021-2022","NORTH CAROLINA","3704080",0,7504,7504,0,7504,1
"12588","2021-2022","NORTH CAROLINA","3704140",0,7787,7787,0,7787,1
"12589","2021-2022","NORTH CAROLINA","3704200",0,5036,5036,0,5036,1
"12590","2021-2022","NORTH CAROLINA","3704320",155,3335,3490,0,3490,1
"12591","2021-2022","NORTH CAROLINA","3704380",359,2056,2415,0,2415,1
"12592","2021-2022","NORTH CAROLINA","3704410",95,2682,2777,0,2777,1
"12593","2021-2022","NORTH CAROLINA","3704440",44,817,861,0,861,1
"12594","2021-2022","NORTH CAROLINA","3704500",0,2214,2214,0,2214,1
"12595","2021-2022","NORTH CAROLINA","3704530",178,1415,1593,0,1593,1
"12596","2021-2022","NORTH CAROLINA","3704590",0,519,519,0,519,1
"12597","2021-2022","NORTH CAROLINA","3704620",456,8978,9434,0,9434,1
"12598","2021-2022","NORTH CAROLINA","3704650",0,5047,5047,0,5047,1
"12599","2021-2022","NORTH CAROLINA","3704720",2773,33854,36627,0,36627,1
"12600","2021-2022","NORTH CAROLINA","3704740",0,1621,1621,0,1621,1
"12601","2021-2022","NORTH CAROLINA","3704800",0,1074,1074,0,1074,1
"12602","2021-2022","NORTH CAROLINA","3704830",189,917,1106,0,1106,1
"12603","2021-2022","NORTH CAROLINA","3704880",4,17253,17257,0,17257,1
"12604","2021-2022","NORTH CAROLINA","3704890",0,697,697,0,697,1
"12605","2021-2022","NORTH CAROLINA","3704920",0,2085,2085,0,2085,1
"12606","2021-2022","NORTH CAROLINA","3704950",23,6642,6665,0,6665,1
"12607","2021-2022","NORTH CAROLINA","3705020",0,4563,4563,0,4563,1
"12608","2021-2022","NORTH CAROLINA","3705040",137,1719,1856,0,1856,1
"12609","2021-2022","NORTH CAROLINA","3705070",80,740,820,0,820,1
"12610","2021-2022","NORTH DAKOTA","3800005",0,18,18,3,21,0.857142857142857
"12611","2021-2022","NORTH DAKOTA","3800006",0,12,12,4,16,0.75
"12612","2021-2022","NORTH DAKOTA","3800014",177,1972,2149,1264,3413,0.629651333138002
"12613","2021-2022","NORTH DAKOTA","3800015",0,0,0,0,0,NA
"12614","2021-2022","NORTH DAKOTA","3800016",13,42,55,10,65,0.846153846153846
"12615","2021-2022","NORTH DAKOTA","3800017",3,35,38,23,61,0.622950819672131
"12616","2021-2022","NORTH DAKOTA","3800018",17,33,50,31,81,0.617283950617284
"12617","2021-2022","NORTH DAKOTA","3800021",80,402,482,289,771,0.625162127107652
"12618","2021-2022","NORTH DAKOTA","3800023",4,17,21,13,34,0.617647058823529
"12619","2021-2022","NORTH DAKOTA","3800024",11,9,20,9,29,0.689655172413793
"12620","2021-2022","NORTH DAKOTA","3800025",8,32,40,22,62,0.645161290322581
"12621","2021-2022","NORTH DAKOTA","3800027",64,82,146,40,186,0.78494623655914
"12622","2021-2022","NORTH DAKOTA","3800029",2,16,18,13,31,0.580645161290323
"12623","2021-2022","NORTH DAKOTA","3800031",17,50,67,22,89,0.752808988764045
"12624","2021-2022","NORTH DAKOTA","3800032",25,83,108,73,181,0.596685082872928
"12625","2021-2022","NORTH DAKOTA","3800033",0,3,3,3,6,0.5
"12626","2021-2022","NORTH DAKOTA","3800036",7,34,41,20,61,0.672131147540984
"12627","2021-2022","NORTH DAKOTA","3800038",40,499,539,445,984,0.547764227642276
"12628","2021-2022","NORTH DAKOTA","3800039",3,39,42,32,74,0.567567567567568
"12629","2021-2022","NORTH DAKOTA","3800040",27,54,81,41,122,0.663934426229508
"12630","2021-2022","NORTH DAKOTA","3800041",7,40,47,39,86,0.546511627906977
"12631","2021-2022","NORTH DAKOTA","3800042",9,44,53,20,73,0.726027397260274
"12632","2021-2022","NORTH DAKOTA","3800043",6,22,28,19,47,0.595744680851064
"12633","2021-2022","NORTH DAKOTA","3800044",0,24,24,14,38,0.631578947368421
"12634","2021-2022","NORTH DAKOTA","3800045",8,50,58,22,80,0.725
"12635","2021-2022","NORTH DAKOTA","3800046",10,57,67,26,93,0.720430107526882
"12636","2021-2022","NORTH DAKOTA","3800047",14,57,71,52,123,0.577235772357724
"12637","2021-2022","NORTH DAKOTA","3800048",2,51,53,26,79,0.670886075949367
"12638","2021-2022","NORTH DAKOTA","3800049",8,10,18,10,28,0.642857142857143
"12639","2021-2022","NORTH DAKOTA","3800050",30,40,70,8,78,0.897435897435897
"12640","2021-2022","NORTH DAKOTA","3800052",7,54,61,25,86,0.709302325581395
"12641","2021-2022","NORTH DAKOTA","3800053",3,39,42,38,80,0.525
"12642","2021-2022","NORTH DAKOTA","3800054",9,56,65,38,103,0.631067961165049
"12643","2021-2022","NORTH DAKOTA","3800056",0,6,6,6,12,0.5
"12644","2021-2022","NORTH DAKOTA","3800057",32,24,56,15,71,0.788732394366197
"12645","2021-2022","NORTH DAKOTA","3800058",14,44,58,25,83,0.698795180722892
"12646","2021-2022","NORTH DAKOTA","3800059",10,69,79,54,133,0.593984962406015
"12647","2021-2022","NORTH DAKOTA","3800060",18,59,77,27,104,0.740384615384615
"12648","2021-2022","NORTH DAKOTA","3800061",23,56,79,34,113,0.699115044247788
"12649","2021-2022","NORTH DAKOTA","3800389",21,58,79,44,123,0.642276422764228
"12650","2021-2022","NORTH DAKOTA","3800390",18,57,75,42,117,0.641025641025641
"12651","2021-2022","NORTH DAKOTA","3800392",0,30,30,24,54,0.555555555555556
"12652","2021-2022","NORTH DAKOTA","3800397",22,43,65,18,83,0.783132530120482
"12653","2021-2022","NORTH DAKOTA","3800401",39,77,116,60,176,0.659090909090909
"12654","2021-2022","NORTH DAKOTA","3800404",3,9,12,9,21,0.571428571428571
"12655","2021-2022","NORTH DAKOTA","3800405",6,631,637,435,1072,0.594216417910448
"12656","2021-2022","NORTH DAKOTA","3800406",55,280,335,151,486,0.689300411522634
"12657","2021-2022","NORTH DAKOTA","3800825",6,15,21,14,35,0.6
"12658","2021-2022","NORTH DAKOTA","3801760",7,18,25,14,39,0.641025641025641
"12659","2021-2022","NORTH DAKOTA","3801950",8,16,24,10,34,0.705882352941177
"12660","2021-2022","NORTH DAKOTA","3802014",0,0,0,0,0,NA
"12661","2021-2022","NORTH DAKOTA","3802170",15,19,34,13,47,0.723404255319149
"12662","2021-2022","NORTH DAKOTA","3802240",0,0,0,0,0,NA
"12663","2021-2022","NORTH DAKOTA","3802380",2,60,62,30,92,0.673913043478261
"12664","2021-2022","NORTH DAKOTA","3802530",0,1536,1536,654,2190,0.701369863013699
"12665","2021-2022","NORTH DAKOTA","3802840",3,3,6,6,12,0.5
"12666","2021-2022","NORTH DAKOTA","3803060",6,107,113,96,209,0.54066985645933
"12667","2021-2022","NORTH DAKOTA","3803090",4,9,13,9,22,0.590909090909091
"12668","2021-2022","NORTH DAKOTA","3803200",0,46,46,34,80,0.575
"12669","2021-2022","NORTH DAKOTA","3803590",0,16,16,14,30,0.533333333333333
"12670","2021-2022","NORTH DAKOTA","3804090",26,86,112,78,190,0.589473684210526
"12671","2021-2022","NORTH DAKOTA","3804140",8,26,34,15,49,0.693877551020408
"12672","2021-2022","NORTH DAKOTA","3804560",21,30,51,24,75,0.68
"12673","2021-2022","NORTH DAKOTA","3805040",104,502,606,318,924,0.655844155844156
"12674","2021-2022","NORTH DAKOTA","3805160",12,69,81,34,115,0.704347826086957
"12675","2021-2022","NORTH DAKOTA","3805340",19,33,52,15,67,0.776119402985075
"12676","2021-2022","NORTH DAKOTA","3805460",0,590,590,266,856,0.689252336448598
"12677","2021-2022","NORTH DAKOTA","3805670",0,0,0,0,0,NA
"12678","2021-2022","NORTH DAKOTA","3805850",24,52,76,16,92,0.826086956521739
"12679","2021-2022","NORTH DAKOTA","3805950",0,12,12,8,20,0.6
"12680","2021-2022","NORTH DAKOTA","3806010",21,108,129,27,156,0.826923076923077
"12681","2021-2022","NORTH DAKOTA","3806090",12,43,55,29,84,0.654761904761905
"12682","2021-2022","NORTH DAKOTA","3806210",10,53,63,21,84,0.75
"12683","2021-2022","NORTH DAKOTA","3806360",0,68,68,35,103,0.660194174757282
"12684","2021-2022","NORTH DAKOTA","3806690",13,42,55,37,92,0.597826086956522
"12685","2021-2022","NORTH DAKOTA","3806780",322,2510,2832,1634,4466,0.634124496193462
"12686","2021-2022","NORTH DAKOTA","3806910",5,30,35,16,51,0.686274509803922
"12687","2021-2022","NORTH DAKOTA","3806930",9,47,56,18,74,0.756756756756757
"12688","2021-2022","NORTH DAKOTA","3807170",0,206,206,103,309,0.666666666666667
"12689","2021-2022","NORTH DAKOTA","3807200",0,47,47,30,77,0.61038961038961
"12690","2021-2022","NORTH DAKOTA","3807590",4,32,36,28,64,0.5625
"12691","2021-2022","NORTH DAKOTA","3807830",6,37,43,23,66,0.651515151515151
"12692","2021-2022","NORTH DAKOTA","3807850",14,49,63,34,97,0.649484536082474
"12693","2021-2022","NORTH DAKOTA","3807950",0,3,3,3,6,0.5
"12694","2021-2022","NORTH DAKOTA","3808130",225,1374,1599,1167,2766,0.578091106290672
"12695","2021-2022","NORTH DAKOTA","3808460",13,42,55,14,69,0.797101449275362
"12696","2021-2022","NORTH DAKOTA","3808610",1,9,10,5,15,0.666666666666667
"12697","2021-2022","NORTH DAKOTA","3808710",7,37,44,18,62,0.709677419354839
"12698","2021-2022","NORTH DAKOTA","3808890",30,103,133,62,195,0.682051282051282
"12699","2021-2022","NORTH DAKOTA","3809000",5,27,32,18,50,0.64
"12700","2021-2022","NORTH DAKOTA","3809130",11,15,26,11,37,0.702702702702703
"12701","2021-2022","NORTH DAKOTA","3809180",16,14,30,13,43,0.697674418604651
"12702","2021-2022","NORTH DAKOTA","3809410",6,26,32,19,51,0.627450980392157
"12703","2021-2022","NORTH DAKOTA","3809570",34,68,102,47,149,0.684563758389262
"12704","2021-2022","NORTH DAKOTA","3809810",0,0,0,0,0,NA
"12705","2021-2022","NORTH DAKOTA","3810180",9,47,56,34,90,0.622222222222222
"12706","2021-2022","NORTH DAKOTA","3810260",1,7,8,3,11,0.727272727272727
"12707","2021-2022","NORTH DAKOTA","3810270",2,86,88,49,137,0.642335766423358
"12708","2021-2022","NORTH DAKOTA","3810500",1,8,9,6,15,0.6
"12709","2021-2022","NORTH DAKOTA","3810600",6,28,34,20,54,0.62962962962963
"12710","2021-2022","NORTH DAKOTA","3810740",5,41,46,14,60,0.766666666666667
"12711","2021-2022","NORTH DAKOTA","3810810",13,43,56,30,86,0.651162790697674
"12712","2021-2022","NORTH DAKOTA","3810860",8,73,81,45,126,0.642857142857143
"12713","2021-2022","NORTH DAKOTA","3810980",0,11,11,11,22,0.5
"12714","2021-2022","NORTH DAKOTA","3811140",20,32,52,20,72,0.722222222222222
"12715","2021-2022","NORTH DAKOTA","3811430",18,65,83,52,135,0.614814814814815
"12716","2021-2022","NORTH DAKOTA","3811540",0,0,0,0,0,NA
"12717","2021-2022","NORTH DAKOTA","3811610",0,14,14,3,17,0.823529411764706
"12718","2021-2022","NORTH DAKOTA","3811700",5,33,38,16,54,0.703703703703704
"12719","2021-2022","NORTH DAKOTA","3811820",64,752,816,614,1430,0.570629370629371
"12720","2021-2022","NORTH DAKOTA","3811850",24,119,143,19,162,0.882716049382716
"12721","2021-2022","NORTH DAKOTA","3811970",0,0,0,0,0,NA
"12722","2021-2022","NORTH DAKOTA","3812000",2,14,16,14,30,0.533333333333333
"12723","2021-2022","NORTH DAKOTA","3812020",9,52,61,24,85,0.717647058823529
"12724","2021-2022","NORTH DAKOTA","3812030",7,5,12,3,15,0.8
"12725","2021-2022","NORTH DAKOTA","3812120",0,0,0,0,0,NA
"12726","2021-2022","NORTH DAKOTA","3812350",14,48,62,25,87,0.71264367816092
"12727","2021-2022","NORTH DAKOTA","3812430",2,35,37,20,57,0.649122807017544
"12728","2021-2022","NORTH DAKOTA","3812540",19,338,357,145,502,0.711155378486056
"12729","2021-2022","NORTH DAKOTA","3812660",18,52,70,22,92,0.760869565217391
"12730","2021-2022","NORTH DAKOTA","3812720",2,7,9,3,12,0.75
"12731","2021-2022","NORTH DAKOTA","3812920",6,56,62,32,94,0.659574468085106
"12732","2021-2022","NORTH DAKOTA","3812930",4,70,74,23,97,0.762886597938144
"12733","2021-2022","NORTH DAKOTA","3812990",0,289,289,125,414,0.698067632850242
"12734","2021-2022","NORTH DAKOTA","3813030",372,1467,1839,1130,2969,0.619400471539239
"12735","2021-2022","NORTH DAKOTA","3813050",16,138,154,57,211,0.729857819905213
"12736","2021-2022","NORTH DAKOTA","3813200",6,19,25,15,40,0.625
"12737","2021-2022","NORTH DAKOTA","3813230",19,28,47,21,68,0.691176470588235
"12738","2021-2022","NORTH DAKOTA","3813400",29,89,118,23,141,0.836879432624113
"12739","2021-2022","NORTH DAKOTA","3813440",5,1,6,6,12,0.5
"12740","2021-2022","NORTH DAKOTA","3813510",21,31,52,15,67,0.776119402985075
"12741","2021-2022","NORTH DAKOTA","3813660",19,109,128,95,223,0.573991031390135
"12742","2021-2022","NORTH DAKOTA","3813710",12,40,52,20,72,0.722222222222222
"12743","2021-2022","NORTH DAKOTA","3813920",69,406,475,120,595,0.798319327731092
"12744","2021-2022","NORTH DAKOTA","3814290",17,44,61,26,87,0.701149425287356
"12745","2021-2022","NORTH DAKOTA","3814340",14,63,77,35,112,0.6875
"12746","2021-2022","NORTH DAKOTA","3814500",7,58,65,56,121,0.537190082644628
"12747","2021-2022","NORTH DAKOTA","3814520",0,55,55,34,89,0.617977528089888
"12748","2021-2022","NORTH DAKOTA","3814940",34,90,124,30,154,0.805194805194805
"12749","2021-2022","NORTH DAKOTA","3815150",22,15,37,11,48,0.770833333333333
"12750","2021-2022","NORTH DAKOTA","3816050",2,56,58,40,98,0.591836734693878
"12751","2021-2022","NORTH DAKOTA","3816090",5,21,26,6,32,0.8125
"12752","2021-2022","NORTH DAKOTA","3816130",12,72,84,69,153,0.549019607843137
"12753","2021-2022","NORTH DAKOTA","3816430",0,8,8,6,14,0.571428571428571
"12754","2021-2022","NORTH DAKOTA","3816470",1,23,24,16,40,0.6
"12755","2021-2022","NORTH DAKOTA","3816510",0,88,88,56,144,0.611111111111111
"12756","2021-2022","NORTH DAKOTA","3816980",0,227,227,128,355,0.63943661971831
"12757","2021-2022","NORTH DAKOTA","3817040",9,60,69,42,111,0.621621621621622
"12758","2021-2022","NORTH DAKOTA","3817130",6,20,26,15,41,0.634146341463415
"12759","2021-2022","NORTH DAKOTA","3817170",41,75,116,52,168,0.69047619047619
"12760","2021-2022","NORTH DAKOTA","3817460",0,356,356,129,485,0.734020618556701
"12761","2021-2022","NORTH DAKOTA","3817570",18,99,117,63,180,0.65
"12762","2021-2022","NORTH DAKOTA","3817670",0,11,11,9,20,0.55
"12763","2021-2022","NORTH DAKOTA","3817760",3,5,8,3,11,0.727272727272727
"12764","2021-2022","NORTH DAKOTA","3817910",11,41,52,30,82,0.634146341463415
"12765","2021-2022","NORTH DAKOTA","3817940",0,0,0,0,0,NA
"12766","2021-2022","NORTH DAKOTA","3818280",5,7,12,6,18,0.666666666666667
"12767","2021-2022","NORTH DAKOTA","3818500",5,17,22,15,37,0.594594594594595
"12768","2021-2022","NORTH DAKOTA","3818600",0,51,51,12,63,0.80952380952381
"12769","2021-2022","NORTH DAKOTA","3818660",1,34,35,22,57,0.614035087719298
"12770","2021-2022","NORTH DAKOTA","3818730",0,68,68,55,123,0.552845528455285
"12771","2021-2022","NORTH DAKOTA","3818850",67,223,290,153,443,0.654627539503386
"12772","2021-2022","NORTH DAKOTA","3819020",43,265,308,215,523,0.588910133843212
"12773","2021-2022","NORTH DAKOTA","3819260",0,221,221,137,358,0.61731843575419
"12774","2021-2022","NORTH DAKOTA","3819290",0,15,15,12,27,0.555555555555556
"12775","2021-2022","NORTH DAKOTA","3819410",295,2208,2503,1428,3931,0.636733655558382
"12776","2021-2022","NORTH DAKOTA","3819470",6,51,57,26,83,0.686746987951807
"12777","2021-2022","NORTH DAKOTA","3819680",20,147,167,12,179,0.932960893854749
"12778","2021-2022","NORTH DAKOTA","3820130",4,7,11,7,18,0.611111111111111
"12779","2021-2022","NORTH DAKOTA","3820190",23,27,50,16,66,0.757575757575758
"12780","2021-2022","NORTH DAKOTA","3820310",4,10,14,9,23,0.608695652173913
"12781","2021-2022","NORTH DAKOTA","3820340",0,9,9,8,17,0.529411764705882
"12782","2021-2022","NORTH DAKOTA","3820400",8,16,24,11,35,0.685714285714286
"12783","2021-2022","NORTHERN MARIANAS","6900002",0,0,0,9366,9366,0
"12784","2021-2022","OHIO","3900001",0,0,0,6,6,0
"12785","2021-2022","OHIO","3900002",0,0,0,3,3,0
"12786","2021-2022","OHIO","3900017",0,0,0,235,235,0
"12787","2021-2022","OHIO","3900019",0,0,0,0,0,NA
"12788","2021-2022","OHIO","3900022",0,0,0,3,3,0
"12789","2021-2022","OHIO","3900025",0,0,0,0,0,NA
"12790","2021-2022","OHIO","3900027",0,0,0,103,103,0
"12791","2021-2022","OHIO","3900029",0,0,0,177,177,0
"12792","2021-2022","OHIO","3900031",0,0,0,550,550,0
"12793","2021-2022","OHIO","3900033",0,0,0,158,158,0
"12794","2021-2022","OHIO","3900036",0,0,0,467,467,0
"12795","2021-2022","OHIO","3900038",0,0,0,32,32,0
"12796","2021-2022","OHIO","3900040",0,0,0,0,0,NA
"12797","2021-2022","OHIO","3900042",0,0,0,0,0,NA
"12798","2021-2022","OHIO","3900043",0,0,0,171,171,0
"12799","2021-2022","OHIO","3900047",0,0,0,72,72,0
"12800","2021-2022","OHIO","3900052",0,0,0,0,0,NA
"12801","2021-2022","OHIO","3900053",0,0,0,234,234,0
"12802","2021-2022","OHIO","3900056",0,0,0,0,0,NA
"12803","2021-2022","OHIO","3900065",0,0,0,101,101,0
"12804","2021-2022","OHIO","3900068",0,0,0,0,0,NA
"12805","2021-2022","OHIO","3900071",0,0,0,64,64,0
"12806","2021-2022","OHIO","3900072",0,0,0,0,0,NA
"12807","2021-2022","OHIO","3900073",0,0,0,196,196,0
"12808","2021-2022","OHIO","3900080",0,0,0,0,0,NA
"12809","2021-2022","OHIO","3900081",0,0,0,0,0,NA
"12810","2021-2022","OHIO","3900083",0,0,0,297,297,0
"12811","2021-2022","OHIO","3900084",0,0,0,109,109,0
"12812","2021-2022","OHIO","3900086",0,0,0,42,42,0
"12813","2021-2022","OHIO","3900094",0,0,0,3,3,0
"12814","2021-2022","OHIO","3900096",0,0,0,30,30,0
"12815","2021-2022","OHIO","3900097",0,0,0,79,79,0
"12816","2021-2022","OHIO","3900098",0,0,0,32,32,0
"12817","2021-2022","OHIO","3900100",0,0,0,99,99,0
"12818","2021-2022","OHIO","3900101",0,0,0,136,136,0
"12819","2021-2022","OHIO","3900102",0,0,0,0,0,NA
"12820","2021-2022","OHIO","3900103",0,0,0,0,0,NA
"12821","2021-2022","OHIO","3900104",0,0,0,0,0,NA
"12822","2021-2022","OHIO","3900105",0,0,0,0,0,NA
"12823","2021-2022","OHIO","3900106",0,0,0,0,0,NA
"12824","2021-2022","OHIO","3900107",0,0,0,176,176,0
"12825","2021-2022","OHIO","3900109",0,0,0,57,57,0
"12826","2021-2022","OHIO","3900113",0,0,0,271,271,0
"12827","2021-2022","OHIO","3900117",0,0,0,3,3,0
"12828","2021-2022","OHIO","3900118",0,0,0,3,3,0
"12829","2021-2022","OHIO","3900119",0,0,0,100,100,0
"12830","2021-2022","OHIO","3900121",0,0,0,0,0,NA
"12831","2021-2022","OHIO","3900123",0,0,0,119,119,0
"12832","2021-2022","OHIO","3900127",0,0,0,3,3,0
"12833","2021-2022","OHIO","3900129",0,0,0,0,0,NA
"12834","2021-2022","OHIO","3900130",0,0,0,351,351,0
"12835","2021-2022","OHIO","3900138",0,0,0,0,0,NA
"12836","2021-2022","OHIO","3900145",0,0,0,0,0,NA
"12837","2021-2022","OHIO","3900146",0,0,0,3,3,0
"12838","2021-2022","OHIO","3900151",0,0,0,3,3,0
"12839","2021-2022","OHIO","3900155",0,0,0,0,0,NA
"12840","2021-2022","OHIO","3900175",0,0,0,62,62,0
"12841","2021-2022","OHIO","3900176",0,0,0,96,96,0
"12842","2021-2022","OHIO","3900177",0,0,0,180,180,0
"12843","2021-2022","OHIO","3900178",0,0,0,75,75,0
"12844","2021-2022","OHIO","3900179",0,0,0,550,550,0
"12845","2021-2022","OHIO","3900180",0,0,0,3,3,0
"12846","2021-2022","OHIO","3900181",0,0,0,214,214,0
"12847","2021-2022","OHIO","3900190",0,0,0,183,183,0
"12848","2021-2022","OHIO","3900192",0,0,0,358,358,0
"12849","2021-2022","OHIO","3900193",0,0,0,0,0,NA
"12850","2021-2022","OHIO","3900194",0,0,0,153,153,0
"12851","2021-2022","OHIO","3900203",0,0,0,3,3,0
"12852","2021-2022","OHIO","3900211",0,0,0,0,0,NA
"12853","2021-2022","OHIO","3900212",0,0,0,106,106,0
"12854","2021-2022","OHIO","3900216",0,0,0,319,319,0
"12855","2021-2022","OHIO","3900223",0,0,0,0,0,NA
"12856","2021-2022","OHIO","3900231",0,0,0,73,73,0
"12857","2021-2022","OHIO","3900233",0,0,0,206,206,0
"12858","2021-2022","OHIO","3900237",0,0,0,0,0,NA
"12859","2021-2022","OHIO","3900241",0,0,0,59,59,0
"12860","2021-2022","OHIO","3900250",0,0,0,3,3,0
"12861","2021-2022","OHIO","3900252",0,0,0,3,3,0
"12862","2021-2022","OHIO","3900276",0,0,0,3,3,0
"12863","2021-2022","OHIO","3900277",0,0,0,135,135,0
"12864","2021-2022","OHIO","3900279",0,0,0,61,61,0
"12865","2021-2022","OHIO","3900285",0,0,0,3,3,0
"12866","2021-2022","OHIO","3900286",0,0,0,106,106,0
"12867","2021-2022","OHIO","3900291",0,0,0,70,70,0
"12868","2021-2022","OHIO","3900299",0,0,0,390,390,0
"12869","2021-2022","OHIO","3900302",0,0,0,374,374,0
"12870","2021-2022","OHIO","3900304",0,0,0,0,0,NA
"12871","2021-2022","OHIO","3900305",0,0,0,316,316,0
"12872","2021-2022","OHIO","3900306",0,0,0,266,266,0
"12873","2021-2022","OHIO","3900307",0,0,0,0,0,NA
"12874","2021-2022","OHIO","3900308",0,0,0,468,468,0
"12875","2021-2022","OHIO","3900309",0,0,0,243,243,0
"12876","2021-2022","OHIO","3900313",0,0,0,165,165,0
"12877","2021-2022","OHIO","3900314",0,0,0,0,0,NA
"12878","2021-2022","OHIO","3900315",0,0,0,461,461,0
"12879","2021-2022","OHIO","3900331",0,0,0,25,25,0
"12880","2021-2022","OHIO","3900337",0,0,0,0,0,NA
"12881","2021-2022","OHIO","3900338",0,0,0,49,49,0
"12882","2021-2022","OHIO","3900339",0,0,0,22,22,0
"12883","2021-2022","OHIO","3900341",0,0,0,115,115,0
"12884","2021-2022","OHIO","3900342",0,0,0,27,27,0
"12885","2021-2022","OHIO","3900344",0,0,0,61,61,0
"12886","2021-2022","OHIO","3900348",0,0,0,57,57,0
"12887","2021-2022","OHIO","3900350",0,0,0,130,130,0
"12888","2021-2022","OHIO","3900356",0,0,0,28,28,0
"12889","2021-2022","OHIO","3900361",0,0,0,47,47,0
"12890","2021-2022","OHIO","3900366",0,0,0,3,3,0
"12891","2021-2022","OHIO","3900381",0,0,0,84,84,0
"12892","2021-2022","OHIO","3900383",0,0,0,3,3,0
"12893","2021-2022","OHIO","3900385",0,0,0,0,0,NA
"12894","2021-2022","OHIO","3900396",0,0,0,387,387,0
"12895","2021-2022","OHIO","3900399",0,0,0,158,158,0
"12896","2021-2022","OHIO","3900428",0,0,0,0,0,NA
"12897","2021-2022","OHIO","3900434",0,0,0,51,51,0
"12898","2021-2022","OHIO","3900435",0,0,0,73,73,0
"12899","2021-2022","OHIO","3900441",0,0,0,84,84,0
"12900","2021-2022","OHIO","3900444",0,0,0,97,97,0
"12901","2021-2022","OHIO","3900448",0,0,0,56,56,0
"12902","2021-2022","OHIO","3900451",0,0,0,236,236,0
"12903","2021-2022","OHIO","3900454",0,0,0,177,177,0
"12904","2021-2022","OHIO","3900457",0,0,0,343,343,0
"12905","2021-2022","OHIO","3900467",0,0,0,365,365,0
"12906","2021-2022","OHIO","3900470",0,0,0,193,193,0
"12907","2021-2022","OHIO","3900474",0,0,0,301,301,0
"12908","2021-2022","OHIO","3900478",0,0,0,27,27,0
"12909","2021-2022","OHIO","3900488",0,0,0,3,3,0
"12910","2021-2022","OHIO","3900490",0,0,0,3,3,0
"12911","2021-2022","OHIO","3900492",0,0,0,33,33,0
"12912","2021-2022","OHIO","3900493",0,0,0,63,63,0
"12913","2021-2022","OHIO","3900494",0,0,0,27,27,0
"12914","2021-2022","OHIO","3900495",0,0,0,42,42,0
"12915","2021-2022","OHIO","3900496",0,0,0,69,69,0
"12916","2021-2022","OHIO","3900497",0,0,0,62,62,0
"12917","2021-2022","OHIO","3900498",0,0,0,83,83,0
"12918","2021-2022","OHIO","3900500",0,0,0,86,86,0
"12919","2021-2022","OHIO","3900501",0,0,0,48,48,0
"12920","2021-2022","OHIO","3900502",0,0,0,0,0,NA
"12921","2021-2022","OHIO","3900503",0,0,0,0,0,NA
"12922","2021-2022","OHIO","3900505",0,0,0,0,0,NA
"12923","2021-2022","OHIO","3900506",0,0,0,159,159,0
"12924","2021-2022","OHIO","3900507",0,0,0,71,71,0
"12925","2021-2022","OHIO","3900508",0,0,0,0,0,NA
"12926","2021-2022","OHIO","3900510",0,0,0,313,313,0
"12927","2021-2022","OHIO","3900528",0,0,0,3,3,0
"12928","2021-2022","OHIO","3900530",0,0,0,3,3,0
"12929","2021-2022","OHIO","3900537",0,0,0,328,328,0
"12930","2021-2022","OHIO","3900550",0,0,0,143,143,0
"12931","2021-2022","OHIO","3900551",0,0,0,131,131,0
"12932","2021-2022","OHIO","3900552",0,0,0,105,105,0
"12933","2021-2022","OHIO","3900562",0,0,0,3,3,0
"12934","2021-2022","OHIO","3900564",0,0,0,124,124,0
"12935","2021-2022","OHIO","3900567",0,0,0,69,69,0
"12936","2021-2022","OHIO","3900573",0,0,0,105,105,0
"12937","2021-2022","OHIO","3900574",0,0,0,179,179,0
"12938","2021-2022","OHIO","3900575",0,0,0,0,0,NA
"12939","2021-2022","OHIO","3900580",0,0,0,154,154,0
"12940","2021-2022","OHIO","3900584",0,0,0,223,223,0
"12941","2021-2022","OHIO","3900586",0,0,0,0,0,NA
"12942","2021-2022","OHIO","3900587",0,0,0,420,420,0
"12943","2021-2022","OHIO","3900593",0,0,0,54,54,0
"12944","2021-2022","OHIO","3900594",0,0,0,179,179,0
"12945","2021-2022","OHIO","3900638",0,0,0,0,0,NA
"12946","2021-2022","OHIO","3900640",0,0,0,180,180,0
"12947","2021-2022","OHIO","3900641",0,0,0,0,0,NA
"12948","2021-2022","OHIO","3900642",0,0,0,71,71,0
"12949","2021-2022","OHIO","3900643",0,0,0,40,40,0
"12950","2021-2022","OHIO","3900644",0,0,0,111,111,0
"12951","2021-2022","OHIO","3900645",0,0,0,0,0,NA
"12952","2021-2022","OHIO","3900646",0,0,0,0,0,NA
"12953","2021-2022","OHIO","3900647",0,0,0,3,3,0
"12954","2021-2022","OHIO","3901301",0,0,0,328,328,0
"12955","2021-2022","OHIO","3901302",0,0,0,0,0,NA
"12956","2021-2022","OHIO","3901305",0,0,0,110,110,0
"12957","2021-2022","OHIO","3901313",0,0,0,81,81,0
"12958","2021-2022","OHIO","3901314",0,0,0,92,92,0
"12959","2021-2022","OHIO","3901322",0,0,0,0,0,NA
"12960","2021-2022","OHIO","3901326",0,0,0,0,0,NA
"12961","2021-2022","OHIO","3901329",0,0,0,95,95,0
"12962","2021-2022","OHIO","3901330",0,0,0,976,976,0
"12963","2021-2022","OHIO","3901335",0,0,0,211,211,0
"12964","2021-2022","OHIO","3901337",0,0,0,0,0,NA
"12965","2021-2022","OHIO","3901339",0,0,0,191,191,0
"12966","2021-2022","OHIO","3901344",0,0,0,0,0,NA
"12967","2021-2022","OHIO","3901346",0,0,0,448,448,0
"12968","2021-2022","OHIO","3901347",0,0,0,328,328,0
"12969","2021-2022","OHIO","3901350",0,0,0,0,0,NA
"12970","2021-2022","OHIO","3901353",0,0,0,0,0,NA
"12971","2021-2022","OHIO","3901354",0,0,0,61,61,0
"12972","2021-2022","OHIO","3901362",0,0,0,75,75,0
"12973","2021-2022","OHIO","3901363",0,0,0,3,3,0
"12974","2021-2022","OHIO","3901365",0,0,0,385,385,0
"12975","2021-2022","OHIO","3901366",0,0,0,0,0,NA
"12976","2021-2022","OHIO","3901368",0,0,0,418,418,0
"12977","2021-2022","OHIO","3901369",0,0,0,3,3,0
"12978","2021-2022","OHIO","3901370",0,0,0,145,145,0
"12979","2021-2022","OHIO","3901374",0,0,0,0,0,NA
"12980","2021-2022","OHIO","3901375",0,0,0,3,3,0
"12981","2021-2022","OHIO","3901376",0,0,0,167,167,0
"12982","2021-2022","OHIO","3901377",0,0,0,25,25,0
"12983","2021-2022","OHIO","3901378",0,0,0,3,3,0
"12984","2021-2022","OHIO","3901381",0,0,0,0,0,NA
"12985","2021-2022","OHIO","3901382",0,0,0,0,0,NA
"12986","2021-2022","OHIO","3901383",0,0,0,138,138,0
"12987","2021-2022","OHIO","3901389",0,0,0,251,251,0
"12988","2021-2022","OHIO","3901396",0,0,0,181,181,0
"12989","2021-2022","OHIO","3901397",0,0,0,151,151,0
"12990","2021-2022","OHIO","3901398",0,0,0,0,0,NA
"12991","2021-2022","OHIO","3901403",0,0,0,0,0,NA
"12992","2021-2022","OHIO","3901405",0,0,0,105,105,0
"12993","2021-2022","OHIO","3901407",0,0,0,3,3,0
"12994","2021-2022","OHIO","3901409",0,0,0,141,141,0
"12995","2021-2022","OHIO","3901410",0,0,0,111,111,0
"12996","2021-2022","OHIO","3901411",0,0,0,99,99,0
"12997","2021-2022","OHIO","3901412",0,0,0,3,3,0
"12998","2021-2022","OHIO","3901413",0,0,0,77,77,0
"12999","2021-2022","OHIO","3901414",0,0,0,3,3,0
"13000","2021-2022","OHIO","3901415",0,0,0,97,97,0
"13001","2021-2022","OHIO","3901416",0,0,0,56,56,0
"13002","2021-2022","OHIO","3901417",0,0,0,0,0,NA
"13003","2021-2022","OHIO","3901420",0,0,0,0,0,NA
"13004","2021-2022","OHIO","3901427",0,0,0,141,141,0
"13005","2021-2022","OHIO","3901428",0,0,0,65,65,0
"13006","2021-2022","OHIO","3901429",0,0,0,0,0,NA
"13007","2021-2022","OHIO","3901430",0,0,0,175,175,0
"13008","2021-2022","OHIO","3901432",0,0,0,0,0,NA
"13009","2021-2022","OHIO","3901433",0,0,0,0,0,NA
"13010","2021-2022","OHIO","3901434",0,0,0,200,200,0
"13011","2021-2022","OHIO","3901444",0,0,0,75,75,0
"13012","2021-2022","OHIO","3901450",0,0,0,3,3,0
"13013","2021-2022","OHIO","3901451",0,0,0,89,89,0
"13014","2021-2022","OHIO","3901454",0,0,0,108,108,0
"13015","2021-2022","OHIO","3901457",0,0,0,155,155,0
"13016","2021-2022","OHIO","3901463",0,0,0,0,0,NA
"13017","2021-2022","OHIO","3901465",0,0,0,0,0,NA
"13018","2021-2022","OHIO","3901470",0,0,0,133,133,0
"13019","2021-2022","OHIO","3901472",0,0,0,151,151,0
"13020","2021-2022","OHIO","3901473",0,0,0,0,0,NA
"13021","2021-2022","OHIO","3901475",0,0,0,165,165,0
"13022","2021-2022","OHIO","3901478",0,0,0,146,146,0
"13023","2021-2022","OHIO","3901480",0,0,0,78,78,0
"13024","2021-2022","OHIO","3901482",0,0,0,137,137,0
"13025","2021-2022","OHIO","3901487",0,0,0,149,149,0
"13026","2021-2022","OHIO","3901488",0,0,0,78,78,0
"13027","2021-2022","OHIO","3901490",0,0,0,0,0,NA
"13028","2021-2022","OHIO","3901496",0,0,0,78,78,0
"13029","2021-2022","OHIO","3901498",0,0,0,152,152,0
"13030","2021-2022","OHIO","3901499",0,0,0,182,182,0
"13031","2021-2022","OHIO","3901502",0,0,0,63,63,0
"13032","2021-2022","OHIO","3901503",0,0,0,125,125,0
"13033","2021-2022","OHIO","3901505",0,0,0,430,430,0
"13034","2021-2022","OHIO","3901508",0,0,0,0,0,NA
"13035","2021-2022","OHIO","3901511",0,0,0,106,106,0
"13036","2021-2022","OHIO","3901512",0,0,0,0,0,NA
"13037","2021-2022","OHIO","3901514",0,0,0,142,142,0
"13038","2021-2022","OHIO","3901516",0,0,0,149,149,0
"13039","2021-2022","OHIO","3901520",0,0,0,3,3,0
"13040","2021-2022","OHIO","3901521",0,0,0,140,140,0
"13041","2021-2022","OHIO","3901526",0,0,0,213,213,0
"13042","2021-2022","OHIO","3901529",0,0,0,185,185,0
"13043","2021-2022","OHIO","3901530",0,0,0,34,34,0
"13044","2021-2022","OHIO","3901535",0,0,0,0,0,NA
"13045","2021-2022","OHIO","3901536",0,0,0,61,61,0
"13046","2021-2022","OHIO","3901539",0,0,0,3,3,0
"13047","2021-2022","OHIO","3901543",0,0,0,169,169,0
"13048","2021-2022","OHIO","3901545",0,0,0,249,249,0
"13049","2021-2022","OHIO","3901549",0,0,0,89,89,0
"13050","2021-2022","OHIO","3901550",0,0,0,170,170,0
"13051","2021-2022","OHIO","3901551",0,0,0,3,3,0
"13052","2021-2022","OHIO","3901554",0,0,0,144,144,0
"13053","2021-2022","OHIO","3901555",0,0,0,107,107,0
"13054","2021-2022","OHIO","3901564",0,0,0,102,102,0
"13055","2021-2022","OHIO","3901565",0,0,0,3,3,0
"13056","2021-2022","OHIO","3901566",0,0,0,21,21,0
"13057","2021-2022","OHIO","3901567",0,0,0,91,91,0
"13058","2021-2022","OHIO","3901568",0,0,0,50,50,0
"13059","2021-2022","OHIO","3901570",0,0,0,318,318,0
"13060","2021-2022","OHIO","3901574",0,0,0,123,123,0
"13061","2021-2022","OHIO","3901575",0,0,0,3,3,0
"13062","2021-2022","OHIO","3901576",0,0,0,101,101,0
"13063","2021-2022","OHIO","3901577",0,0,0,3,3,0
"13064","2021-2022","OHIO","3901581",0,0,0,328,328,0
"13065","2021-2022","OHIO","3901582",0,0,0,74,74,0
"13066","2021-2022","OHIO","3901583",0,0,0,3,3,0
"13067","2021-2022","OHIO","3901584",0,0,0,106,106,0
"13068","2021-2022","OHIO","3901585",0,0,0,0,0,NA
"13069","2021-2022","OHIO","3901586",0,0,0,179,179,0
"13070","2021-2022","OHIO","3901587",0,0,0,42,42,0
"13071","2021-2022","OHIO","3901588",0,0,0,0,0,NA
"13072","2021-2022","OHIO","3901590",0,0,0,85,85,0
"13073","2021-2022","OHIO","3901591",0,0,0,110,110,0
"13074","2021-2022","OHIO","3901592",0,0,0,210,210,0
"13075","2021-2022","OHIO","3901593",0,0,0,129,129,0
"13076","2021-2022","OHIO","3901594",0,0,0,318,318,0
"13077","2021-2022","OHIO","3901595",0,0,0,105,105,0
"13078","2021-2022","OHIO","3901596",0,0,0,112,112,0
"13079","2021-2022","OHIO","3901597",0,0,0,80,80,0
"13080","2021-2022","OHIO","3901599",0,0,0,3,3,0
"13081","2021-2022","OHIO","3901600",0,0,0,0,0,NA
"13082","2021-2022","OHIO","3901601",0,0,0,0,0,NA
"13083","2021-2022","OHIO","3901602",0,0,0,3,3,0
"13084","2021-2022","OHIO","3901603",0,0,0,133,133,0
"13085","2021-2022","OHIO","3901604",0,0,0,133,133,0
"13086","2021-2022","OHIO","3901605",0,0,0,219,219,0
"13087","2021-2022","OHIO","3901606",0,0,0,0,0,NA
"13088","2021-2022","OHIO","3901608",0,0,0,201,201,0
"13089","2021-2022","OHIO","3901609",0,0,0,117,117,0
"13090","2021-2022","OHIO","3901610",0,0,0,106,106,0
"13091","2021-2022","OHIO","3901611",0,0,0,127,127,0
"13092","2021-2022","OHIO","3901612",0,0,0,56,56,0
"13093","2021-2022","OHIO","3901613",0,0,0,3,3,0
"13094","2021-2022","OHIO","3901614",0,0,0,97,97,0
"13095","2021-2022","OHIO","3901615",0,0,0,3,3,0
"13096","2021-2022","OHIO","3901616",0,0,0,3,3,0
"13097","2021-2022","OHIO","3901617",0,0,0,0,0,NA
"13098","2021-2022","OHIO","3901618",0,0,0,0,0,NA
"13099","2021-2022","OHIO","3901619",0,0,0,3,3,0
"13100","2021-2022","OHIO","3901620",0,0,0,3,3,0
"13101","2021-2022","OHIO","3901621",0,0,0,0,0,NA
"13102","2021-2022","OHIO","3901622",0,0,0,0,0,NA
"13103","2021-2022","OHIO","3901623",0,0,0,0,0,NA
"13104","2021-2022","OHIO","3901624",0,0,0,0,0,NA
"13105","2021-2022","OHIO","3901625",0,0,0,3,3,0
"13106","2021-2022","OHIO","3901626",0,0,0,212,212,0
"13107","2021-2022","OHIO","3901627",0,0,0,0,0,NA
"13108","2021-2022","OHIO","3901628",0,0,0,206,206,0
"13109","2021-2022","OHIO","3901629",0,0,0,57,57,0
"13110","2021-2022","OHIO","3901630",0,0,0,0,0,NA
"13111","2021-2022","OHIO","3901631",0,0,0,0,0,NA
"13112","2021-2022","OHIO","3901632",0,0,0,0,0,NA
"13113","2021-2022","OHIO","3901633",0,0,0,0,0,NA
"13114","2021-2022","OHIO","3901634",0,0,0,0,0,NA
"13115","2021-2022","OHIO","3901635",0,0,0,3,3,0
"13116","2021-2022","OHIO","3901636",0,0,0,3,3,0
"13117","2021-2022","OHIO","3901637",0,0,0,3,3,0
"13118","2021-2022","OHIO","3901638",0,0,0,3,3,0
"13119","2021-2022","OHIO","3901639",0,0,0,3,3,0
"13120","2021-2022","OHIO","3904348",0,0,0,12013,12013,0
"13121","2021-2022","OHIO","3904349",0,0,0,1383,1383,0
"13122","2021-2022","OHIO","3904350",0,0,0,0,0,NA
"13123","2021-2022","OHIO","3904351",0,0,0,1681,1681,0
"13124","2021-2022","OHIO","3904352",0,0,0,0,0,NA
"13125","2021-2022","OHIO","3904353",0,0,0,6,6,0
"13126","2021-2022","OHIO","3904354",0,0,0,3,3,0
"13127","2021-2022","OHIO","3904355",0,0,0,0,0,NA
"13128","2021-2022","OHIO","3904357",0,0,0,0,0,NA
"13129","2021-2022","OHIO","3904358",0,0,0,0,0,NA
"13130","2021-2022","OHIO","3904359",0,0,0,0,0,NA
"13131","2021-2022","OHIO","3904360",0,0,0,6,6,0
"13132","2021-2022","OHIO","3904361",0,0,0,3,3,0
"13133","2021-2022","OHIO","3904362",0,0,0,6,6,0
"13134","2021-2022","OHIO","3904363",0,0,0,128,128,0
"13135","2021-2022","OHIO","3904364",0,0,0,3,3,0
"13136","2021-2022","OHIO","3904365",0,0,0,3,3,0
"13137","2021-2022","OHIO","3904366",0,0,0,6,6,0
"13138","2021-2022","OHIO","3904367",0,0,0,0,0,NA
"13139","2021-2022","OHIO","3904368",0,0,0,3,3,0
"13140","2021-2022","OHIO","3904369",0,0,0,212,212,0
"13141","2021-2022","OHIO","3904370",0,0,0,718,718,0
"13142","2021-2022","OHIO","3904371",0,0,0,4700,4700,0
"13143","2021-2022","OHIO","3904373",0,0,0,0,0,NA
"13144","2021-2022","OHIO","3904374",0,0,0,1317,1317,0
"13145","2021-2022","OHIO","3904375",0,0,0,15193,15193,0
"13146","2021-2022","OHIO","3904376",0,0,0,724,724,0
"13147","2021-2022","OHIO","3904377",0,0,0,810,810,0
"13148","2021-2022","OHIO","3904378",0,0,0,25755,25755,0
"13149","2021-2022","OHIO","3904379",0,0,0,2198,2198,0
"13150","2021-2022","OHIO","3904380",0,0,0,24233,24233,0
"13151","2021-2022","OHIO","3904381",0,0,0,3,3,0
"13152","2021-2022","OHIO","3904382",0,0,0,753,753,0
"13153","2021-2022","OHIO","3904383",0,0,0,3,3,0
"13154","2021-2022","OHIO","3904384",0,0,0,7735,7735,0
"13155","2021-2022","OHIO","3904385",0,0,0,0,0,NA
"13156","2021-2022","OHIO","3904386",0,0,0,0,0,NA
"13157","2021-2022","OHIO","3904387",0,0,0,0,0,NA
"13158","2021-2022","OHIO","3904388",0,0,0,3,3,0
"13159","2021-2022","OHIO","3904389",0,0,0,0,0,NA
"13160","2021-2022","OHIO","3904390",0,0,0,873,873,0
"13161","2021-2022","OHIO","3904391",0,0,0,1027,1027,0
"13162","2021-2022","OHIO","3904392",0,0,0,0,0,NA
"13163","2021-2022","OHIO","3904393",0,0,0,0,0,NA
"13164","2021-2022","OHIO","3904394",0,0,0,0,0,NA
"13165","2021-2022","OHIO","3904395",0,0,0,2279,2279,0
"13166","2021-2022","OHIO","3904396",0,0,0,979,979,0
"13167","2021-2022","OHIO","3904397",0,0,0,0,0,NA
"13168","2021-2022","OHIO","3904399",0,0,0,0,0,NA
"13169","2021-2022","OHIO","3904400",0,0,0,0,0,NA
"13170","2021-2022","OHIO","3904401",0,0,0,780,780,0
"13171","2021-2022","OHIO","3904402",0,0,0,0,0,NA
"13172","2021-2022","OHIO","3904403",0,0,0,0,0,NA
"13173","2021-2022","OHIO","3904404",0,0,0,1708,1708,0
"13174","2021-2022","OHIO","3904405",0,0,0,3,3,0
"13175","2021-2022","OHIO","3904406",0,0,0,6,6,0
"13176","2021-2022","OHIO","3904407",0,0,0,3,3,0
"13177","2021-2022","OHIO","3904408",0,0,0,0,0,NA
"13178","2021-2022","OHIO","3904409",0,0,0,0,0,NA
"13179","2021-2022","OHIO","3904410",0,0,0,4390,4390,0
"13180","2021-2022","OHIO","3904411",0,0,0,0,0,NA
"13181","2021-2022","OHIO","3904412",0,0,0,9,9,0
"13182","2021-2022","OHIO","3904413",0,0,0,0,0,NA
"13183","2021-2022","OHIO","3904414",0,0,0,559,559,0
"13184","2021-2022","OHIO","3904415",0,0,0,0,0,NA
"13185","2021-2022","OHIO","3904416",0,0,0,0,0,NA
"13186","2021-2022","OHIO","3904418",0,0,0,6,6,0
"13187","2021-2022","OHIO","3904419",0,0,0,6,6,0
"13188","2021-2022","OHIO","3904420",0,0,0,6,6,0
"13189","2021-2022","OHIO","3904421",0,0,0,0,0,NA
"13190","2021-2022","OHIO","3904422",0,0,0,2382,2382,0
"13191","2021-2022","OHIO","3904423",0,0,0,6,6,0
"13192","2021-2022","OHIO","3904424",0,0,0,1585,1585,0
"13193","2021-2022","OHIO","3904425",0,0,0,3,3,0
"13194","2021-2022","OHIO","3904426",0,0,0,3407,3407,0
"13195","2021-2022","OHIO","3904427",0,0,0,0,0,NA
"13196","2021-2022","OHIO","3904428",0,0,0,3,3,0
"13197","2021-2022","OHIO","3904429",0,0,0,2037,2037,0
"13198","2021-2022","OHIO","3904430",0,0,0,1911,1911,0
"13199","2021-2022","OHIO","3904431",0,0,0,0,0,NA
"13200","2021-2022","OHIO","3904433",0,0,0,2610,2610,0
"13201","2021-2022","OHIO","3904434",0,0,0,3,3,0
"13202","2021-2022","OHIO","3904435",0,0,0,1732,1732,0
"13203","2021-2022","OHIO","3904436",0,0,0,0,0,NA
"13204","2021-2022","OHIO","3904437",0,0,0,3,3,0
"13205","2021-2022","OHIO","3904438",0,0,0,6,6,0
"13206","2021-2022","OHIO","3904439",0,0,0,3,3,0
"13207","2021-2022","OHIO","3904440",0,0,0,3569,3569,0
"13208","2021-2022","OHIO","3904441",0,0,0,1873,1873,0
"13209","2021-2022","OHIO","3904443",0,0,0,0,0,NA
"13210","2021-2022","OHIO","3904444",0,0,0,554,554,0
"13211","2021-2022","OHIO","3904445",0,0,0,9,9,0
"13212","2021-2022","OHIO","3904446",0,0,0,217,217,0
"13213","2021-2022","OHIO","3904447",0,0,0,661,661,0
"13214","2021-2022","OHIO","3904448",0,0,0,6,6,0
"13215","2021-2022","OHIO","3904449",0,0,0,527,527,0
"13216","2021-2022","OHIO","3904450",0,0,0,3,3,0
"13217","2021-2022","OHIO","3904451",0,0,0,808,808,0
"13218","2021-2022","OHIO","3904452",0,0,0,0,0,NA
"13219","2021-2022","OHIO","3904453",0,0,0,3,3,0
"13220","2021-2022","OHIO","3904454",0,0,0,0,0,NA
"13221","2021-2022","OHIO","3904455",0,0,0,0,0,NA
"13222","2021-2022","OHIO","3904456",0,0,0,0,0,NA
"13223","2021-2022","OHIO","3904457",0,0,0,576,576,0
"13224","2021-2022","OHIO","3904458",0,0,0,3,3,0
"13225","2021-2022","OHIO","3904459",0,0,0,85,85,0
"13226","2021-2022","OHIO","3904460",0,0,0,3,3,0
"13227","2021-2022","OHIO","3904461",0,0,0,3,3,0
"13228","2021-2022","OHIO","3904463",0,0,0,3,3,0
"13229","2021-2022","OHIO","3904464",0,0,0,6,6,0
"13230","2021-2022","OHIO","3904465",0,0,0,3,3,0
"13231","2021-2022","OHIO","3904467",0,0,0,386,386,0
"13232","2021-2022","OHIO","3904468",0,0,0,985,985,0
"13233","2021-2022","OHIO","3904469",0,0,0,0,0,NA
"13234","2021-2022","OHIO","3904470",0,0,0,3,3,0
"13235","2021-2022","OHIO","3904471",0,0,0,0,0,NA
"13236","2021-2022","OHIO","3904472",0,0,0,3,3,0
"13237","2021-2022","OHIO","3904474",0,0,0,1088,1088,0
"13238","2021-2022","OHIO","3904475",0,0,0,0,0,NA
"13239","2021-2022","OHIO","3904476",0,0,0,0,0,NA
"13240","2021-2022","OHIO","3904479",0,0,0,0,0,NA
"13241","2021-2022","OHIO","3904480",0,0,0,12,12,0
"13242","2021-2022","OHIO","3904481",0,0,0,4763,4763,0
"13243","2021-2022","OHIO","3904482",0,0,0,1503,1503,0
"13244","2021-2022","OHIO","3904483",0,0,0,3,3,0
"13245","2021-2022","OHIO","3904484",0,0,0,6,6,0
"13246","2021-2022","OHIO","3904485",0,0,0,3,3,0
"13247","2021-2022","OHIO","3904486",0,0,0,0,0,NA
"13248","2021-2022","OHIO","3904487",0,0,0,3,3,0
"13249","2021-2022","OHIO","3904488",0,0,0,3,3,0
"13250","2021-2022","OHIO","3904489",0,0,0,0,0,NA
"13251","2021-2022","OHIO","3904490",0,0,0,10360,10360,0
"13252","2021-2022","OHIO","3904491",0,0,0,3,3,0
"13253","2021-2022","OHIO","3904492",0,0,0,3,3,0
"13254","2021-2022","OHIO","3904493",0,0,0,6,6,0
"13255","2021-2022","OHIO","3904494",0,0,0,0,0,NA
"13256","2021-2022","OHIO","3904495",0,0,0,3,3,0
"13257","2021-2022","OHIO","3904498",0,0,0,3,3,0
"13258","2021-2022","OHIO","3904499",0,0,0,3148,3148,0
"13259","2021-2022","OHIO","3904500",0,0,0,712,712,0
"13260","2021-2022","OHIO","3904502",0,0,0,637,637,0
"13261","2021-2022","OHIO","3904503",0,0,0,331,331,0
"13262","2021-2022","OHIO","3904504",0,0,0,3,3,0
"13263","2021-2022","OHIO","3904505",0,0,0,0,0,NA
"13264","2021-2022","OHIO","3904506",0,0,0,0,0,NA
"13265","2021-2022","OHIO","3904507",0,0,0,1345,1345,0
"13266","2021-2022","OHIO","3904508",0,0,0,3,3,0
"13267","2021-2022","OHIO","3904509",0,0,0,0,0,NA
"13268","2021-2022","OHIO","3904510",0,0,0,9,9,0
"13269","2021-2022","OHIO","3904511",0,0,0,3,3,0
"13270","2021-2022","OHIO","3904513",0,0,0,9,9,0
"13271","2021-2022","OHIO","3904514",0,0,0,0,0,NA
"13272","2021-2022","OHIO","3904515",0,0,0,1198,1198,0
"13273","2021-2022","OHIO","3904516",0,0,0,2808,2808,0
"13274","2021-2022","OHIO","3904517",0,0,0,1995,1995,0
"13275","2021-2022","OHIO","3904518",0,0,0,3,3,0
"13276","2021-2022","OHIO","3904519",0,0,0,0,0,NA
"13277","2021-2022","OHIO","3904520",0,0,0,0,0,NA
"13278","2021-2022","OHIO","3904521",0,0,0,3,3,0
"13279","2021-2022","OHIO","3904522",0,0,0,3,3,0
"13280","2021-2022","OHIO","3904523",0,0,0,6,6,0
"13281","2021-2022","OHIO","3904524",0,0,0,0,0,NA
"13282","2021-2022","OHIO","3904525",0,0,0,0,0,NA
"13283","2021-2022","OHIO","3904526",0,0,0,0,0,NA
"13284","2021-2022","OHIO","3904527",0,0,0,0,0,NA
"13285","2021-2022","OHIO","3904528",0,0,0,0,0,NA
"13286","2021-2022","OHIO","3904529",0,0,0,0,0,NA
"13287","2021-2022","OHIO","3904531",0,0,0,6,6,0
"13288","2021-2022","OHIO","3904532",0,0,0,0,0,NA
"13289","2021-2022","OHIO","3904533",0,0,0,6,6,0
"13290","2021-2022","OHIO","3904535",0,0,0,429,429,0
"13291","2021-2022","OHIO","3904536",0,0,0,0,0,NA
"13292","2021-2022","OHIO","3904537",0,0,0,0,0,NA
"13293","2021-2022","OHIO","3904538",0,0,0,3,3,0
"13294","2021-2022","OHIO","3904539",0,0,0,3,3,0
"13295","2021-2022","OHIO","3904540",0,0,0,0,0,NA
"13296","2021-2022","OHIO","3904541",0,0,0,6,6,0
"13297","2021-2022","OHIO","3904542",0,0,0,0,0,NA
"13298","2021-2022","OHIO","3904543",0,0,0,3,3,0
"13299","2021-2022","OHIO","3904545",0,0,0,168,168,0
"13300","2021-2022","OHIO","3904546",0,0,0,0,0,NA
"13301","2021-2022","OHIO","3904547",0,0,0,0,0,NA
"13302","2021-2022","OHIO","3904548",0,0,0,6,6,0
"13303","2021-2022","OHIO","3904549",0,0,0,12,12,0
"13304","2021-2022","OHIO","3904550",0,0,0,3,3,0
"13305","2021-2022","OHIO","3904551",0,0,0,6,6,0
"13306","2021-2022","OHIO","3904552",0,0,0,6,6,0
"13307","2021-2022","OHIO","3904553",0,0,0,0,0,NA
"13308","2021-2022","OHIO","3904554",0,0,0,67,67,0
"13309","2021-2022","OHIO","3904555",0,0,0,0,0,NA
"13310","2021-2022","OHIO","3904556",0,0,0,9,9,0
"13311","2021-2022","OHIO","3904557",0,0,0,3,3,0
"13312","2021-2022","OHIO","3904558",0,0,0,0,0,NA
"13313","2021-2022","OHIO","3904560",0,0,0,3,3,0
"13314","2021-2022","OHIO","3904561",0,0,0,0,0,NA
"13315","2021-2022","OHIO","3904563",0,0,0,6,6,0
"13316","2021-2022","OHIO","3904564",0,0,0,3,3,0
"13317","2021-2022","OHIO","3904565",0,0,0,0,0,NA
"13318","2021-2022","OHIO","3904566",0,0,0,212,212,0
"13319","2021-2022","OHIO","3904567",0,0,0,0,0,NA
"13320","2021-2022","OHIO","3904575",0,0,0,6,6,0
"13321","2021-2022","OHIO","3904576",0,0,0,3,3,0
"13322","2021-2022","OHIO","3904577",0,0,0,0,0,NA
"13323","2021-2022","OHIO","3904578",0,0,0,438,438,0
"13324","2021-2022","OHIO","3904579",0,0,0,0,0,NA
"13325","2021-2022","OHIO","3904580",0,0,0,6,6,0
"13326","2021-2022","OHIO","3904582",0,0,0,0,0,NA
"13327","2021-2022","OHIO","3904583",0,0,0,3,3,0
"13328","2021-2022","OHIO","3904585",0,0,0,3,3,0
"13329","2021-2022","OHIO","3904586",0,0,0,3,3,0
"13330","2021-2022","OHIO","3904587",0,0,0,3,3,0
"13331","2021-2022","OHIO","3904588",0,0,0,203,203,0
"13332","2021-2022","OHIO","3904590",0,0,0,3,3,0
"13333","2021-2022","OHIO","3904591",0,0,0,476,476,0
"13334","2021-2022","OHIO","3904592",0,0,0,388,388,0
"13335","2021-2022","OHIO","3904594",0,0,0,0,0,NA
"13336","2021-2022","OHIO","3904595",0,0,0,3,3,0
"13337","2021-2022","OHIO","3904596",0,0,0,3,3,0
"13338","2021-2022","OHIO","3904597",0,0,0,3,3,0
"13339","2021-2022","OHIO","3904599",0,0,0,3,3,0
"13340","2021-2022","OHIO","3904600",0,0,0,3,3,0
"13341","2021-2022","OHIO","3904601",0,0,0,0,0,NA
"13342","2021-2022","OHIO","3904603",0,0,0,0,0,NA
"13343","2021-2022","OHIO","3904604",0,0,0,3,3,0
"13344","2021-2022","OHIO","3904606",0,0,0,0,0,NA
"13345","2021-2022","OHIO","3904607",0,0,0,257,257,0
"13346","2021-2022","OHIO","3904609",0,0,0,0,0,NA
"13347","2021-2022","OHIO","3904610",0,0,0,0,0,NA
"13348","2021-2022","OHIO","3904611",0,0,0,3,3,0
"13349","2021-2022","OHIO","3904612",0,0,0,3,3,0
"13350","2021-2022","OHIO","3904613",0,0,0,307,307,0
"13351","2021-2022","OHIO","3904614",0,0,0,3,3,0
"13352","2021-2022","OHIO","3904615",0,0,0,0,0,NA
"13353","2021-2022","OHIO","3904617",0,0,0,6,6,0
"13354","2021-2022","OHIO","3904619",0,0,0,0,0,NA
"13355","2021-2022","OHIO","3904620",0,0,0,0,0,NA
"13356","2021-2022","OHIO","3904621",0,0,0,3,3,0
"13357","2021-2022","OHIO","3904623",0,0,0,3,3,0
"13358","2021-2022","OHIO","3904624",0,0,0,0,0,NA
"13359","2021-2022","OHIO","3904625",0,0,0,6,6,0
"13360","2021-2022","OHIO","3904626",0,0,0,0,0,NA
"13361","2021-2022","OHIO","3904627",0,0,0,3,3,0
"13362","2021-2022","OHIO","3904628",0,0,0,0,0,NA
"13363","2021-2022","OHIO","3904630",0,0,0,0,0,NA
"13364","2021-2022","OHIO","3904631",0,0,0,0,0,NA
"13365","2021-2022","OHIO","3904632",0,0,0,3,3,0
"13366","2021-2022","OHIO","3904633",0,0,0,0,0,NA
"13367","2021-2022","OHIO","3904634",0,0,0,0,0,NA
"13368","2021-2022","OHIO","3904635",0,0,0,3,3,0
"13369","2021-2022","OHIO","3904636",0,0,0,0,0,NA
"13370","2021-2022","OHIO","3904638",0,0,0,3,3,0
"13371","2021-2022","OHIO","3904639",0,0,0,0,0,NA
"13372","2021-2022","OHIO","3904640",0,0,0,0,0,NA
"13373","2021-2022","OHIO","3904642",0,0,0,6,6,0
"13374","2021-2022","OHIO","3904643",0,0,0,0,0,NA
"13375","2021-2022","OHIO","3904644",0,0,0,425,425,0
"13376","2021-2022","OHIO","3904645",0,0,0,0,0,NA
"13377","2021-2022","OHIO","3904647",0,0,0,3,3,0
"13378","2021-2022","OHIO","3904648",0,0,0,0,0,NA
"13379","2021-2022","OHIO","3904650",0,0,0,9,9,0
"13380","2021-2022","OHIO","3904651",0,0,0,0,0,NA
"13381","2021-2022","OHIO","3904652",0,0,0,3,3,0
"13382","2021-2022","OHIO","3904655",0,0,0,3,3,0
"13383","2021-2022","OHIO","3904656",0,0,0,0,0,NA
"13384","2021-2022","OHIO","3904657",0,0,0,3,3,0
"13385","2021-2022","OHIO","3904659",0,0,0,3,3,0
"13386","2021-2022","OHIO","3904660",0,0,0,3,3,0
"13387","2021-2022","OHIO","3904662",0,0,0,6,6,0
"13388","2021-2022","OHIO","3904663",0,0,0,6,6,0
"13389","2021-2022","OHIO","3904664",0,0,0,3,3,0
"13390","2021-2022","OHIO","3904667",0,0,0,0,0,NA
"13391","2021-2022","OHIO","3904668",0,0,0,0,0,NA
"13392","2021-2022","OHIO","3904670",0,0,0,3,3,0
"13393","2021-2022","OHIO","3904671",0,0,0,3,3,0
"13394","2021-2022","OHIO","3904672",0,0,0,0,0,NA
"13395","2021-2022","OHIO","3904674",0,0,0,3,3,0
"13396","2021-2022","OHIO","3904675",0,0,0,0,0,NA
"13397","2021-2022","OHIO","3904676",0,0,0,6,6,0
"13398","2021-2022","OHIO","3904678",0,0,0,0,0,NA
"13399","2021-2022","OHIO","3904679",0,0,0,3,3,0
"13400","2021-2022","OHIO","3904680",0,0,0,0,0,NA
"13401","2021-2022","OHIO","3904681",0,0,0,0,0,NA
"13402","2021-2022","OHIO","3904682",0,0,0,3,3,0
"13403","2021-2022","OHIO","3904684",0,0,0,6,6,0
"13404","2021-2022","OHIO","3904685",0,0,0,3,3,0
"13405","2021-2022","OHIO","3904686",0,0,0,0,0,NA
"13406","2021-2022","OHIO","3904687",0,0,0,0,0,NA
"13407","2021-2022","OHIO","3904688",0,0,0,0,0,NA
"13408","2021-2022","OHIO","3904689",0,0,0,6,6,0
"13409","2021-2022","OHIO","3904690",0,0,0,0,0,NA
"13410","2021-2022","OHIO","3904694",0,0,0,0,0,NA
"13411","2021-2022","OHIO","3904695",0,0,0,3,3,0
"13412","2021-2022","OHIO","3904696",0,0,0,6,6,0
"13413","2021-2022","OHIO","3904697",0,0,0,6,6,0
"13414","2021-2022","OHIO","3904699",0,0,0,3,3,0
"13415","2021-2022","OHIO","3904700",0,0,0,12,12,0
"13416","2021-2022","OHIO","3904701",0,0,0,3,3,0
"13417","2021-2022","OHIO","3904702",0,0,0,6,6,0
"13418","2021-2022","OHIO","3904704",0,0,0,0,0,NA
"13419","2021-2022","OHIO","3904705",0,0,0,3,3,0
"13420","2021-2022","OHIO","3904706",0,0,0,3,3,0
"13421","2021-2022","OHIO","3904707",0,0,0,3,3,0
"13422","2021-2022","OHIO","3904708",0,0,0,0,0,NA
"13423","2021-2022","OHIO","3904709",0,0,0,0,0,NA
"13424","2021-2022","OHIO","3904716",0,0,0,0,0,NA
"13425","2021-2022","OHIO","3904717",0,0,0,0,0,NA
"13426","2021-2022","OHIO","3904718",0,0,0,3,3,0
"13427","2021-2022","OHIO","3904719",0,0,0,0,0,NA
"13428","2021-2022","OHIO","3904722",0,0,0,0,0,NA
"13429","2021-2022","OHIO","3904724",0,0,0,3,3,0
"13430","2021-2022","OHIO","3904725",0,0,0,3,3,0
"13431","2021-2022","OHIO","3904726",0,0,0,0,0,NA
"13432","2021-2022","OHIO","3904727",0,0,0,0,0,NA
"13433","2021-2022","OHIO","3904730",0,0,0,498,498,0
"13434","2021-2022","OHIO","3904733",0,0,0,3,3,0
"13435","2021-2022","OHIO","3904734",0,0,0,0,0,NA
"13436","2021-2022","OHIO","3904736",0,0,0,1660,1660,0
"13437","2021-2022","OHIO","3904737",0,0,0,0,0,NA
"13438","2021-2022","OHIO","3904738",0,0,0,160,160,0
"13439","2021-2022","OHIO","3904739",0,0,0,3,3,0
"13440","2021-2022","OHIO","3904742",0,0,0,3,3,0
"13441","2021-2022","OHIO","3904743",0,0,0,3,3,0
"13442","2021-2022","OHIO","3904744",0,0,0,3,3,0
"13443","2021-2022","OHIO","3904745",0,0,0,3,3,0
"13444","2021-2022","OHIO","3904747",0,0,0,3,3,0
"13445","2021-2022","OHIO","3904749",0,0,0,3,3,0
"13446","2021-2022","OHIO","3904750",0,0,0,6,6,0
"13447","2021-2022","OHIO","3904751",0,0,0,9,9,0
"13448","2021-2022","OHIO","3904752",0,0,0,6,6,0
"13449","2021-2022","OHIO","3904754",0,0,0,0,0,NA
"13450","2021-2022","OHIO","3904757",0,0,0,3,3,0
"13451","2021-2022","OHIO","3904758",0,0,0,6,6,0
"13452","2021-2022","OHIO","3904759",0,0,0,6,6,0
"13453","2021-2022","OHIO","3904761",0,0,0,3,3,0
"13454","2021-2022","OHIO","3904762",0,0,0,6,6,0
"13455","2021-2022","OHIO","3904763",0,0,0,0,0,NA
"13456","2021-2022","OHIO","3904768",0,0,0,0,0,NA
"13457","2021-2022","OHIO","3904769",0,0,0,3,3,0
"13458","2021-2022","OHIO","3904771",0,0,0,3,3,0
"13459","2021-2022","OHIO","3904772",0,0,0,6,6,0
"13460","2021-2022","OHIO","3904773",0,0,0,0,0,NA
"13461","2021-2022","OHIO","3904774",0,0,0,3,3,0
"13462","2021-2022","OHIO","3904776",0,0,0,520,520,0
"13463","2021-2022","OHIO","3904778",0,0,0,0,0,NA
"13464","2021-2022","OHIO","3904779",0,0,0,3,3,0
"13465","2021-2022","OHIO","3904780",0,0,0,0,0,NA
"13466","2021-2022","OHIO","3904782",0,0,0,3,3,0
"13467","2021-2022","OHIO","3904783",0,0,0,0,0,NA
"13468","2021-2022","OHIO","3904785",0,0,0,6,6,0
"13469","2021-2022","OHIO","3904787",0,0,0,0,0,NA
"13470","2021-2022","OHIO","3904788",0,0,0,6,6,0
"13471","2021-2022","OHIO","3904790",0,0,0,0,0,NA
"13472","2021-2022","OHIO","3904792",0,0,0,478,478,0
"13473","2021-2022","OHIO","3904793",0,0,0,0,0,NA
"13474","2021-2022","OHIO","3904794",0,0,0,664,664,0
"13475","2021-2022","OHIO","3904795",0,0,0,684,684,0
"13476","2021-2022","OHIO","3904796",0,0,0,276,276,0
"13477","2021-2022","OHIO","3904798",0,0,0,0,0,NA
"13478","2021-2022","OHIO","3904799",0,0,0,0,0,NA
"13479","2021-2022","OHIO","3904800",0,0,0,3,3,0
"13480","2021-2022","OHIO","3904801",0,0,0,3,3,0
"13481","2021-2022","OHIO","3904802",0,0,0,3,3,0
"13482","2021-2022","OHIO","3904803",0,0,0,0,0,NA
"13483","2021-2022","OHIO","3904804",0,0,0,6,6,0
"13484","2021-2022","OHIO","3904807",0,0,0,0,0,NA
"13485","2021-2022","OHIO","3904808",0,0,0,0,0,NA
"13486","2021-2022","OHIO","3904809",0,0,0,3,3,0
"13487","2021-2022","OHIO","3904811",0,0,0,0,0,NA
"13488","2021-2022","OHIO","3904812",0,0,0,0,0,NA
"13489","2021-2022","OHIO","3904813",0,0,0,744,744,0
"13490","2021-2022","OHIO","3904814",0,0,0,3,3,0
"13491","2021-2022","OHIO","3904815",0,0,0,0,0,NA
"13492","2021-2022","OHIO","3904816",0,0,0,0,0,NA
"13493","2021-2022","OHIO","3904817",0,0,0,6,6,0
"13494","2021-2022","OHIO","3904820",0,0,0,0,0,NA
"13495","2021-2022","OHIO","3904821",0,0,0,6,6,0
"13496","2021-2022","OHIO","3904822",0,0,0,3,3,0
"13497","2021-2022","OHIO","3904823",0,0,0,0,0,NA
"13498","2021-2022","OHIO","3904825",0,0,0,3,3,0
"13499","2021-2022","OHIO","3904826",0,0,0,0,0,NA
"13500","2021-2022","OHIO","3904827",0,0,0,6,6,0
"13501","2021-2022","OHIO","3904829",0,0,0,0,0,NA
"13502","2021-2022","OHIO","3904830",0,0,0,3,3,0
"13503","2021-2022","OHIO","3904831",0,0,0,0,0,NA
"13504","2021-2022","OHIO","3904832",0,0,0,3,3,0
"13505","2021-2022","OHIO","3904833",0,0,0,3,3,0
"13506","2021-2022","OHIO","3904834",0,0,0,3,3,0
"13507","2021-2022","OHIO","3904835",0,0,0,166,166,0
"13508","2021-2022","OHIO","3904836",0,0,0,0,0,NA
"13509","2021-2022","OHIO","3904837",0,0,0,3,3,0
"13510","2021-2022","OHIO","3904838",0,0,0,9,9,0
"13511","2021-2022","OHIO","3904839",0,0,0,6,6,0
"13512","2021-2022","OHIO","3904841",0,0,0,0,0,NA
"13513","2021-2022","OHIO","3904842",0,0,0,3,3,0
"13514","2021-2022","OHIO","3904843",0,0,0,0,0,NA
"13515","2021-2022","OHIO","3904844",0,0,0,3,3,0
"13516","2021-2022","OHIO","3904846",0,0,0,3,3,0
"13517","2021-2022","OHIO","3904847",0,0,0,3,3,0
"13518","2021-2022","OHIO","3904848",0,0,0,3,3,0
"13519","2021-2022","OHIO","3904849",0,0,0,3,3,0
"13520","2021-2022","OHIO","3904851",0,0,0,0,0,NA
"13521","2021-2022","OHIO","3904852",0,0,0,605,605,0
"13522","2021-2022","OHIO","3904853",0,0,0,326,326,0
"13523","2021-2022","OHIO","3904857",0,0,0,6,6,0
"13524","2021-2022","OHIO","3904858",0,0,0,3,3,0
"13525","2021-2022","OHIO","3904859",0,0,0,3,3,0
"13526","2021-2022","OHIO","3904861",0,0,0,3,3,0
"13527","2021-2022","OHIO","3904862",0,0,0,3,3,0
"13528","2021-2022","OHIO","3904863",0,0,0,3,3,0
"13529","2021-2022","OHIO","3904865",0,0,0,0,0,NA
"13530","2021-2022","OHIO","3904867",0,0,0,3,3,0
"13531","2021-2022","OHIO","3904868",0,0,0,164,164,0
"13532","2021-2022","OHIO","3904869",0,0,0,1459,1459,0
"13533","2021-2022","OHIO","3904870",0,0,0,487,487,0
"13534","2021-2022","OHIO","3904871",0,0,0,0,0,NA
"13535","2021-2022","OHIO","3904872",0,0,0,0,0,NA
"13536","2021-2022","OHIO","3904873",0,0,0,808,808,0
"13537","2021-2022","OHIO","3904874",0,0,0,3,3,0
"13538","2021-2022","OHIO","3904875",0,0,0,6,6,0
"13539","2021-2022","OHIO","3904877",0,0,0,720,720,0
"13540","2021-2022","OHIO","3904879",0,0,0,3,3,0
"13541","2021-2022","OHIO","3904880",0,0,0,0,0,NA
"13542","2021-2022","OHIO","3904881",0,0,0,0,0,NA
"13543","2021-2022","OHIO","3904883",0,0,0,0,0,NA
"13544","2021-2022","OHIO","3904884",0,0,0,3,3,0
"13545","2021-2022","OHIO","3904885",0,0,0,765,765,0
"13546","2021-2022","OHIO","3904887",0,0,0,0,0,NA
"13547","2021-2022","OHIO","3904888",0,0,0,0,0,NA
"13548","2021-2022","OHIO","3904890",0,0,0,0,0,NA
"13549","2021-2022","OHIO","3904892",0,0,0,0,0,NA
"13550","2021-2022","OHIO","3904893",0,0,0,9,9,0
"13551","2021-2022","OHIO","3904894",0,0,0,3,3,0
"13552","2021-2022","OHIO","3904897",0,0,0,6,6,0
"13553","2021-2022","OHIO","3904899",0,0,0,6,6,0
"13554","2021-2022","OHIO","3904900",0,0,0,6,6,0
"13555","2021-2022","OHIO","3904903",0,0,0,0,0,NA
"13556","2021-2022","OHIO","3904905",0,0,0,0,0,NA
"13557","2021-2022","OHIO","3904906",0,0,0,243,243,0
"13558","2021-2022","OHIO","3904908",0,0,0,0,0,NA
"13559","2021-2022","OHIO","3904909",0,0,0,0,0,NA
"13560","2021-2022","OHIO","3904910",0,0,0,0,0,NA
"13561","2021-2022","OHIO","3904912",0,0,0,383,383,0
"13562","2021-2022","OHIO","3904913",0,0,0,497,497,0
"13563","2021-2022","OHIO","3904914",0,0,0,0,0,NA
"13564","2021-2022","OHIO","3904915",0,0,0,361,361,0
"13565","2021-2022","OHIO","3904917",0,0,0,0,0,NA
"13566","2021-2022","OHIO","3904918",0,0,0,0,0,NA
"13567","2021-2022","OHIO","3904919",0,0,0,0,0,NA
"13568","2021-2022","OHIO","3904920",0,0,0,3,3,0
"13569","2021-2022","OHIO","3904921",0,0,0,0,0,NA
"13570","2021-2022","OHIO","3904922",0,0,0,3,3,0
"13571","2021-2022","OHIO","3904923",0,0,0,0,0,NA
"13572","2021-2022","OHIO","3904924",0,0,0,3,3,0
"13573","2021-2022","OHIO","3904926",0,0,0,6,6,0
"13574","2021-2022","OHIO","3904927",0,0,0,3,3,0
"13575","2021-2022","OHIO","3904928",0,0,0,3,3,0
"13576","2021-2022","OHIO","3904931",0,0,0,6,6,0
"13577","2021-2022","OHIO","3904932",0,0,0,0,0,NA
"13578","2021-2022","OHIO","3904933",0,0,0,3,3,0
"13579","2021-2022","OHIO","3904934",0,0,0,0,0,NA
"13580","2021-2022","OHIO","3904935",0,0,0,0,0,NA
"13581","2021-2022","OHIO","3904936",0,0,0,6,6,0
"13582","2021-2022","OHIO","3904937",0,0,0,0,0,NA
"13583","2021-2022","OHIO","3904938",0,0,0,3,3,0
"13584","2021-2022","OHIO","3904939",0,0,0,6,6,0
"13585","2021-2022","OHIO","3904941",0,0,0,6,6,0
"13586","2021-2022","OHIO","3904942",0,0,0,3,3,0
"13587","2021-2022","OHIO","3904943",0,0,0,0,0,NA
"13588","2021-2022","OHIO","3904944",0,0,0,6,6,0
"13589","2021-2022","OHIO","3904945",0,0,0,3,3,0
"13590","2021-2022","OHIO","3904946",0,0,0,3,3,0
"13591","2021-2022","OHIO","3904947",0,0,0,3,3,0
"13592","2021-2022","OHIO","3904949",0,0,0,6,6,0
"13593","2021-2022","OHIO","3904950",0,0,0,292,292,0
"13594","2021-2022","OHIO","3904951",0,0,0,377,377,0
"13595","2021-2022","OHIO","3904952",0,0,0,6,6,0
"13596","2021-2022","OHIO","3904953",0,0,0,3,3,0
"13597","2021-2022","OHIO","3904954",0,0,0,6,6,0
"13598","2021-2022","OHIO","3904956",0,0,0,0,0,NA
"13599","2021-2022","OHIO","3904957",0,0,0,3,3,0
"13600","2021-2022","OHIO","3904959",0,0,0,0,0,NA
"13601","2021-2022","OHIO","3904961",0,0,0,6,6,0
"13602","2021-2022","OHIO","3904962",0,0,0,3,3,0
"13603","2021-2022","OHIO","3904963",0,0,0,280,280,0
"13604","2021-2022","OHIO","3904964",0,0,0,0,0,NA
"13605","2021-2022","OHIO","3904965",0,0,0,656,656,0
"13606","2021-2022","OHIO","3904966",0,0,0,0,0,NA
"13607","2021-2022","OHIO","3904968",0,0,0,6,6,0
"13608","2021-2022","OHIO","3904970",0,0,0,3,3,0
"13609","2021-2022","OHIO","3904971",0,0,0,3,3,0
"13610","2021-2022","OHIO","3904976",0,0,0,0,0,NA
"13611","2021-2022","OHIO","3904977",0,0,0,3,3,0
"13612","2021-2022","OHIO","3904978",0,0,0,0,0,NA
"13613","2021-2022","OHIO","3904979",0,0,0,3,3,0
"13614","2021-2022","OHIO","3904981",0,0,0,3,3,0
"13615","2021-2022","OHIO","3904983",0,0,0,573,573,0
"13616","2021-2022","OHIO","3904984",0,0,0,0,0,NA
"13617","2021-2022","OHIO","3904985",0,0,0,0,0,NA
"13618","2021-2022","OHIO","3904986",0,0,0,0,0,NA
"13619","2021-2022","OHIO","3904987",0,0,0,0,0,NA
"13620","2021-2022","OHIO","3904988",0,0,0,3,3,0
"13621","2021-2022","OHIO","3904989",0,0,0,0,0,NA
"13622","2021-2022","OHIO","3904990",0,0,0,0,0,NA
"13623","2021-2022","OHIO","3904991",0,0,0,6,6,0
"13624","2021-2022","OHIO","3904992",0,0,0,0,0,NA
"13625","2021-2022","OHIO","3904993",0,0,0,0,0,NA
"13626","2021-2022","OHIO","3904994",0,0,0,3,3,0
"13627","2021-2022","OHIO","3904995",0,0,0,0,0,NA
"13628","2021-2022","OHIO","3904997",0,0,0,3,3,0
"13629","2021-2022","OHIO","3904998",0,0,0,0,0,NA
"13630","2021-2022","OHIO","3904999",0,0,0,3,3,0
"13631","2021-2022","OHIO","3905000",0,0,0,3,3,0
"13632","2021-2022","OHIO","3905001",0,0,0,0,0,NA
"13633","2021-2022","OHIO","3905002",0,0,0,3,3,0
"13634","2021-2022","OHIO","3905003",0,0,0,3,3,0
"13635","2021-2022","OHIO","3905004",0,0,0,3,3,0
"13636","2021-2022","OHIO","3905005",0,0,0,0,0,NA
"13637","2021-2022","OHIO","3905006",0,0,0,0,0,NA
"13638","2021-2022","OHIO","3905007",0,0,0,3,3,0
"13639","2021-2022","OHIO","3905009",0,0,0,0,0,NA
"13640","2021-2022","OHIO","3905011",0,0,0,0,0,NA
"13641","2021-2022","OHIO","3905012",0,0,0,3,3,0
"13642","2021-2022","OHIO","3905013",0,0,0,0,0,NA
"13643","2021-2022","OHIO","3905015",0,0,0,3,3,0
"13644","2021-2022","OHIO","3905016",0,0,0,0,0,NA
"13645","2021-2022","OHIO","3905017",0,0,0,3,3,0
"13646","2021-2022","OHIO","3905018",0,0,0,3,3,0
"13647","2021-2022","OHIO","3905019",0,0,0,3,3,0
"13648","2021-2022","OHIO","3905020",0,0,0,97,97,0
"13649","2021-2022","OHIO","3905021",0,0,0,0,0,NA
"13650","2021-2022","OHIO","3905022",0,0,0,0,0,NA
"13651","2021-2022","OHIO","3905023",0,0,0,6,6,0
"13652","2021-2022","OHIO","3905024",0,0,0,0,0,NA
"13653","2021-2022","OHIO","3905025",0,0,0,0,0,NA
"13654","2021-2022","OHIO","3905027",0,0,0,0,0,NA
"13655","2021-2022","OHIO","3905028",0,0,0,0,0,NA
"13656","2021-2022","OHIO","3905029",0,0,0,3,3,0
"13657","2021-2022","OHIO","3905030",0,0,0,0,0,NA
"13658","2021-2022","OHIO","3905032",0,0,0,3,3,0
"13659","2021-2022","OHIO","3905033",0,0,0,0,0,NA
"13660","2021-2022","OHIO","3905035",0,0,0,9,9,0
"13661","2021-2022","OHIO","3905039",0,0,0,884,884,0
"13662","2021-2022","OHIO","3905041",0,0,0,0,0,NA
"13663","2021-2022","OHIO","3905042",0,0,0,6,6,0
"13664","2021-2022","OHIO","3905043",0,0,0,3,3,0
"13665","2021-2022","OHIO","3905044",0,0,0,3,3,0
"13666","2021-2022","OHIO","3905045",0,0,0,0,0,NA
"13667","2021-2022","OHIO","3905046",0,0,0,3,3,0
"13668","2021-2022","OHIO","3905048",0,0,0,3,3,0
"13669","2021-2022","OHIO","3905049",0,0,0,0,0,NA
"13670","2021-2022","OHIO","3905051",0,0,0,0,0,NA
"13671","2021-2022","OHIO","3905053",0,0,0,3,3,0
"13672","2021-2022","OHIO","3905054",0,0,0,3,3,0
"13673","2021-2022","OHIO","3905055",0,0,0,6,6,0
"13674","2021-2022","OHIO","3905056",0,0,0,3,3,0
"13675","2021-2022","OHIO","3905058",0,0,0,0,0,NA
"13676","2021-2022","OHIO","3905059",0,0,0,0,0,NA
"13677","2021-2022","OHIO","3905061",0,0,0,0,0,NA
"13678","2021-2022","OHIO","3905062",0,0,0,3,3,0
"13679","2021-2022","OHIO","3905063",0,0,0,3,3,0
"13680","2021-2022","OHIO","3905064",0,0,0,3,3,0
"13681","2021-2022","OHIO","3905065",0,0,0,3,3,0
"13682","2021-2022","OHIO","3905067",0,0,0,3,3,0
"13683","2021-2022","OHIO","3905068",0,0,0,6,6,0
"13684","2021-2022","OHIO","3905069",0,0,0,3,3,0
"13685","2021-2022","OHIO","3905070",0,0,0,3,3,0
"13686","2021-2022","OHIO","3905071",0,0,0,3,3,0
"13687","2021-2022","OHIO","3905072",0,0,0,3,3,0
"13688","2021-2022","OHIO","3905074",0,0,0,3,3,0
"13689","2021-2022","OHIO","3905077",0,0,0,3,3,0
"13690","2021-2022","OHIO","3905079",0,0,0,0,0,NA
"13691","2021-2022","OHIO","3905081",0,0,0,0,0,NA
"13692","2021-2022","OHIO","3905085",0,0,0,0,0,NA
"13693","2021-2022","OHIO","3905088",0,0,0,6,6,0
"13694","2021-2022","OHIO","3905090",0,0,0,0,0,NA
"13695","2021-2022","OHIO","3905092",0,0,0,0,0,NA
"13696","2021-2022","OHIO","3905094",0,0,0,0,0,NA
"13697","2021-2022","OHIO","3905096",0,0,0,0,0,NA
"13698","2021-2022","OHIO","3905098",0,0,0,3,3,0
"13699","2021-2022","OHIO","3905100",0,0,0,6,6,0
"13700","2021-2022","OHIO","3905102",0,0,0,0,0,NA
"13701","2021-2022","OHIO","3905104",0,0,0,0,0,NA
"13702","2021-2022","OHIO","3905106",0,0,0,3,3,0
"13703","2021-2022","OHIO","3905112",0,0,0,0,0,NA
"13704","2021-2022","OHIO","3905114",0,0,0,0,0,NA
"13705","2021-2022","OHIO","3905116",0,0,0,0,0,NA
"13706","2021-2022","OHIO","3905118",0,0,0,293,293,0
"13707","2021-2022","OHIO","3905120",0,0,0,3,3,0
"13708","2021-2022","OHIO","3905122",0,0,0,3,3,0
"13709","2021-2022","OHIO","3905124",0,0,0,0,0,NA
"13710","2021-2022","OHIO","3905128",0,0,0,3,3,0
"13711","2021-2022","OHIO","3905130",0,0,0,0,0,NA
"13712","2021-2022","OHIO","3905133",0,0,0,0,0,NA
"13713","2021-2022","OHIO","3905135",0,0,0,0,0,NA
"13714","2021-2022","OHIO","3905137",0,0,0,0,0,NA
"13715","2021-2022","OHIO","3905139",0,0,0,0,0,NA
"13716","2021-2022","OHIO","3905141",0,0,0,0,0,NA
"13717","2021-2022","OHIO","3905143",0,0,0,0,0,NA
"13718","2021-2022","OHIO","3905145",0,0,0,0,0,NA
"13719","2021-2022","OHIO","3905147",0,0,0,3,3,0
"13720","2021-2022","OHIO","3905149",0,0,0,222,222,0
"13721","2021-2022","OHIO","3905153",0,0,0,0,0,NA
"13722","2021-2022","OHIO","3905160",0,0,0,179,179,0
"13723","2021-2022","OHIO","3905163",0,0,0,0,0,NA
"13724","2021-2022","OHIO","3905165",0,0,0,3,3,0
"13725","2021-2022","OHIO","3905167",0,0,0,0,0,NA
"13726","2021-2022","OHIO","3905169",0,0,0,0,0,NA
"13727","2021-2022","OHIO","3905171",0,0,0,0,0,NA
"13728","2021-2022","OHIO","3906190",0,0,0,0,0,NA
"13729","2021-2022","OHIO","3906202",0,0,0,0,0,NA
"13730","2021-2022","OHIO","3906204",0,0,0,0,0,NA
"13731","2021-2022","OHIO","3906206",0,0,0,200,200,0
"13732","2021-2022","OHIO","3906210",0,0,0,3,3,0
"13733","2021-2022","OHIO","3906212",0,0,0,0,0,NA
"13734","2021-2022","OHIO","3906280",0,0,0,0,0,NA
"13735","2021-2022","OHIO","3906349",0,0,0,3,3,0
"13736","2021-2022","OHIO","3906351",0,0,0,0,0,NA
"13737","2021-2022","OHIO","3906496",0,0,0,3,3,0
"13738","2021-2022","OHIO","3906522",0,0,0,0,0,NA
"13739","2021-2022","OHIO","3906526",0,0,0,0,0,NA
"13740","2021-2022","OHIO","3906568",0,0,0,1019,1019,0
"13741","2021-2022","OHIO","3906968",0,0,0,3,3,0
"13742","2021-2022","OHIO","3910000",0,0,0,3,3,0
"13743","2021-2022","OHIO","3910001",0,0,0,3,3,0
"13744","2021-2022","OHIO","3910002",0,0,0,6,6,0
"13745","2021-2022","OHIO","3910003",0,0,0,3,3,0
"13746","2021-2022","OHIO","3910004",0,0,0,3,3,0
"13747","2021-2022","OHIO","3910005",0,0,0,3,3,0
"13748","2021-2022","OHIO","3910006",0,0,0,321,321,0
"13749","2021-2022","OHIO","3910007",0,0,0,3,3,0
"13750","2021-2022","OHIO","3910008",0,0,0,268,268,0
"13751","2021-2022","OHIO","3910009",0,0,0,3,3,0
"13752","2021-2022","OHIO","3910010",0,0,0,0,0,NA
"13753","2021-2022","OHIO","3910011",0,0,0,0,0,NA
"13754","2021-2022","OHIO","3910012",0,0,0,275,275,0
"13755","2021-2022","OHIO","3910013",0,0,0,0,0,NA
"13756","2021-2022","OHIO","3910014",0,0,0,12,12,0
"13757","2021-2022","OHIO","3910015",0,0,0,1156,1156,0
"13758","2021-2022","OHIO","3910016",0,0,0,3,3,0
"13759","2021-2022","OHIO","3910017",0,0,0,3,3,0
"13760","2021-2022","OHIO","3910018",0,0,0,0,0,NA
"13761","2021-2022","OHIO","3910019",0,0,0,3,3,0
"13762","2021-2022","OHIO","3910020",0,0,0,0,0,NA
"13763","2021-2022","OHIO","3910021",0,0,0,0,0,NA
"13764","2021-2022","OHIO","3910022",0,0,0,3,3,0
"13765","2021-2022","OHIO","3910023",0,0,0,3,3,0
"13766","2021-2022","OHIO","3910024",0,0,0,0,0,NA
"13767","2021-2022","OHIO","3910025",0,0,0,0,0,NA
"13768","2021-2022","OHIO","3910026",0,0,0,0,0,NA
"13769","2021-2022","OHIO","3910027",0,0,0,876,876,0
"13770","2021-2022","OHIO","3910028",0,0,0,6,6,0
"13771","2021-2022","OHIO","3910029",0,0,0,3,3,0
"13772","2021-2022","OHIO","3910030",0,0,0,6,6,0
"13773","2021-2022","OHIO","3910031",0,0,0,0,0,NA
"13774","2021-2022","OHIO","3910032",0,0,0,6,6,0
"13775","2021-2022","OHIO","3910033",0,0,0,0,0,NA
"13776","2021-2022","OKLAHOMA","4000013",0,0,0,33,33,0
"13777","2021-2022","OKLAHOMA","4000014",0,0,0,225,225,0
"13778","2021-2022","OKLAHOMA","4000015",0,0,0,135,135,0
"13779","2021-2022","OKLAHOMA","4000020",0,0,0,144,144,0
"13780","2021-2022","OKLAHOMA","4000021",0,0,0,95,95,0
"13781","2021-2022","OKLAHOMA","4000032",0,0,0,88,88,0
"13782","2021-2022","OKLAHOMA","4000033",0,0,0,238,238,0
"13783","2021-2022","OKLAHOMA","4000063",0,0,0,0,0,NA
"13784","2021-2022","OKLAHOMA","4000075",0,0,0,3,3,0
"13785","2021-2022","OKLAHOMA","4000076",0,0,0,19,19,0
"13786","2021-2022","OKLAHOMA","4000751",0,0,0,100,100,0
"13787","2021-2022","OKLAHOMA","4000753",0,0,0,190,190,0
"13788","2021-2022","OKLAHOMA","4000755",0,0,0,48,48,0
"13789","2021-2022","OKLAHOMA","4000766",0,0,0,3,3,0
"13790","2021-2022","OKLAHOMA","4000769",0,0,0,302,302,0
"13791","2021-2022","OKLAHOMA","4000772",0,0,0,47,47,0
"13792","2021-2022","OKLAHOMA","4000773",0,0,0,89,89,0
"13793","2021-2022","OKLAHOMA","4000774",0,0,0,177,177,0
"13794","2021-2022","OKLAHOMA","4000775",0,0,0,125,125,0
"13795","2021-2022","OKLAHOMA","4000777",0,0,0,7674,7674,0
"13796","2021-2022","OKLAHOMA","4000778",0,0,0,1006,1006,0
"13797","2021-2022","OKLAHOMA","4000780",0,0,0,237,237,0
"13798","2021-2022","OKLAHOMA","4000782",0,0,0,64,64,0
"13799","2021-2022","OKLAHOMA","4000783",0,0,0,179,179,0
"13800","2021-2022","OKLAHOMA","4000785",0,0,0,264,264,0
"13801","2021-2022","OKLAHOMA","4000786",0,0,0,9,9,0
"13802","2021-2022","OKLAHOMA","4000787",0,0,0,119,119,0
"13803","2021-2022","OKLAHOMA","4000789",0,0,0,34,34,0
"13804","2021-2022","OKLAHOMA","4000791",0,0,0,108,108,0
"13805","2021-2022","OKLAHOMA","4000792",0,0,0,177,177,0
"13806","2021-2022","OKLAHOMA","4000793",0,0,0,193,193,0
"13807","2021-2022","OKLAHOMA","4000795",0,0,0,9,9,0
"13808","2021-2022","OKLAHOMA","4000796",0,0,0,903,903,0
"13809","2021-2022","OKLAHOMA","4000797",0,0,0,101,101,0
"13810","2021-2022","OKLAHOMA","4000798",0,0,0,15,15,0
"13811","2021-2022","OKLAHOMA","4000799",0,0,0,105,105,0
"13812","2021-2022","OKLAHOMA","4000800",0,0,0,5201,5201,0
"13813","2021-2022","OKLAHOMA","4000801",0,0,0,30,30,0
"13814","2021-2022","OKLAHOMA","4000802",0,0,0,250,250,0
"13815","2021-2022","OKLAHOMA","4000803",0,0,0,67,67,0
"13816","2021-2022","OKLAHOMA","4000804",0,0,0,255,255,0
"13817","2021-2022","OKLAHOMA","4000805",0,0,0,74,74,0
"13818","2021-2022","OKLAHOMA","4000806",0,0,0,6,6,0
"13819","2021-2022","OKLAHOMA","4000807",0,0,0,17,17,0
"13820","2021-2022","OKLAHOMA","4000808",0,0,0,27,27,0
"13821","2021-2022","OKLAHOMA","4000809",0,0,0,153,153,0
"13822","2021-2022","OKLAHOMA","4002370",0,0,0,65,65,0
"13823","2021-2022","OKLAHOMA","4002430",0,0,0,810,810,0
"13824","2021-2022","OKLAHOMA","4002460",0,0,0,260,260,0
"13825","2021-2022","OKLAHOMA","4002520",0,0,0,168,168,0
"13826","2021-2022","OKLAHOMA","4002550",0,0,0,115,115,0
"13827","2021-2022","OKLAHOMA","4002580",0,0,0,33,33,0
"13828","2021-2022","OKLAHOMA","4002670",0,0,0,58,58,0
"13829","2021-2022","OKLAHOMA","4002720",0,0,0,46,46,0
"13830","2021-2022","OKLAHOMA","4002760",0,0,0,128,128,0
"13831","2021-2022","OKLAHOMA","4002790",0,0,0,98,98,0
"13832","2021-2022","OKLAHOMA","4002850",0,0,0,1030,1030,0
"13833","2021-2022","OKLAHOMA","4002880",0,0,0,192,192,0
"13834","2021-2022","OKLAHOMA","4002910",0,0,0,69,69,0
"13835","2021-2022","OKLAHOMA","4003000",0,0,0,698,698,0
"13836","2021-2022","OKLAHOMA","4003010",0,0,0,50,50,0
"13837","2021-2022","OKLAHOMA","4003060",0,0,0,270,270,0
"13838","2021-2022","OKLAHOMA","4003120",0,0,0,77,77,0
"13839","2021-2022","OKLAHOMA","4003180",0,0,0,1104,1104,0
"13840","2021-2022","OKLAHOMA","4003210",0,0,0,135,135,0
"13841","2021-2022","OKLAHOMA","4003240",0,0,0,17,17,0
"13842","2021-2022","OKLAHOMA","4003300",0,0,0,71,71,0
"13843","2021-2022","OKLAHOMA","4003360",0,0,0,325,325,0
"13844","2021-2022","OKLAHOMA","4003450",0,0,0,3,3,0
"13845","2021-2022","OKLAHOMA","4003510",0,0,0,16,16,0
"13846","2021-2022","OKLAHOMA","4003540",0,0,0,48,48,0
"13847","2021-2022","OKLAHOMA","4003570",0,0,0,113,113,0
"13848","2021-2022","OKLAHOMA","4003630",0,0,0,1603,1603,0
"13849","2021-2022","OKLAHOMA","4003660",0,0,0,71,71,0
"13850","2021-2022","OKLAHOMA","4003690",0,0,0,33,33,0
"13851","2021-2022","OKLAHOMA","4003750",0,0,0,46,46,0
"13852","2021-2022","OKLAHOMA","4003810",0,0,0,327,327,0
"13853","2021-2022","OKLAHOMA","4003840",0,0,0,138,138,0
"13854","2021-2022","OKLAHOMA","4003930",0,0,0,117,117,0
"13855","2021-2022","OKLAHOMA","4004020",0,0,0,260,260,0
"13856","2021-2022","OKLAHOMA","4004110",0,0,0,239,239,0
"13857","2021-2022","OKLAHOMA","4004230",0,0,0,198,198,0
"13858","2021-2022","OKLAHOMA","4004350",0,0,0,44,44,0
"13859","2021-2022","OKLAHOMA","4004360",0,0,0,22,22,0
"13860","2021-2022","OKLAHOMA","4004470",0,0,0,171,171,0
"13861","2021-2022","OKLAHOMA","4004500",0,0,0,622,622,0
"13862","2021-2022","OKLAHOMA","4004630",0,0,0,421,421,0
"13863","2021-2022","OKLAHOMA","4004650",0,0,0,98,98,0
"13864","2021-2022","OKLAHOMA","4004680",0,0,0,270,270,0
"13865","2021-2022","OKLAHOMA","4004830",0,0,0,64,64,0
"13866","2021-2022","OKLAHOMA","4004860",0,0,0,38,38,0
"13867","2021-2022","OKLAHOMA","4004950",0,0,0,83,83,0
"13868","2021-2022","OKLAHOMA","4005010",0,0,0,174,174,0
"13869","2021-2022","OKLAHOMA","4005040",0,0,0,101,101,0
"13870","2021-2022","OKLAHOMA","4005130",0,0,0,113,113,0
"13871","2021-2022","OKLAHOMA","4005160",0,0,0,21,21,0
"13872","2021-2022","OKLAHOMA","4005280",0,0,0,6,6,0
"13873","2021-2022","OKLAHOMA","4005340",0,0,0,78,78,0
"13874","2021-2022","OKLAHOMA","4005400",0,0,0,374,374,0
"13875","2021-2022","OKLAHOMA","4005430",0,0,0,174,174,0
"13876","2021-2022","OKLAHOMA","4005460",0,0,0,566,566,0
"13877","2021-2022","OKLAHOMA","4005490",0,0,0,1313,1313,0
"13878","2021-2022","OKLAHOMA","4005520",0,0,0,559,559,0
"13879","2021-2022","OKLAHOMA","4005580",0,0,0,133,133,0
"13880","2021-2022","OKLAHOMA","4005760",0,0,0,26,26,0
"13881","2021-2022","OKLAHOMA","4005820",0,0,0,50,50,0
"13882","2021-2022","OKLAHOMA","4005910",0,0,0,23,23,0
"13883","2021-2022","OKLAHOMA","4006000",0,0,0,73,73,0
"13884","2021-2022","OKLAHOMA","4006060",0,0,0,397,397,0
"13885","2021-2022","OKLAHOMA","4006120",0,0,0,290,290,0
"13886","2021-2022","OKLAHOMA","4006150",0,0,0,104,104,0
"13887","2021-2022","OKLAHOMA","4006180",0,0,0,202,202,0
"13888","2021-2022","OKLAHOMA","4006240",0,0,0,88,88,0
"13889","2021-2022","OKLAHOMA","4006270",0,0,0,6,6,0
"13890","2021-2022","OKLAHOMA","4006330",0,0,0,98,98,0
"13891","2021-2022","OKLAHOMA","4006390",0,0,0,43,43,0
"13892","2021-2022","OKLAHOMA","4006420",0,0,0,6,6,0
"13893","2021-2022","OKLAHOMA","4006480",0,0,0,118,118,0
"13894","2021-2022","OKLAHOMA","4006510",0,0,0,85,85,0
"13895","2021-2022","OKLAHOMA","4006630",0,0,0,208,208,0
"13896","2021-2022","OKLAHOMA","4006690",0,0,0,60,60,0
"13897","2021-2022","OKLAHOMA","4006810",0,0,0,63,63,0
"13898","2021-2022","OKLAHOMA","4006850",0,0,0,285,285,0
"13899","2021-2022","OKLAHOMA","4006870",0,0,0,550,550,0
"13900","2021-2022","OKLAHOMA","4006930",0,0,0,102,102,0
"13901","2021-2022","OKLAHOMA","4006960",0,0,0,105,105,0
"13902","2021-2022","OKLAHOMA","4007140",0,0,0,145,145,0
"13903","2021-2022","OKLAHOMA","4007170",0,0,0,67,67,0
"13904","2021-2022","OKLAHOMA","4007290",0,0,0,281,281,0
"13905","2021-2022","OKLAHOMA","4007320",0,0,0,46,46,0
"13906","2021-2022","OKLAHOMA","4007350",0,0,0,483,483,0
"13907","2021-2022","OKLAHOMA","4007380",0,0,0,323,323,0
"13908","2021-2022","OKLAHOMA","4007410",0,0,0,89,89,0
"13909","2021-2022","OKLAHOMA","4007500",0,0,0,89,89,0
"13910","2021-2022","OKLAHOMA","4007560",0,0,0,880,880,0
"13911","2021-2022","OKLAHOMA","4007620",0,0,0,963,963,0
"13912","2021-2022","OKLAHOMA","4007670",0,0,0,269,269,0
"13913","2021-2022","OKLAHOMA","4007710",0,0,0,40,40,0
"13914","2021-2022","OKLAHOMA","4007740",0,0,0,979,979,0
"13915","2021-2022","OKLAHOMA","4007800",0,0,0,6,6,0
"13916","2021-2022","OKLAHOMA","4008010",0,0,0,27,27,0
"13917","2021-2022","OKLAHOMA","4008040",0,0,0,530,530,0
"13918","2021-2022","OKLAHOMA","4008070",0,0,0,734,734,0
"13919","2021-2022","OKLAHOMA","4008130",0,0,0,211,211,0
"13920","2021-2022","OKLAHOMA","4008220",0,0,0,12,12,0
"13921","2021-2022","OKLAHOMA","4008250",0,0,0,272,272,0
"13922","2021-2022","OKLAHOMA","4008310",0,0,0,41,41,0
"13923","2021-2022","OKLAHOMA","4008370",0,0,0,446,446,0
"13924","2021-2022","OKLAHOMA","4008460",0,0,0,345,345,0
"13925","2021-2022","OKLAHOMA","4008490",0,0,0,356,356,0
"13926","2021-2022","OKLAHOMA","4008610",0,0,0,63,63,0
"13927","2021-2022","OKLAHOMA","4008640",0,0,0,222,222,0
"13928","2021-2022","OKLAHOMA","4008730",0,0,0,36,36,0
"13929","2021-2022","OKLAHOMA","4008790",0,0,0,80,80,0
"13930","2021-2022","OKLAHOMA","4008850",0,0,0,664,664,0
"13931","2021-2022","OKLAHOMA","4008940",0,0,0,100,100,0
"13932","2021-2022","OKLAHOMA","4009000",0,0,0,139,139,0
"13933","2021-2022","OKLAHOMA","4009060",0,0,0,535,535,0
"13934","2021-2022","OKLAHOMA","4009090",0,0,0,48,48,0
"13935","2021-2022","OKLAHOMA","4009150",0,0,0,3,3,0
"13936","2021-2022","OKLAHOMA","4009240",0,0,0,455,455,0
"13937","2021-2022","OKLAHOMA","4009300",0,0,0,84,84,0
"13938","2021-2022","OKLAHOMA","4009360",0,0,0,161,161,0
"13939","2021-2022","OKLAHOMA","4009390",0,0,0,119,119,0
"13940","2021-2022","OKLAHOMA","4009420",0,0,0,85,85,0
"13941","2021-2022","OKLAHOMA","4009450",0,0,0,107,107,0
"13942","2021-2022","OKLAHOMA","4009510",0,0,0,263,263,0
"13943","2021-2022","OKLAHOMA","4009570",0,0,0,366,366,0
"13944","2021-2022","OKLAHOMA","4009720",0,0,0,61,61,0
"13945","2021-2022","OKLAHOMA","4009750",0,0,0,95,95,0
"13946","2021-2022","OKLAHOMA","4009780",0,0,0,102,102,0
"13947","2021-2022","OKLAHOMA","4009810",0,0,0,390,390,0
"13948","2021-2022","OKLAHOMA","4009870",0,0,0,224,224,0
"13949","2021-2022","OKLAHOMA","4009910",0,0,0,345,345,0
"13950","2021-2022","OKLAHOMA","4010050",0,0,0,62,62,0
"13951","2021-2022","OKLAHOMA","4010170",0,0,0,56,56,0
"13952","2021-2022","OKLAHOMA","4010200",0,0,0,186,186,0
"13953","2021-2022","OKLAHOMA","4010260",0,0,0,35,35,0
"13954","2021-2022","OKLAHOMA","4010290",0,0,0,1154,1154,0
"13955","2021-2022","OKLAHOMA","4010350",0,0,0,833,833,0
"13956","2021-2022","OKLAHOMA","4010440",0,0,0,6,6,0
"13957","2021-2022","OKLAHOMA","4010500",0,0,0,6,6,0
"13958","2021-2022","OKLAHOMA","4010560",0,0,0,56,56,0
"13959","2021-2022","OKLAHOMA","4010590",0,0,0,2948,2948,0
"13960","2021-2022","OKLAHOMA","4010650",0,0,0,1047,1047,0
"13961","2021-2022","OKLAHOMA","4010710",0,0,0,293,293,0
"13962","2021-2022","OKLAHOMA","4010740",0,0,0,679,679,0
"13963","2021-2022","OKLAHOMA","4010860",0,0,0,161,161,0
"13964","2021-2022","OKLAHOMA","4010890",0,0,0,141,141,0
"13965","2021-2022","OKLAHOMA","4010920",0,0,0,2509,2509,0
"13966","2021-2022","OKLAHOMA","4011040",0,0,0,79,79,0
"13967","2021-2022","OKLAHOMA","4011160",0,0,0,431,431,0
"13968","2021-2022","OKLAHOMA","4011250",0,0,0,209,209,0
"13969","2021-2022","OKLAHOMA","4011280",0,0,0,188,188,0
"13970","2021-2022","OKLAHOMA","4011400",0,0,0,32,32,0
"13971","2021-2022","OKLAHOMA","4011430",0,0,0,51,51,0
"13972","2021-2022","OKLAHOMA","4011580",0,0,0,6,6,0
"13973","2021-2022","OKLAHOMA","4011700",0,0,0,150,150,0
"13974","2021-2022","OKLAHOMA","4011760",0,0,0,39,39,0
"13975","2021-2022","OKLAHOMA","4011850",0,0,0,59,59,0
"13976","2021-2022","OKLAHOMA","4011880",0,0,0,20,20,0
"13977","2021-2022","OKLAHOMA","4011970",0,0,0,337,337,0
"13978","2021-2022","OKLAHOMA","4012000",0,0,0,43,43,0
"13979","2021-2022","OKLAHOMA","4012060",0,0,0,17,17,0
"13980","2021-2022","OKLAHOMA","4012090",0,0,0,178,178,0
"13981","2021-2022","OKLAHOMA","4012150",0,0,0,365,365,0
"13982","2021-2022","OKLAHOMA","4012180",0,0,0,10,10,0
"13983","2021-2022","OKLAHOMA","4012210",0,0,0,38,38,0
"13984","2021-2022","OKLAHOMA","4012240",0,0,0,62,62,0
"13985","2021-2022","OKLAHOMA","4012300",0,0,0,101,101,0
"13986","2021-2022","OKLAHOMA","4012390",0,0,0,139,139,0
"13987","2021-2022","OKLAHOMA","4012420",0,0,0,75,75,0
"13988","2021-2022","OKLAHOMA","4012570",0,0,0,77,77,0
"13989","2021-2022","OKLAHOMA","4012630",0,0,0,113,113,0
"13990","2021-2022","OKLAHOMA","4012690",0,0,0,97,97,0
"13991","2021-2022","OKLAHOMA","4012720",0,0,0,713,713,0
"13992","2021-2022","OKLAHOMA","4012750",0,0,0,39,39,0
"13993","2021-2022","OKLAHOMA","4012870",0,0,0,29,29,0
"13994","2021-2022","OKLAHOMA","4012900",0,0,0,180,180,0
"13995","2021-2022","OKLAHOMA","4013080",0,0,0,44,44,0
"13996","2021-2022","OKLAHOMA","4013200",0,0,0,93,93,0
"13997","2021-2022","OKLAHOMA","4013230",0,0,0,166,166,0
"13998","2021-2022","OKLAHOMA","4013260",0,0,0,31,31,0
"13999","2021-2022","OKLAHOMA","4013290",0,0,0,78,78,0
"14000","2021-2022","OKLAHOMA","4013380",0,0,0,11,11,0
"14001","2021-2022","OKLAHOMA","4013500",0,0,0,51,51,0
"14002","2021-2022","OKLAHOMA","4013530",0,0,0,762,762,0
"14003","2021-2022","OKLAHOMA","4013560",0,0,0,868,868,0
"14004","2021-2022","OKLAHOMA","4013590",0,0,0,728,728,0
"14005","2021-2022","OKLAHOMA","4013600",0,0,0,3,3,0
"14006","2021-2022","OKLAHOMA","4013620",0,0,0,107,107,0
"14007","2021-2022","OKLAHOMA","4013650",0,0,0,89,89,0
"14008","2021-2022","OKLAHOMA","4013680",0,0,0,29,29,0
"14009","2021-2022","OKLAHOMA","4013740",0,0,0,6,6,0
"14010","2021-2022","OKLAHOMA","4013830",0,0,0,45,45,0
"14011","2021-2022","OKLAHOMA","4013890",0,0,0,467,467,0
"14012","2021-2022","OKLAHOMA","4013920",0,0,0,191,191,0
"14013","2021-2022","OKLAHOMA","4013950",0,0,0,233,233,0
"14014","2021-2022","OKLAHOMA","4014080",0,0,0,212,212,0
"14015","2021-2022","OKLAHOMA","4014100",0,0,0,3,3,0
"14016","2021-2022","OKLAHOMA","4014130",0,0,0,176,176,0
"14017","2021-2022","OKLAHOMA","4014160",0,0,0,6,6,0
"14018","2021-2022","OKLAHOMA","4014340",0,0,0,152,152,0
"14019","2021-2022","OKLAHOMA","4014370",0,0,0,431,431,0
"14020","2021-2022","OKLAHOMA","4014520",0,0,0,383,383,0
"14021","2021-2022","OKLAHOMA","4014610",0,0,0,165,165,0
"14022","2021-2022","OKLAHOMA","4014670",0,0,0,6,6,0
"14023","2021-2022","OKLAHOMA","4014700",0,0,0,286,286,0
"14024","2021-2022","OKLAHOMA","4014730",0,0,0,123,123,0
"14025","2021-2022","OKLAHOMA","4014790",0,0,0,379,379,0
"14026","2021-2022","OKLAHOMA","4014850",0,0,0,205,205,0
"14027","2021-2022","OKLAHOMA","4014890",0,0,0,63,63,0
"14028","2021-2022","OKLAHOMA","4014970",0,0,0,215,215,0
"14029","2021-2022","OKLAHOMA","4015090",0,0,0,40,40,0
"14030","2021-2022","OKLAHOMA","4015120",0,0,0,186,186,0
"14031","2021-2022","OKLAHOMA","4015210",0,0,0,485,485,0
"14032","2021-2022","OKLAHOMA","4015240",0,0,0,195,195,0
"14033","2021-2022","OKLAHOMA","4015370",0,0,0,1055,1055,0
"14034","2021-2022","OKLAHOMA","4015420",0,0,0,57,57,0
"14035","2021-2022","OKLAHOMA","4015450",0,0,0,104,104,0
"14036","2021-2022","OKLAHOMA","4015480",0,0,0,272,272,0
"14037","2021-2022","OKLAHOMA","4015690",0,0,0,428,428,0
"14038","2021-2022","OKLAHOMA","4015720",0,0,0,2095,2095,0
"14039","2021-2022","OKLAHOMA","4015750",0,0,0,3,3,0
"14040","2021-2022","OKLAHOMA","4015840",0,0,0,227,227,0
"14041","2021-2022","OKLAHOMA","4015900",0,0,0,72,72,0
"14042","2021-2022","OKLAHOMA","4015930",0,0,0,87,87,0
"14043","2021-2022","OKLAHOMA","4015990",0,0,0,316,316,0
"14044","2021-2022","OKLAHOMA","4016170",0,0,0,182,182,0
"14045","2021-2022","OKLAHOMA","4016320",0,0,0,40,40,0
"14046","2021-2022","OKLAHOMA","4016350",0,0,0,170,170,0
"14047","2021-2022","OKLAHOMA","4016380",0,0,0,170,170,0
"14048","2021-2022","OKLAHOMA","4016470",0,0,0,97,97,0
"14049","2021-2022","OKLAHOMA","4016500",0,0,0,139,139,0
"14050","2021-2022","OKLAHOMA","4016530",0,0,0,28,28,0
"14051","2021-2022","OKLAHOMA","4016560",0,0,0,234,234,0
"14052","2021-2022","OKLAHOMA","4016590",0,0,0,484,484,0
"14053","2021-2022","OKLAHOMA","4016620",0,0,0,118,118,0
"14054","2021-2022","OKLAHOMA","4016650",0,0,0,60,60,0
"14055","2021-2022","OKLAHOMA","4016710",0,0,0,232,232,0
"14056","2021-2022","OKLAHOMA","4016720",0,0,0,152,152,0
"14057","2021-2022","OKLAHOMA","4016740",0,0,0,32,32,0
"14058","2021-2022","OKLAHOMA","4017020",0,0,0,28,28,0
"14059","2021-2022","OKLAHOMA","4017040",0,0,0,78,78,0
"14060","2021-2022","OKLAHOMA","4017190",0,0,0,181,181,0
"14061","2021-2022","OKLAHOMA","4017220",0,0,0,74,74,0
"14062","2021-2022","OKLAHOMA","4017250",0,0,0,5075,5075,0
"14063","2021-2022","OKLAHOMA","4017280",0,0,0,102,102,0
"14064","2021-2022","OKLAHOMA","4017310",0,0,0,42,42,0
"14065","2021-2022","OKLAHOMA","4017370",0,0,0,16,16,0
"14066","2021-2022","OKLAHOMA","4017580",0,0,0,325,325,0
"14067","2021-2022","OKLAHOMA","4017700",0,0,0,164,164,0
"14068","2021-2022","OKLAHOMA","4017760",0,0,0,124,124,0
"14069","2021-2022","OKLAHOMA","4017850",0,0,0,343,343,0
"14070","2021-2022","OKLAHOMA","4017880",0,0,0,386,386,0
"14071","2021-2022","OKLAHOMA","4018000",0,0,0,468,468,0
"14072","2021-2022","OKLAHOMA","4018090",0,0,0,338,338,0
"14073","2021-2022","OKLAHOMA","4018240",0,0,0,207,207,0
"14074","2021-2022","OKLAHOMA","4018270",0,0,0,63,63,0
"14075","2021-2022","OKLAHOMA","4018390",0,0,0,33,33,0
"14076","2021-2022","OKLAHOMA","4018480",0,0,0,42,42,0
"14077","2021-2022","OKLAHOMA","4018570",0,0,0,95,95,0
"14078","2021-2022","OKLAHOMA","4018630",0,0,0,198,198,0
"14079","2021-2022","OKLAHOMA","4018660",0,0,0,110,110,0
"14080","2021-2022","OKLAHOMA","4018700",0,0,0,443,443,0
"14081","2021-2022","OKLAHOMA","4018780",0,0,0,247,247,0
"14082","2021-2022","OKLAHOMA","4018840",0,0,0,474,474,0
"14083","2021-2022","OKLAHOMA","4018870",0,0,0,53,53,0
"14084","2021-2022","OKLAHOMA","4018900",0,0,0,20,20,0
"14085","2021-2022","OKLAHOMA","4018960",0,0,0,28,28,0
"14086","2021-2022","OKLAHOMA","4018990",0,0,0,337,337,0
"14087","2021-2022","OKLAHOMA","4019080",0,0,0,326,326,0
"14088","2021-2022","OKLAHOMA","4019200",0,0,0,254,254,0
"14089","2021-2022","OKLAHOMA","4019260",0,0,0,70,70,0
"14090","2021-2022","OKLAHOMA","4019290",0,0,0,127,127,0
"14091","2021-2022","OKLAHOMA","4019380",0,0,0,164,164,0
"14092","2021-2022","OKLAHOMA","4019410",0,0,0,101,101,0
"14093","2021-2022","OKLAHOMA","4019440",0,0,0,910,910,0
"14094","2021-2022","OKLAHOMA","4019500",0,0,0,66,66,0
"14095","2021-2022","OKLAHOMA","4019560",0,0,0,458,458,0
"14096","2021-2022","OKLAHOMA","4019620",0,0,0,72,72,0
"14097","2021-2022","OKLAHOMA","4019680",0,0,0,201,201,0
"14098","2021-2022","OKLAHOMA","4019800",0,0,0,275,275,0
"14099","2021-2022","OKLAHOMA","4019860",0,0,0,1061,1061,0
"14100","2021-2022","OKLAHOMA","4019890",0,0,0,19,19,0
"14101","2021-2022","OKLAHOMA","4019950",0,0,0,4346,4346,0
"14102","2021-2022","OKLAHOMA","4019980",0,0,0,6,6,0
"14103","2021-2022","OKLAHOMA","4020040",0,0,0,58,58,0
"14104","2021-2022","OKLAHOMA","4020080",0,0,0,494,494,0
"14105","2021-2022","OKLAHOMA","4020100",0,0,0,104,104,0
"14106","2021-2022","OKLAHOMA","4020160",0,0,0,48,48,0
"14107","2021-2022","OKLAHOMA","4020190",0,0,0,43,43,0
"14108","2021-2022","OKLAHOMA","4020250",0,0,0,5061,5061,0
"14109","2021-2022","OKLAHOMA","4020280",0,0,0,113,113,0
"14110","2021-2022","OKLAHOMA","4020310",0,0,0,196,196,0
"14111","2021-2022","OKLAHOMA","4020340",0,0,0,93,93,0
"14112","2021-2022","OKLAHOMA","4020430",0,0,0,46,46,0
"14113","2021-2022","OKLAHOMA","4020460",0,0,0,70,70,0
"14114","2021-2022","OKLAHOMA","4020550",0,0,0,173,173,0
"14115","2021-2022","OKLAHOMA","4020640",0,0,0,59,59,0
"14116","2021-2022","OKLAHOMA","4020880",0,0,0,562,562,0
"14117","2021-2022","OKLAHOMA","4020910",0,0,0,53,53,0
"14118","2021-2022","OKLAHOMA","4020970",0,0,0,861,861,0
"14119","2021-2022","OKLAHOMA","4021000",0,0,0,2077,2077,0
"14120","2021-2022","OKLAHOMA","4021030",0,0,0,35,35,0
"14121","2021-2022","OKLAHOMA","4021120",0,0,0,27,27,0
"14122","2021-2022","OKLAHOMA","4021180",0,0,0,69,69,0
"14123","2021-2022","OKLAHOMA","4021360",0,0,0,96,96,0
"14124","2021-2022","OKLAHOMA","4021510",0,0,0,413,413,0
"14125","2021-2022","OKLAHOMA","4021540",0,0,0,177,177,0
"14126","2021-2022","OKLAHOMA","4021600",0,0,0,165,165,0
"14127","2021-2022","OKLAHOMA","4021630",0,0,0,884,884,0
"14128","2021-2022","OKLAHOMA","4021720",0,0,0,4597,4597,0
"14129","2021-2022","OKLAHOMA","4021780",0,0,0,111,111,0
"14130","2021-2022","OKLAHOMA","4021900",0,0,0,43,43,0
"14131","2021-2022","OKLAHOMA","4021930",0,0,0,284,284,0
"14132","2021-2022","OKLAHOMA","4022160",0,0,0,47,47,0
"14133","2021-2022","OKLAHOMA","4022350",0,0,0,21,21,0
"14134","2021-2022","OKLAHOMA","4022410",0,0,0,104,104,0
"14135","2021-2022","OKLAHOMA","4022560",0,0,0,45,45,0
"14136","2021-2022","OKLAHOMA","4022590",0,0,0,25,25,0
"14137","2021-2022","OKLAHOMA","4022620",0,0,0,104,104,0
"14138","2021-2022","OKLAHOMA","4022650",0,0,0,72,72,0
"14139","2021-2022","OKLAHOMA","4022770",0,0,0,11960,11960,0
"14140","2021-2022","OKLAHOMA","4022800",0,0,0,613,613,0
"14141","2021-2022","OKLAHOMA","4022830",0,0,0,183,183,0
"14142","2021-2022","OKLAHOMA","4022860",0,0,0,92,92,0
"14143","2021-2022","OKLAHOMA","4022950",0,0,0,28,28,0
"14144","2021-2022","OKLAHOMA","4023040",0,0,0,243,243,0
"14145","2021-2022","OKLAHOMA","4023070",0,0,0,10,10,0
"14146","2021-2022","OKLAHOMA","4023190",0,0,0,36,36,0
"14147","2021-2022","OKLAHOMA","4023220",0,0,0,45,45,0
"14148","2021-2022","OKLAHOMA","4023280",0,0,0,1345,1345,0
"14149","2021-2022","OKLAHOMA","4023340",0,0,0,50,50,0
"14150","2021-2022","OKLAHOMA","4023370",0,0,0,260,260,0
"14151","2021-2022","OKLAHOMA","4023400",0,0,0,3,3,0
"14152","2021-2022","OKLAHOMA","4023430",0,0,0,76,76,0
"14153","2021-2022","OKLAHOMA","4023550",0,0,0,442,442,0
"14154","2021-2022","OKLAHOMA","4023580",0,0,0,362,362,0
"14155","2021-2022","OKLAHOMA","4023610",0,0,0,214,214,0
"14156","2021-2022","OKLAHOMA","4023700",0,0,0,25,25,0
"14157","2021-2022","OKLAHOMA","4023730",0,0,0,3,3,0
"14158","2021-2022","OKLAHOMA","4023800",0,0,0,303,303,0
"14159","2021-2022","OKLAHOMA","4023850",0,0,0,217,217,0
"14160","2021-2022","OKLAHOMA","4023970",0,0,0,385,385,0
"14161","2021-2022","OKLAHOMA","4024150",0,0,0,94,94,0
"14162","2021-2022","OKLAHOMA","4024180",0,0,0,6,6,0
"14163","2021-2022","OKLAHOMA","4024240",0,0,0,302,302,0
"14164","2021-2022","OKLAHOMA","4024330",0,0,0,3,3,0
"14165","2021-2022","OKLAHOMA","4024510",0,0,0,94,94,0
"14166","2021-2022","OKLAHOMA","4024630",0,0,0,351,351,0
"14167","2021-2022","OKLAHOMA","4024690",0,0,0,1801,1801,0
"14168","2021-2022","OKLAHOMA","4024720",0,0,0,58,58,0
"14169","2021-2022","OKLAHOMA","4024840",0,0,0,157,157,0
"14170","2021-2022","OKLAHOMA","4024870",0,0,0,690,690,0
"14171","2021-2022","OKLAHOMA","4024930",0,0,0,244,244,0
"14172","2021-2022","OKLAHOMA","4025050",0,0,0,164,164,0
"14173","2021-2022","OKLAHOMA","4025080",0,0,0,58,58,0
"14174","2021-2022","OKLAHOMA","4025170",0,0,0,129,129,0
"14175","2021-2022","OKLAHOMA","4025200",0,0,0,826,826,0
"14176","2021-2022","OKLAHOMA","4025230",0,0,0,335,335,0
"14177","2021-2022","OKLAHOMA","4025290",0,0,0,7804,7804,0
"14178","2021-2022","OKLAHOMA","4025320",0,0,0,173,173,0
"14179","2021-2022","OKLAHOMA","4025410",0,0,0,160,160,0
"14180","2021-2022","OKLAHOMA","4025470",0,0,0,191,191,0
"14181","2021-2022","OKLAHOMA","4025500",0,0,0,113,113,0
"14182","2021-2022","OKLAHOMA","4025530",0,0,0,39,39,0
"14183","2021-2022","OKLAHOMA","4025590",0,0,0,110,110,0
"14184","2021-2022","OKLAHOMA","4025800",0,0,0,23,23,0
"14185","2021-2022","OKLAHOMA","4025860",0,0,0,158,158,0
"14186","2021-2022","OKLAHOMA","4025920",0,0,0,68,68,0
"14187","2021-2022","OKLAHOMA","4025950",0,0,0,80,80,0
"14188","2021-2022","OKLAHOMA","4026010",0,0,0,63,63,0
"14189","2021-2022","OKLAHOMA","4026100",0,0,0,52,52,0
"14190","2021-2022","OKLAHOMA","4026250",0,0,0,80,80,0
"14191","2021-2022","OKLAHOMA","4026280",0,0,0,63,63,0
"14192","2021-2022","OKLAHOMA","4026310",0,0,0,309,309,0
"14193","2021-2022","OKLAHOMA","4026550",0,0,0,166,166,0
"14194","2021-2022","OKLAHOMA","4026580",0,0,0,3,3,0
"14195","2021-2022","OKLAHOMA","4026610",0,0,0,95,95,0
"14196","2021-2022","OKLAHOMA","4026640",0,0,0,48,48,0
"14197","2021-2022","OKLAHOMA","4026730",0,0,0,218,218,0
"14198","2021-2022","OKLAHOMA","4026790",0,0,0,804,804,0
"14199","2021-2022","OKLAHOMA","4026880",0,0,0,1349,1349,0
"14200","2021-2022","OKLAHOMA","4026910",0,0,0,1098,1098,0
"14201","2021-2022","OKLAHOMA","4026940",0,0,0,119,119,0
"14202","2021-2022","OKLAHOMA","4027000",0,0,0,93,93,0
"14203","2021-2022","OKLAHOMA","4027060",0,0,0,209,209,0
"14204","2021-2022","OKLAHOMA","4027090",0,0,0,110,110,0
"14205","2021-2022","OKLAHOMA","4027240",0,0,0,66,66,0
"14206","2021-2022","OKLAHOMA","4027300",0,0,0,662,662,0
"14207","2021-2022","OKLAHOMA","4027330",0,0,0,89,89,0
"14208","2021-2022","OKLAHOMA","4027390",0,0,0,257,257,0
"14209","2021-2022","OKLAHOMA","4027420",0,0,0,41,41,0
"14210","2021-2022","OKLAHOMA","4027450",0,0,0,42,42,0
"14211","2021-2022","OKLAHOMA","4027540",0,0,0,53,53,0
"14212","2021-2022","OKLAHOMA","4027570",0,0,0,1892,1892,0
"14213","2021-2022","OKLAHOMA","4027630",0,0,0,97,97,0
"14214","2021-2022","OKLAHOMA","4027640",0,0,0,258,258,0
"14215","2021-2022","OKLAHOMA","4027750",0,0,0,417,417,0
"14216","2021-2022","OKLAHOMA","4027840",0,0,0,51,51,0
"14217","2021-2022","OKLAHOMA","4027930",0,0,0,152,152,0
"14218","2021-2022","OKLAHOMA","4027960",0,0,0,102,102,0
"14219","2021-2022","OKLAHOMA","4027990",0,0,0,71,71,0
"14220","2021-2022","OKLAHOMA","4028170",0,0,0,311,311,0
"14221","2021-2022","OKLAHOMA","4028200",0,0,0,425,425,0
"14222","2021-2022","OKLAHOMA","4028350",0,0,0,76,76,0
"14223","2021-2022","OKLAHOMA","4028590",0,0,0,57,57,0
"14224","2021-2022","OKLAHOMA","4028620",0,0,0,33,33,0
"14225","2021-2022","OKLAHOMA","4028650",0,0,0,333,333,0
"14226","2021-2022","OKLAHOMA","4028680",0,0,0,1407,1407,0
"14227","2021-2022","OKLAHOMA","4028710",0,0,0,504,504,0
"14228","2021-2022","OKLAHOMA","4028800",0,0,0,184,184,0
"14229","2021-2022","OKLAHOMA","4028920",0,0,0,3,3,0
"14230","2021-2022","OKLAHOMA","4028980",0,0,0,202,202,0
"14231","2021-2022","OKLAHOMA","4029010",0,0,0,86,86,0
"14232","2021-2022","OKLAHOMA","4029040",0,0,0,131,131,0
"14233","2021-2022","OKLAHOMA","4029070",0,0,0,250,250,0
"14234","2021-2022","OKLAHOMA","4029100",0,0,0,44,44,0
"14235","2021-2022","OKLAHOMA","4029160",0,0,0,388,388,0
"14236","2021-2022","OKLAHOMA","4029310",0,0,0,45,45,0
"14237","2021-2022","OKLAHOMA","4029380",0,0,0,1096,1096,0
"14238","2021-2022","OKLAHOMA","4029400",0,0,0,200,200,0
"14239","2021-2022","OKLAHOMA","4029430",0,0,0,41,41,0
"14240","2021-2022","OKLAHOMA","4029520",0,0,0,54,54,0
"14241","2021-2022","OKLAHOMA","4029610",0,0,0,700,700,0
"14242","2021-2022","OKLAHOMA","4029640",0,0,0,75,75,0
"14243","2021-2022","OKLAHOMA","4029670",0,0,0,3,3,0
"14244","2021-2022","OKLAHOMA","4029760",0,0,0,16,16,0
"14245","2021-2022","OKLAHOMA","4029820",0,0,0,17,17,0
"14246","2021-2022","OKLAHOMA","4029850",0,0,0,9,9,0
"14247","2021-2022","OKLAHOMA","4029886",0,0,0,89,89,0
"14248","2021-2022","OKLAHOMA","4030030",0,0,0,72,72,0
"14249","2021-2022","OKLAHOMA","4030048",0,0,0,109,109,0
"14250","2021-2022","OKLAHOMA","4030060",0,0,0,264,264,0
"14251","2021-2022","OKLAHOMA","4030120",0,0,0,254,254,0
"14252","2021-2022","OKLAHOMA","4030197",0,0,0,160,160,0
"14253","2021-2022","OKLAHOMA","4030240",0,0,0,12672,12672,0
"14254","2021-2022","OKLAHOMA","4030270",0,0,0,95,95,0
"14255","2021-2022","OKLAHOMA","4030290",0,0,0,27,27,0
"14256","2021-2022","OKLAHOMA","4030300",0,0,0,101,101,0
"14257","2021-2022","OKLAHOMA","4030330",0,0,0,74,74,0
"14258","2021-2022","OKLAHOMA","4030360",0,0,0,121,121,0
"14259","2021-2022","OKLAHOMA","4030390",0,0,0,4,4,0
"14260","2021-2022","OKLAHOMA","4030420",0,0,0,260,260,0
"14261","2021-2022","OKLAHOMA","4030450",0,0,0,128,128,0
"14262","2021-2022","OKLAHOMA","4030480",0,0,0,48,48,0
"14263","2021-2022","OKLAHOMA","4030600",0,0,0,3970,3970,0
"14264","2021-2022","OKLAHOMA","4030630",0,0,0,45,45,0
"14265","2021-2022","OKLAHOMA","4030870",0,0,0,255,255,0
"14266","2021-2022","OKLAHOMA","4030960",0,0,0,130,130,0
"14267","2021-2022","OKLAHOMA","4030990",0,0,0,120,120,0
"14268","2021-2022","OKLAHOMA","4031020",0,0,0,98,98,0
"14269","2021-2022","OKLAHOMA","4031080",0,0,0,98,98,0
"14270","2021-2022","OKLAHOMA","4031110",0,0,0,171,171,0
"14271","2021-2022","OKLAHOMA","4031140",0,0,0,436,436,0
"14272","2021-2022","OKLAHOMA","4031170",0,0,0,42,42,0
"14273","2021-2022","OKLAHOMA","4031290",0,0,0,342,342,0
"14274","2021-2022","OKLAHOMA","4031350",0,0,0,664,664,0
"14275","2021-2022","OKLAHOMA","4031380",0,0,0,21,21,0
"14276","2021-2022","OKLAHOMA","4031470",0,0,0,181,181,0
"14277","2021-2022","OKLAHOMA","4031500",0,0,0,61,61,0
"14278","2021-2022","OKLAHOMA","4031590",0,0,0,81,81,0
"14279","2021-2022","OKLAHOMA","4031650",0,0,0,282,282,0
"14280","2021-2022","OKLAHOMA","4031710",0,0,0,111,111,0
"14281","2021-2022","OKLAHOMA","4031770",0,0,0,292,292,0
"14282","2021-2022","OKLAHOMA","4031860",0,0,0,103,103,0
"14283","2021-2022","OKLAHOMA","4031950",0,0,0,88,88,0
"14284","2021-2022","OKLAHOMA","4031980",0,0,0,224,224,0
"14285","2021-2022","OKLAHOMA","4032010",0,0,0,156,156,0
"14286","2021-2022","OKLAHOMA","4032040",0,0,0,41,41,0
"14287","2021-2022","OKLAHOMA","4032070",0,0,0,476,476,0
"14288","2021-2022","OKLAHOMA","4032130",0,0,0,96,96,0
"14289","2021-2022","OKLAHOMA","4032190",0,0,0,87,87,0
"14290","2021-2022","OKLAHOMA","4032220",0,0,0,154,154,0
"14291","2021-2022","OKLAHOMA","4032280",0,0,0,126,126,0
"14292","2021-2022","OKLAHOMA","4032370",0,0,0,1337,1337,0
"14293","2021-2022","OKLAHOMA","4032400",0,0,0,310,310,0
"14294","2021-2022","OKLAHOMA","4032430",0,0,0,190,190,0
"14295","2021-2022","OKLAHOMA","4032460",0,0,0,307,307,0
"14296","2021-2022","OKLAHOMA","4032610",0,0,0,11,11,0
"14297","2021-2022","OKLAHOMA","4032640",0,0,0,48,48,0
"14298","2021-2022","OKLAHOMA","4032670",0,0,0,82,82,0
"14299","2021-2022","OKLAHOMA","4032700",0,0,0,45,45,0
"14300","2021-2022","OKLAHOMA","4032730",0,0,0,85,85,0
"14301","2021-2022","OKLAHOMA","4032760",0,0,0,43,43,0
"14302","2021-2022","OKLAHOMA","4032790",0,0,0,313,313,0
"14303","2021-2022","OKLAHOMA","4032880",0,0,0,155,155,0
"14304","2021-2022","OKLAHOMA","4032940",0,0,0,151,151,0
"14305","2021-2022","OKLAHOMA","4032970",0,0,0,86,86,0
"14306","2021-2022","OKLAHOMA","4033090",0,0,0,96,96,0
"14307","2021-2022","OKLAHOMA","4033180",0,0,0,575,575,0
"14308","2021-2022","OKLAHOMA","4033210",0,0,0,239,239,0
"14309","2021-2022","OKLAHOMA","4033240",0,0,0,211,211,0
"14310","2021-2022","OKLAHOMA","4033300",0,0,0,295,295,0
"14311","2021-2022","OKLAHOMA","4033330",0,0,0,47,47,0
"14312","2021-2022","OKLAHOMA","4033360",0,0,0,127,127,0
"14313","2021-2022","OKLAHOMA","4033390",0,0,0,6,6,0
"14314","2021-2022","OKLAHOMA","4033480",0,0,0,1479,1479,0
"14315","2021-2022","OKLAHOMA","4033540",0,0,0,95,95,0
"14316","2021-2022","OKLAHOMA","4033600",0,0,0,3,3,0
"14317","2021-2022","OKLAHOMA","4033601",0,0,0,125,125,0
"14318","2021-2022","OKLAHOMA","4033602",0,0,0,84,84,0
"14319","2021-2022","OKLAHOMA","4033603",0,0,0,101,101,0
"14320","2021-2022","OREGON","4100003",0,0,0,60,60,0
"14321","2021-2022","OREGON","4100009",0,0,0,247,247,0
"14322","2021-2022","OREGON","4100014",0,0,0,177,177,0
"14323","2021-2022","OREGON","4100015",0,0,0,389,389,0
"14324","2021-2022","OREGON","4100016",0,0,0,169,169,0
"14325","2021-2022","OREGON","4100019",0,0,0,208,208,0
"14326","2021-2022","OREGON","4100020",0,0,0,424,424,0
"14327","2021-2022","OREGON","4100021",0,0,0,79,79,0
"14328","2021-2022","OREGON","4100022",0,0,0,0,0,NA
"14329","2021-2022","OREGON","4100023",0,0,0,3677,3677,0
"14330","2021-2022","OREGON","4100025",0,0,0,0,0,NA
"14331","2021-2022","OREGON","4100032",0,0,0,9,9,0
"14332","2021-2022","OREGON","4100035",0,0,0,0,0,NA
"14333","2021-2022","OREGON","4100036",0,0,0,13,13,0
"14334","2021-2022","OREGON","4100040",0,0,0,70,70,0
"14335","2021-2022","OREGON","4100043",0,0,0,41,41,0
"14336","2021-2022","OREGON","4100047",0,0,0,31,31,0
"14337","2021-2022","OREGON","4100048",0,0,0,826,826,0
"14338","2021-2022","OREGON","4100640",0,0,0,97,97,0
"14339","2021-2022","OREGON","4100990",0,0,0,0,0,NA
"14340","2021-2022","OREGON","4101020",0,0,0,54,54,0
"14341","2021-2022","OREGON","4101120",0,0,0,1817,1817,0
"14342","2021-2022","OREGON","4101200",0,0,0,189,189,0
"14343","2021-2022","OREGON","4101230",0,0,0,135,135,0
"14344","2021-2022","OREGON","4101350",0,0,0,17,17,0
"14345","2021-2022","OREGON","4101470",0,0,0,44,44,0
"14346","2021-2022","OREGON","4101500",0,0,0,3,3,0
"14347","2021-2022","OREGON","4101560",0,0,0,325,325,0
"14348","2021-2022","OREGON","4101590",0,0,0,0,0,NA
"14349","2021-2022","OREGON","4101620",0,0,0,249,249,0
"14350","2021-2022","OREGON","4101660",0,0,0,124,124,0
"14351","2021-2022","OREGON","4101710",0,0,0,745,745,0
"14352","2021-2022","OREGON","4101740",0,0,0,5,5,0
"14353","2021-2022","OREGON","4101800",0,0,0,139,139,0
"14354","2021-2022","OREGON","4101830",0,0,0,127,127,0
"14355","2021-2022","OREGON","4101920",0,0,0,6307,6307,0
"14356","2021-2022","OREGON","4101980",0,0,0,2579,2579,0
"14357","2021-2022","OREGON","4102040",0,0,0,1646,1646,0
"14358","2021-2022","OREGON","4102160",0,0,0,49,49,0
"14359","2021-2022","OREGON","4102190",0,0,0,3,3,0
"14360","2021-2022","OREGON","4102310",0,0,0,316,316,0
"14361","2021-2022","OREGON","4102490",0,0,0,259,259,0
"14362","2021-2022","OREGON","4102580",0,0,0,66,66,0
"14363","2021-2022","OREGON","4102610",0,0,0,75,75,0
"14364","2021-2022","OREGON","4102640",0,0,0,793,793,0
"14365","2021-2022","OREGON","4102780",0,0,0,470,470,0
"14366","2021-2022","OREGON","4102800",0,0,0,1485,1485,0
"14367","2021-2022","OREGON","4102840",0,0,0,750,750,0
"14368","2021-2022","OREGON","4102910",0,0,0,72,72,0
"14369","2021-2022","OREGON","4102940",0,0,0,946,946,0
"14370","2021-2022","OREGON","4103260",0,0,0,173,173,0
"14371","2021-2022","OREGON","4103265",0,0,0,209,209,0
"14372","2021-2022","OREGON","4103270",0,0,0,91,91,0
"14373","2021-2022","OREGON","4103330",0,0,0,14,14,0
"14374","2021-2022","OREGON","4103390",0,0,0,276,276,0
"14375","2021-2022","OREGON","4103420",0,0,0,139,139,0
"14376","2021-2022","OREGON","4103480",0,0,0,794,794,0
"14377","2021-2022","OREGON","4103540",0,0,0,45,45,0
"14378","2021-2022","OREGON","4103600",0,0,0,65,65,0
"14379","2021-2022","OREGON","4103630",0,0,0,121,121,0
"14380","2021-2022","OREGON","4103660",0,0,0,758,758,0
"14381","2021-2022","OREGON","4103690",0,0,0,225,225,0
"14382","2021-2022","OREGON","4103720",0,0,0,545,545,0
"14383","2021-2022","OREGON","4103780",0,0,0,52,52,0
"14384","2021-2022","OREGON","4103840",0,0,0,183,183,0
"14385","2021-2022","OREGON","4103860",0,0,0,509,509,0
"14386","2021-2022","OREGON","4103940",0,0,0,4031,4031,0
"14387","2021-2022","OREGON","4103960",0,0,0,97,97,0
"14388","2021-2022","OREGON","4103990",0,0,0,215,215,0
"14389","2021-2022","OREGON","4104020",0,0,0,12,12,0
"14390","2021-2022","OREGON","4104170",0,0,0,0,0,NA
"14391","2021-2022","OREGON","4104290",0,0,0,0,0,NA
"14392","2021-2022","OREGON","4104350",0,0,0,85,85,0
"14393","2021-2022","OREGON","4104380",0,0,0,6,6,0
"14394","2021-2022","OREGON","4104410",0,0,0,68,68,0
"14395","2021-2022","OREGON","4104500",0,0,0,1103,1103,0
"14396","2021-2022","OREGON","4104530",0,0,0,49,49,0
"14397","2021-2022","OREGON","4104590",0,0,0,131,131,0
"14398","2021-2022","OREGON","4104620",0,0,0,46,46,0
"14399","2021-2022","OREGON","4104700",0,0,0,394,394,0
"14400","2021-2022","OREGON","4104740",0,0,0,3954,3954,0
"14401","2021-2022","OREGON","4104950",0,0,0,266,266,0
"14402","2021-2022","OREGON","4105020",0,0,0,3,3,0
"14403","2021-2022","OREGON","4105080",0,0,0,46,46,0
"14404","2021-2022","OREGON","4105100",0,0,0,442,442,0
"14405","2021-2022","OREGON","4105160",0,0,0,1421,1421,0
"14406","2021-2022","OREGON","4105250",0,0,0,124,124,0
"14407","2021-2022","OREGON","4105310",0,0,0,0,0,NA
"14408","2021-2022","OREGON","4105430",0,0,0,118,118,0
"14409","2021-2022","OREGON","4105610",0,0,0,411,411,0
"14410","2021-2022","OREGON","4105640",0,0,0,140,140,0
"14411","2021-2022","OREGON","4105670",0,0,0,109,109,0
"14412","2021-2022","OREGON","4105760",0,0,0,102,102,0
"14413","2021-2022","OREGON","4105910",0,0,0,1262,1262,0
"14414","2021-2022","OREGON","4106000",0,0,0,3282,3282,0
"14415","2021-2022","OREGON","4106120",0,0,0,51,51,0
"14416","2021-2022","OREGON","4106270",0,0,0,14,14,0
"14417","2021-2022","OREGON","4106300",0,0,0,1047,1047,0
"14418","2021-2022","OREGON","4106510",0,0,0,529,529,0
"14419","2021-2022","OREGON","4106600",0,0,0,57,57,0
"14420","2021-2022","OREGON","4106630",0,0,0,41,41,0
"14421","2021-2022","OREGON","4106710",0,0,0,189,189,0
"14422","2021-2022","OREGON","4106740",0,0,0,1403,1403,0
"14423","2021-2022","OREGON","4106750",0,0,0,32,32,0
"14424","2021-2022","OREGON","4106780",0,0,0,122,122,0
"14425","2021-2022","OREGON","4106820",0,0,0,6,6,0
"14426","2021-2022","OREGON","4106870",0,0,0,70,70,0
"14427","2021-2022","OREGON","4106900",0,0,0,1773,1773,0
"14428","2021-2022","OREGON","4106930",0,0,0,260,260,0
"14429","2021-2022","OREGON","4106960",0,0,0,0,0,NA
"14430","2021-2022","OREGON","4107020",0,0,0,2286,2286,0
"14431","2021-2022","OREGON","4107080",0,0,0,803,803,0
"14432","2021-2022","OREGON","4107200",0,0,0,506,506,0
"14433","2021-2022","OREGON","4107230",0,0,0,161,161,0
"14434","2021-2022","OREGON","4107280",0,0,0,145,145,0
"14435","2021-2022","OREGON","4107380",0,0,0,913,913,0
"14436","2021-2022","OREGON","4107500",0,0,0,1749,1749,0
"14437","2021-2022","OREGON","4107530",0,0,0,11,11,0
"14438","2021-2022","OREGON","4107590",0,0,0,200,200,0
"14439","2021-2022","OREGON","4107710",0,0,0,49,49,0
"14440","2021-2022","OREGON","4107740",0,0,0,133,133,0
"14441","2021-2022","OREGON","4107980",0,0,0,58,58,0
"14442","2021-2022","OREGON","4108010",0,0,0,1282,1282,0
"14443","2021-2022","OREGON","4108040",0,0,0,4438,4438,0
"14444","2021-2022","OREGON","4108100",0,0,0,1294,1294,0
"14445","2021-2022","OREGON","4108160",0,0,0,350,350,0
"14446","2021-2022","OREGON","4108280",0,0,0,508,508,0
"14447","2021-2022","OREGON","4108310",0,0,0,395,395,0
"14448","2021-2022","OREGON","4108430",0,0,0,67,67,0
"14449","2021-2022","OREGON","4108460",0,0,0,18,18,0
"14450","2021-2022","OREGON","4108520",0,0,0,539,539,0
"14451","2021-2022","OREGON","4108550",0,0,0,115,115,0
"14452","2021-2022","OREGON","4108650",0,0,0,110,110,0
"14453","2021-2022","OREGON","4108700",0,0,0,120,120,0
"14454","2021-2022","OREGON","4108720",0,0,0,526,526,0
"14455","2021-2022","OREGON","4108820",0,0,0,1288,1288,0
"14456","2021-2022","OREGON","4108830",0,0,0,2968,2968,0
"14457","2021-2022","OREGON","4108880",0,0,0,267,267,0
"14458","2021-2022","OREGON","4108940",0,0,0,68,68,0
"14459","2021-2022","OREGON","4109000",0,0,0,482,482,0
"14460","2021-2022","OREGON","4109120",0,0,0,126,126,0
"14461","2021-2022","OREGON","4109150",0,0,0,192,192,0
"14462","2021-2022","OREGON","4109270",0,0,0,828,828,0
"14463","2021-2022","OREGON","4109330",0,0,0,909,909,0
"14464","2021-2022","OREGON","4109430",0,0,0,35,35,0
"14465","2021-2022","OREGON","4109480",0,0,0,1224,1224,0
"14466","2021-2022","OREGON","4109510",0,0,0,651,651,0
"14467","2021-2022","OREGON","4109530",0,0,0,38,38,0
"14468","2021-2022","OREGON","4109600",0,0,0,185,185,0
"14469","2021-2022","OREGON","4109630",0,0,0,611,611,0
"14470","2021-2022","OREGON","4109660",0,0,0,87,87,0
"14471","2021-2022","OREGON","4109690",0,0,0,0,0,NA
"14472","2021-2022","OREGON","4109720",0,0,0,52,52,0
"14473","2021-2022","OREGON","4109750",0,0,0,4,4,0
"14474","2021-2022","OREGON","4109870",0,0,0,184,184,0
"14475","2021-2022","OREGON","4109960",0,0,0,3,3,0
"14476","2021-2022","OREGON","4110020",0,0,0,79,79,0
"14477","2021-2022","OREGON","4110040",0,0,0,9713,9713,0
"14478","2021-2022","OREGON","4110080",0,0,0,32,32,0
"14479","2021-2022","OREGON","4110110",0,0,0,68,68,0
"14480","2021-2022","OREGON","4110200",0,0,0,81,81,0
"14481","2021-2022","OREGON","4110350",0,0,0,1220,1220,0
"14482","2021-2022","OREGON","4110410",0,0,0,78,78,0
"14483","2021-2022","OREGON","4110520",0,0,0,4509,4509,0
"14484","2021-2022","OREGON","4110530",0,0,0,124,124,0
"14485","2021-2022","OREGON","4110560",0,0,0,3,3,0
"14486","2021-2022","OREGON","4110680",0,0,0,346,346,0
"14487","2021-2022","OREGON","4110710",0,0,0,1195,1195,0
"14488","2021-2022","OREGON","4110820",0,0,0,13190,13190,0
"14489","2021-2022","OREGON","4110890",0,0,0,767,767,0
"14490","2021-2022","OREGON","4110980",0,0,0,354,354,0
"14491","2021-2022","OREGON","4111040",0,0,0,322,322,0
"14492","2021-2022","OREGON","4111100",0,0,0,322,322,0
"14493","2021-2022","OREGON","4111220",0,0,0,255,255,0
"14494","2021-2022","OREGON","4111250",0,0,0,41,41,0
"14495","2021-2022","OREGON","4111290",0,0,0,205,205,0
"14496","2021-2022","OREGON","4111400",0,0,0,105,105,0
"14497","2021-2022","OREGON","4111450",0,0,0,336,336,0
"14498","2021-2022","OREGON","4111490",0,0,0,125,125,0
"14499","2021-2022","OREGON","4111580",0,0,0,566,566,0
"14500","2021-2022","OREGON","4111610",0,0,0,447,447,0
"14501","2021-2022","OREGON","4111640",0,0,0,7,7,0
"14502","2021-2022","OREGON","4111670",0,0,0,2089,2089,0
"14503","2021-2022","OREGON","4111720",0,0,0,458,458,0
"14504","2021-2022","OREGON","4111760",0,0,0,39,39,0
"14505","2021-2022","OREGON","4111790",0,0,0,107,107,0
"14506","2021-2022","OREGON","4111910",0,0,0,0,0,NA
"14507","2021-2022","OREGON","4111940",0,0,0,427,427,0
"14508","2021-2022","OREGON","4111970",0,0,0,582,582,0
"14509","2021-2022","OREGON","4112240",0,0,0,1942,1942,0
"14510","2021-2022","OREGON","4112320",0,0,0,351,351,0
"14511","2021-2022","OREGON","4112360",0,0,0,0,0,NA
"14512","2021-2022","OREGON","4112540",0,0,0,6,6,0
"14513","2021-2022","OREGON","4112600",0,0,0,441,441,0
"14514","2021-2022","OREGON","4112690",0,0,0,84,84,0
"14515","2021-2022","OREGON","4112930",0,0,0,105,105,0
"14516","2021-2022","OREGON","4112990",0,0,0,49,49,0
"14517","2021-2022","OREGON","4113080",0,0,0,140,140,0
"14518","2021-2022","OREGON","4113170",0,0,0,530,530,0
"14519","2021-2022","OREGON","4113350",0,0,0,332,332,0
"14520","2021-2022","OREGON","4113490",0,0,0,350,350,0
"14521","2021-2022","OREGON","4113530",0,0,0,1269,1269,0
"14522","2021-2022","OREGON","4113650",0,0,0,76,76,0
"14523","2021-2022","OREGON","4180180",0,0,0,143,143,0
"14524","2021-2022","PENNSYLVANIA","4200001",0,0,0,0,0,NA
"14525","2021-2022","PENNSYLVANIA","4200003",0,0,0,0,0,NA
"14526","2021-2022","PENNSYLVANIA","4200007",0,0,0,0,0,NA
"14527","2021-2022","PENNSYLVANIA","4200011",0,193,193,0,193,1
"14528","2021-2022","PENNSYLVANIA","4200012",3,51,54,0,54,1
"14529","2021-2022","PENNSYLVANIA","4200013",0,1218,1218,0,1218,1
"14530","2021-2022","PENNSYLVANIA","4200014",0,594,594,0,594,1
"14531","2021-2022","PENNSYLVANIA","4200016",0,166,166,0,166,1
"14532","2021-2022","PENNSYLVANIA","4200017",0,202,202,0,202,1
"14533","2021-2022","PENNSYLVANIA","4200018",0,290,290,0,290,1
"14534","2021-2022","PENNSYLVANIA","4200019",0,307,307,0,307,1
"14535","2021-2022","PENNSYLVANIA","4200020",24,482,506,0,506,1
"14536","2021-2022","PENNSYLVANIA","4200021",0,153,153,0,153,1
"14537","2021-2022","PENNSYLVANIA","4200023",3,13,16,0,16,1
"14538","2021-2022","PENNSYLVANIA","4200024",0,10,10,0,10,1
"14539","2021-2022","PENNSYLVANIA","4200025",0,9,9,0,9,1
"14540","2021-2022","PENNSYLVANIA","4200026",0,193,193,0,193,1
"14541","2021-2022","PENNSYLVANIA","4200027",0,210,210,0,210,1
"14542","2021-2022","PENNSYLVANIA","4200028",0,0,0,0,0,NA
"14543","2021-2022","PENNSYLVANIA","4200030",13,480,493,0,493,1
"14544","2021-2022","PENNSYLVANIA","4200035",0,4547,4547,0,4547,1
"14545","2021-2022","PENNSYLVANIA","4200036",0,608,608,0,608,1
"14546","2021-2022","PENNSYLVANIA","4200038",0,454,454,0,454,1
"14547","2021-2022","PENNSYLVANIA","4200039",0,558,558,0,558,1
"14548","2021-2022","PENNSYLVANIA","4200040",0,258,258,0,258,1
"14549","2021-2022","PENNSYLVANIA","4200041",0,982,982,0,982,1
"14550","2021-2022","PENNSYLVANIA","4200042",0,166,166,0,166,1
"14551","2021-2022","PENNSYLVANIA","4200043",0,363,363,0,363,1
"14552","2021-2022","PENNSYLVANIA","4200044",0,3,3,0,3,1
"14553","2021-2022","PENNSYLVANIA","4200048",0,64,64,0,64,1
"14554","2021-2022","PENNSYLVANIA","4200049",0,0,0,0,0,NA
"14555","2021-2022","PENNSYLVANIA","4200050",38,1272,1310,0,1310,1
"14556","2021-2022","PENNSYLVANIA","4200051",65,639,704,0,704,1
"14557","2021-2022","PENNSYLVANIA","4200052",0,469,469,0,469,1
"14558","2021-2022","PENNSYLVANIA","4200055",0,571,571,0,571,1
"14559","2021-2022","PENNSYLVANIA","4200056",55,747,802,0,802,1
"14560","2021-2022","PENNSYLVANIA","4200058",0,267,267,0,267,1
"14561","2021-2022","PENNSYLVANIA","4200060",0,984,984,0,984,1
"14562","2021-2022","PENNSYLVANIA","4200061",46,452,498,0,498,1
"14563","2021-2022","PENNSYLVANIA","4200062",0,1147,1147,0,1147,1
"14564","2021-2022","PENNSYLVANIA","4200063",15,259,274,0,274,1
"14565","2021-2022","PENNSYLVANIA","4200064",0,0,0,0,0,NA
"14566","2021-2022","PENNSYLVANIA","4200065",0,665,665,0,665,1
"14567","2021-2022","PENNSYLVANIA","4200067",6,319,325,0,325,1
"14568","2021-2022","PENNSYLVANIA","4200068",0,617,617,0,617,1
"14569","2021-2022","PENNSYLVANIA","4200069",0,0,0,0,0,NA
"14570","2021-2022","PENNSYLVANIA","4200070",0,0,0,0,0,NA
"14571","2021-2022","PENNSYLVANIA","4200071",0,0,0,0,0,NA
"14572","2021-2022","PENNSYLVANIA","4200073",0,574,574,0,574,1
"14573","2021-2022","PENNSYLVANIA","4200074",105,1520,1625,0,1625,1
"14574","2021-2022","PENNSYLVANIA","4200075",0,1486,1486,0,1486,1
"14575","2021-2022","PENNSYLVANIA","4200076",0,1299,1299,0,1299,1
"14576","2021-2022","PENNSYLVANIA","4200077",71,693,764,0,764,1
"14577","2021-2022","PENNSYLVANIA","4200079",0,1512,1512,0,1512,1
"14578","2021-2022","PENNSYLVANIA","4200084",0,566,566,0,566,1
"14579","2021-2022","PENNSYLVANIA","4200085",0,484,484,0,484,1
"14580","2021-2022","PENNSYLVANIA","4200086",0,398,398,0,398,1
"14581","2021-2022","PENNSYLVANIA","4200087",0,0,0,0,0,NA
"14582","2021-2022","PENNSYLVANIA","4200088",483,1157,1640,0,1640,1
"14583","2021-2022","PENNSYLVANIA","4200091",19,248,267,0,267,1
"14584","2021-2022","PENNSYLVANIA","4200092",0,696,696,0,696,1
"14585","2021-2022","PENNSYLVANIA","4200093",0,1779,1779,0,1779,1
"14586","2021-2022","PENNSYLVANIA","4200094",0,343,343,0,343,1
"14587","2021-2022","PENNSYLVANIA","4200095",0,127,127,0,127,1
"14588","2021-2022","PENNSYLVANIA","4200096",0,135,135,0,135,1
"14589","2021-2022","PENNSYLVANIA","4200098",10,716,726,0,726,1
"14590","2021-2022","PENNSYLVANIA","4200099",0,204,204,0,204,1
"14591","2021-2022","PENNSYLVANIA","4200100",1,132,133,0,133,1
"14592","2021-2022","PENNSYLVANIA","4200101",57,541,598,0,598,1
"14593","2021-2022","PENNSYLVANIA","4200104",0,193,193,0,193,1
"14594","2021-2022","PENNSYLVANIA","4200105",0,620,620,0,620,1
"14595","2021-2022","PENNSYLVANIA","4200106",0,931,931,0,931,1
"14596","2021-2022","PENNSYLVANIA","4200107",0,620,620,0,620,1
"14597","2021-2022","PENNSYLVANIA","4200108",0,651,651,0,651,1
"14598","2021-2022","PENNSYLVANIA","4200111",0,529,529,0,529,1
"14599","2021-2022","PENNSYLVANIA","4200114",2,42,44,0,44,1
"14600","2021-2022","PENNSYLVANIA","4200115",0,430,430,0,430,1
"14601","2021-2022","PENNSYLVANIA","4200118",21,15,36,0,36,1
"14602","2021-2022","PENNSYLVANIA","4200119",1439,7860,9299,0,9299,1
"14603","2021-2022","PENNSYLVANIA","4200121",0,356,356,0,356,1
"14604","2021-2022","PENNSYLVANIA","4200122",0,836,836,0,836,1
"14605","2021-2022","PENNSYLVANIA","4200123",0,601,601,0,601,1
"14606","2021-2022","PENNSYLVANIA","4200124",0,235,235,0,235,1
"14607","2021-2022","PENNSYLVANIA","4200125",111,595,706,0,706,1
"14608","2021-2022","PENNSYLVANIA","4200126",20,231,251,0,251,1
"14609","2021-2022","PENNSYLVANIA","4200127",536,953,1489,0,1489,1
"14610","2021-2022","PENNSYLVANIA","4200128",123,419,542,0,542,1
"14611","2021-2022","PENNSYLVANIA","4200129",0,600,600,0,600,1
"14612","2021-2022","PENNSYLVANIA","4200130",0,211,211,0,211,1
"14613","2021-2022","PENNSYLVANIA","4200133",0,80,80,0,80,1
"14614","2021-2022","PENNSYLVANIA","4200134",0,346,346,0,346,1
"14615","2021-2022","PENNSYLVANIA","4200135",0,350,350,0,350,1
"14616","2021-2022","PENNSYLVANIA","4200136",0,287,287,0,287,1
"14617","2021-2022","PENNSYLVANIA","4200137",8,138,146,0,146,1
"14618","2021-2022","PENNSYLVANIA","4200139",0,754,754,0,754,1
"14619","2021-2022","PENNSYLVANIA","4200140",498,1728,2226,0,2226,1
"14620","2021-2022","PENNSYLVANIA","4200141",0,248,248,0,248,1
"14621","2021-2022","PENNSYLVANIA","4200143",22,66,88,0,88,1
"14622","2021-2022","PENNSYLVANIA","4200144",0,1273,1273,0,1273,1
"14623","2021-2022","PENNSYLVANIA","4200145",0,746,746,0,746,1
"14624","2021-2022","PENNSYLVANIA","4200749",0,0,0,0,0,NA
"14625","2021-2022","PENNSYLVANIA","4200752",0,771,771,0,771,1
"14626","2021-2022","PENNSYLVANIA","4200753",0,256,256,0,256,1
"14627","2021-2022","PENNSYLVANIA","4200758",0,735,735,0,735,1
"14628","2021-2022","PENNSYLVANIA","4200760",0,769,769,0,769,1
"14629","2021-2022","PENNSYLVANIA","4200761",0,838,838,0,838,1
"14630","2021-2022","PENNSYLVANIA","4200762",44,388,432,0,432,1
"14631","2021-2022","PENNSYLVANIA","4200810",0,718,718,0,718,1
"14632","2021-2022","PENNSYLVANIA","4200812",0,0,0,0,0,NA
"14633","2021-2022","PENNSYLVANIA","4200813",0,679,679,0,679,1
"14634","2021-2022","PENNSYLVANIA","4200814",19,119,138,0,138,1
"14635","2021-2022","PENNSYLVANIA","4200816",0,637,637,0,637,1
"14636","2021-2022","PENNSYLVANIA","4200817",66,440,506,0,506,1
"14637","2021-2022","PENNSYLVANIA","4200818",0,115,115,0,115,1
"14638","2021-2022","PENNSYLVANIA","4200819",0,661,661,0,661,1
"14639","2021-2022","PENNSYLVANIA","4200821",0,1061,1061,0,1061,1
"14640","2021-2022","PENNSYLVANIA","4200824",6,494,500,0,500,1
"14641","2021-2022","PENNSYLVANIA","4200827",0,618,618,0,618,1
"14642","2021-2022","PENNSYLVANIA","4200828",0,790,790,0,790,1
"14643","2021-2022","PENNSYLVANIA","4200829",0,751,751,0,751,1
"14644","2021-2022","PENNSYLVANIA","4200830",0,638,638,0,638,1
"14645","2021-2022","PENNSYLVANIA","4200831",0,534,534,0,534,1
"14646","2021-2022","PENNSYLVANIA","4200832",0,455,455,0,455,1
"14647","2021-2022","PENNSYLVANIA","4200833",0,836,836,0,836,1
"14648","2021-2022","PENNSYLVANIA","4200834",0,426,426,0,426,1
"14649","2021-2022","PENNSYLVANIA","4200835",50,280,330,0,330,1
"14650","2021-2022","PENNSYLVANIA","4200836",2,105,107,0,107,1
"14651","2021-2022","PENNSYLVANIA","4200839",0,667,667,0,667,1
"14652","2021-2022","PENNSYLVANIA","4200840",0,440,440,0,440,1
"14653","2021-2022","PENNSYLVANIA","4200841",0,228,228,0,228,1
"14654","2021-2022","PENNSYLVANIA","4200843",0,1671,1671,0,1671,1
"14655","2021-2022","PENNSYLVANIA","4200844",8,26,34,0,34,1
"14656","2021-2022","PENNSYLVANIA","4200845",0,345,345,0,345,1
"14657","2021-2022","PENNSYLVANIA","4200846",0,924,924,0,924,1
"14658","2021-2022","PENNSYLVANIA","4200847",0,303,303,0,303,1
"14659","2021-2022","PENNSYLVANIA","4200849",0,390,390,0,390,1
"14660","2021-2022","PENNSYLVANIA","4200850",0,736,736,0,736,1
"14661","2021-2022","PENNSYLVANIA","4200851",0,1307,1307,0,1307,1
"14662","2021-2022","PENNSYLVANIA","4200852",14,76,90,0,90,1
"14663","2021-2022","PENNSYLVANIA","4200853",0,416,416,0,416,1
"14664","2021-2022","PENNSYLVANIA","4200854",0,0,0,0,0,NA
"14665","2021-2022","PENNSYLVANIA","4200855",0,215,215,0,215,1
"14666","2021-2022","PENNSYLVANIA","4200856",0,540,540,0,540,1
"14667","2021-2022","PENNSYLVANIA","4200857",0,689,689,0,689,1
"14668","2021-2022","PENNSYLVANIA","4200858",14,857,871,0,871,1
"14669","2021-2022","PENNSYLVANIA","4200859",0,214,214,0,214,1
"14670","2021-2022","PENNSYLVANIA","4200860",3,175,178,0,178,1
"14671","2021-2022","PENNSYLVANIA","4200861",14,298,312,0,312,1
"14672","2021-2022","PENNSYLVANIA","4200862",0,688,688,0,688,1
"14673","2021-2022","PENNSYLVANIA","4200863",0,791,791,0,791,1
"14674","2021-2022","PENNSYLVANIA","4200866",0,700,700,0,700,1
"14675","2021-2022","PENNSYLVANIA","4200867",10,98,108,0,108,1
"14676","2021-2022","PENNSYLVANIA","4200870",0,557,557,0,557,1
"14677","2021-2022","PENNSYLVANIA","4200872",0,515,515,0,515,1
"14678","2021-2022","PENNSYLVANIA","4200873",0,184,184,0,184,1
"14679","2021-2022","PENNSYLVANIA","4200874",0,612,612,0,612,1
"14680","2021-2022","PENNSYLVANIA","4200875",0,0,0,0,0,NA
"14681","2021-2022","PENNSYLVANIA","4200876",2,15,17,0,17,1
"14682","2021-2022","PENNSYLVANIA","4200878",0,0,0,0,0,NA
"14683","2021-2022","PENNSYLVANIA","4200879",0,1335,1335,0,1335,1
"14684","2021-2022","PENNSYLVANIA","4200880",0,266,266,0,266,1
"14685","2021-2022","PENNSYLVANIA","4200882",0,0,0,0,0,NA
"14686","2021-2022","PENNSYLVANIA","4200883",10,325,335,0,335,1
"14687","2021-2022","PENNSYLVANIA","4200884",0,286,286,0,286,1
"14688","2021-2022","PENNSYLVANIA","4200885",0,423,423,0,423,1
"14689","2021-2022","PENNSYLVANIA","4200886",0,517,517,0,517,1
"14690","2021-2022","PENNSYLVANIA","4200887",523,2318,2841,0,2841,1
"14691","2021-2022","PENNSYLVANIA","4200888",0,822,822,0,822,1
"14692","2021-2022","PENNSYLVANIA","4200889",0,485,485,0,485,1
"14693","2021-2022","PENNSYLVANIA","4200890",0,325,325,0,325,1
"14694","2021-2022","PENNSYLVANIA","4200891",82,939,1021,0,1021,1
"14695","2021-2022","PENNSYLVANIA","4200892",0,424,424,0,424,1
"14696","2021-2022","PENNSYLVANIA","4200893",0,769,769,0,769,1
"14697","2021-2022","PENNSYLVANIA","4200894",0,518,518,0,518,1
"14698","2021-2022","PENNSYLVANIA","4200895",0,509,509,0,509,1
"14699","2021-2022","PENNSYLVANIA","4200896",0,136,136,0,136,1
"14700","2021-2022","PENNSYLVANIA","4200897",0,305,305,0,305,1
"14701","2021-2022","PENNSYLVANIA","4200898",234,1429,1663,0,1663,1
"14702","2021-2022","PENNSYLVANIA","4200899",0,92,92,0,92,1
"14703","2021-2022","PENNSYLVANIA","4200900",0,451,451,0,451,1
"14704","2021-2022","PENNSYLVANIA","4200901",0,474,474,0,474,1
"14705","2021-2022","PENNSYLVANIA","4200902",0,332,332,0,332,1
"14706","2021-2022","PENNSYLVANIA","4200903",0,1103,1103,0,1103,1
"14707","2021-2022","PENNSYLVANIA","4200904",0,145,145,0,145,1
"14708","2021-2022","PENNSYLVANIA","4200905",0,0,0,0,0,NA
"14709","2021-2022","PENNSYLVANIA","4200906",0,43,43,0,43,1
"14710","2021-2022","PENNSYLVANIA","4200907",7,69,76,0,76,1
"14711","2021-2022","PENNSYLVANIA","4202010",0,0,0,0,0,NA
"14712","2021-2022","PENNSYLVANIA","4202040",43,2098,2141,0,2141,1
"14713","2021-2022","PENNSYLVANIA","4202100",0,2869,2869,0,2869,1
"14714","2021-2022","PENNSYLVANIA","4202130",0,985,985,0,985,1
"14715","2021-2022","PENNSYLVANIA","4202190",28,332,360,0,360,1
"14716","2021-2022","PENNSYLVANIA","4202280",0,15579,15579,0,15579,1
"14717","2021-2022","PENNSYLVANIA","4202310",6,205,211,0,211,1
"14718","2021-2022","PENNSYLVANIA","4202340",172,4025,4197,0,4197,1
"14719","2021-2022","PENNSYLVANIA","4202400",40,948,988,0,988,1
"14720","2021-2022","PENNSYLVANIA","4202440",0,2186,2186,0,2186,1
"14721","2021-2022","PENNSYLVANIA","4202480",33,595,628,0,628,1
"14722","2021-2022","PENNSYLVANIA","4202490",9,443,452,0,452,1
"14723","2021-2022","PENNSYLVANIA","4202550",62,605,667,0,667,1
"14724","2021-2022","PENNSYLVANIA","4202590",37,3430,3467,0,3467,1
"14725","2021-2022","PENNSYLVANIA","4202600",6,167,173,0,173,1
"14726","2021-2022","PENNSYLVANIA","4202670",0,1949,1949,0,1949,1
"14727","2021-2022","PENNSYLVANIA","4202700",2,53,55,0,55,1
"14728","2021-2022","PENNSYLVANIA","4202760",20,145,165,0,165,1
"14729","2021-2022","PENNSYLVANIA","4202790",75,1236,1311,0,1311,1
"14730","2021-2022","PENNSYLVANIA","4202820",2,252,254,0,254,1
"14731","2021-2022","PENNSYLVANIA","4202850",16,287,303,0,303,1
"14732","2021-2022","PENNSYLVANIA","4202900",0,64,64,0,64,1
"14733","2021-2022","PENNSYLVANIA","4202910",36,483,519,0,519,1
"14734","2021-2022","PENNSYLVANIA","4202970",72,1676,1748,0,1748,1
"14735","2021-2022","PENNSYLVANIA","4203000",60,1049,1109,0,1109,1
"14736","2021-2022","PENNSYLVANIA","4203120",33,376,409,0,409,1
"14737","2021-2022","PENNSYLVANIA","4203180",22,728,750,0,750,1
"14738","2021-2022","PENNSYLVANIA","4203210",26,837,863,0,863,1
"14739","2021-2022","PENNSYLVANIA","4203240",49,467,516,0,516,1
"14740","2021-2022","PENNSYLVANIA","4203300",41,374,415,0,415,1
"14741","2021-2022","PENNSYLVANIA","4203330",120,3196,3316,0,3316,1
"14742","2021-2022","PENNSYLVANIA","4203360",9,483,492,0,492,1
"14743","2021-2022","PENNSYLVANIA","4203390",14,191,205,0,205,1
"14744","2021-2022","PENNSYLVANIA","4203420",19,245,264,0,264,1
"14745","2021-2022","PENNSYLVANIA","4203450",34,623,657,0,657,1
"14746","2021-2022","PENNSYLVANIA","4203480",0,2583,2583,0,2583,1
"14747","2021-2022","PENNSYLVANIA","4203510",13,540,553,0,553,1
"14748","2021-2022","PENNSYLVANIA","4203570",341,6376,6717,0,6717,1
"14749","2021-2022","PENNSYLVANIA","4203600",28,480,508,0,508,1
"14750","2021-2022","PENNSYLVANIA","4203630",0,1625,1625,0,1625,1
"14751","2021-2022","PENNSYLVANIA","4203660",58,879,937,0,937,1
"14752","2021-2022","PENNSYLVANIA","4203688",37,611,648,0,648,1
"14753","2021-2022","PENNSYLVANIA","4203690",0,544,544,0,544,1
"14754","2021-2022","PENNSYLVANIA","4203750",4,622,626,0,626,1
"14755","2021-2022","PENNSYLVANIA","4203840",20,625,645,0,645,1
"14756","2021-2022","PENNSYLVANIA","4203870",35,645,680,0,680,1
"14757","2021-2022","PENNSYLVANIA","4203900",0,967,967,0,967,1
"14758","2021-2022","PENNSYLVANIA","4203960",132,1607,1739,0,1739,1
"14759","2021-2022","PENNSYLVANIA","4204020",0,2449,2449,0,2449,1
"14760","2021-2022","PENNSYLVANIA","4204050",16,319,335,0,335,1
"14761","2021-2022","PENNSYLVANIA","4204080",0,1431,1431,0,1431,1
"14762","2021-2022","PENNSYLVANIA","4204140",24,554,578,0,578,1
"14763","2021-2022","PENNSYLVANIA","4204200",42,787,829,0,829,1
"14764","2021-2022","PENNSYLVANIA","4204230",172,3332,3504,0,3504,1
"14765","2021-2022","PENNSYLVANIA","4204260",31,363,394,0,394,1
"14766","2021-2022","PENNSYLVANIA","4204320",17,603,620,0,620,1
"14767","2021-2022","PENNSYLVANIA","4204500",12,405,417,0,417,1
"14768","2021-2022","PENNSYLVANIA","4204530",35,579,614,0,614,1
"14769","2021-2022","PENNSYLVANIA","4204590",122,2410,2532,0,2532,1
"14770","2021-2022","PENNSYLVANIA","4204710",15,310,325,0,325,1
"14771","2021-2022","PENNSYLVANIA","4204740",21,492,513,0,513,1
"14772","2021-2022","PENNSYLVANIA","4204830",17,131,148,0,148,1
"14773","2021-2022","PENNSYLVANIA","4204860",5,164,169,0,169,1
"14774","2021-2022","PENNSYLVANIA","4204890",80,1248,1328,0,1328,1
"14775","2021-2022","PENNSYLVANIA","4204920",0,801,801,0,801,1
"14776","2021-2022","PENNSYLVANIA","4204980",0,1408,1408,0,1408,1
"14777","2021-2022","PENNSYLVANIA","4205010",77,2015,2092,0,2092,1
"14778","2021-2022","PENNSYLVANIA","4205040",6,773,779,0,779,1
"14779","2021-2022","PENNSYLVANIA","4205070",26,451,477,0,477,1
"14780","2021-2022","PENNSYLVANIA","4205160",7,719,726,0,726,1
"14781","2021-2022","PENNSYLVANIA","4205190",130,1901,2031,0,2031,1
"14782","2021-2022","PENNSYLVANIA","4205310",99,1436,1535,0,1535,1
"14783","2021-2022","PENNSYLVANIA","4205340",39,470,509,0,509,1
"14784","2021-2022","PENNSYLVANIA","4205370",23,431,454,0,454,1
"14785","2021-2022","PENNSYLVANIA","4205400",66,8834,8900,0,8900,1
"14786","2021-2022","PENNSYLVANIA","4205430",45,615,660,0,660,1
"14787","2021-2022","PENNSYLVANIA","4205460",16,693,709,0,709,1
"14788","2021-2022","PENNSYLVANIA","4205490",80,1831,1911,0,1911,1
"14789","2021-2022","PENNSYLVANIA","4205550",151,4203,4354,0,4354,1
"14790","2021-2022","PENNSYLVANIA","4205640",34,673,707,0,707,1
"14791","2021-2022","PENNSYLVANIA","4205700",48,842,890,0,890,1
"14792","2021-2022","PENNSYLVANIA","4205730",21,280,301,0,301,1
"14793","2021-2022","PENNSYLVANIA","4205760",65,1450,1515,0,1515,1
"14794","2021-2022","PENNSYLVANIA","4205860",0,2679,2679,0,2679,1
"14795","2021-2022","PENNSYLVANIA","4205880",34,491,525,0,525,1
"14796","2021-2022","PENNSYLVANIA","4205910",114,1653,1767,0,1767,1
"14797","2021-2022","PENNSYLVANIA","4206030",0,767,767,0,767,1
"14798","2021-2022","PENNSYLVANIA","4206060",7,334,341,0,341,1
"14799","2021-2022","PENNSYLVANIA","4206090",11,322,333,0,333,1
"14800","2021-2022","PENNSYLVANIA","4206120",0,723,723,0,723,1
"14801","2021-2022","PENNSYLVANIA","4206150",0,1985,1985,0,1985,1
"14802","2021-2022","PENNSYLVANIA","4206240",0,5064,5064,0,5064,1
"14803","2021-2022","PENNSYLVANIA","4206270",70,969,1039,0,1039,1
"14804","2021-2022","PENNSYLVANIA","4206360",0,1054,1054,0,1054,1
"14805","2021-2022","PENNSYLVANIA","4206365",9,262,271,0,271,1
"14806","2021-2022","PENNSYLVANIA","4206390",23,188,211,0,211,1
"14807","2021-2022","PENNSYLVANIA","4206420",30,303,333,0,333,1
"14808","2021-2022","PENNSYLVANIA","4206430",0,676,676,0,676,1
"14809","2021-2022","PENNSYLVANIA","4206480",10,1384,1394,0,1394,1
"14810","2021-2022","PENNSYLVANIA","4206550",154,1311,1465,0,1465,1
"14811","2021-2022","PENNSYLVANIA","4206590",0,1710,1710,0,1710,1
"14812","2021-2022","PENNSYLVANIA","4206660",0,3543,3543,0,3543,1
"14813","2021-2022","PENNSYLVANIA","4206780",48,787,835,0,835,1
"14814","2021-2022","PENNSYLVANIA","4206810",0,477,477,0,477,1
"14815","2021-2022","PENNSYLVANIA","4206840",44,1763,1807,0,1807,1
"14816","2021-2022","PENNSYLVANIA","4206860",0,1848,1848,0,1848,1
"14817","2021-2022","PENNSYLVANIA","4206930",8,213,221,0,221,1
"14818","2021-2022","PENNSYLVANIA","4206960",42,1165,1207,0,1207,1
"14819","2021-2022","PENNSYLVANIA","4207050",13,488,501,0,501,1
"14820","2021-2022","PENNSYLVANIA","4207080",4,2427,2431,0,2431,1
"14821","2021-2022","PENNSYLVANIA","4207110",76,1985,2061,0,2061,1
"14822","2021-2022","PENNSYLVANIA","4207140",38,404,442,0,442,1
"14823","2021-2022","PENNSYLVANIA","4207200",39,637,676,0,676,1
"14824","2021-2022","PENNSYLVANIA","4207230",55,1933,1988,0,1988,1
"14825","2021-2022","PENNSYLVANIA","4207290",21,839,860,0,860,1
"14826","2021-2022","PENNSYLVANIA","4207320",27,680,707,0,707,1
"14827","2021-2022","PENNSYLVANIA","4207385",33,505,538,0,538,1
"14828","2021-2022","PENNSYLVANIA","4207530",88,1578,1666,0,1666,1
"14829","2021-2022","PENNSYLVANIA","4207540",34,549,583,0,583,1
"14830","2021-2022","PENNSYLVANIA","4207560",3,764,767,0,767,1
"14831","2021-2022","PENNSYLVANIA","4207590",41,726,767,0,767,1
"14832","2021-2022","PENNSYLVANIA","4207650",76,1095,1171,0,1171,1
"14833","2021-2022","PENNSYLVANIA","4207680",53,1195,1248,0,1248,1
"14834","2021-2022","PENNSYLVANIA","4207710",51,1420,1471,0,1471,1
"14835","2021-2022","PENNSYLVANIA","4207830",0,3254,3254,0,3254,1
"14836","2021-2022","PENNSYLVANIA","4207980",5,564,569,0,569,1
"14837","2021-2022","PENNSYLVANIA","4208010",0,281,281,0,281,1
"14838","2021-2022","PENNSYLVANIA","4208060",0,1390,1390,0,1390,1
"14839","2021-2022","PENNSYLVANIA","4208280",0,329,329,0,329,1
"14840","2021-2022","PENNSYLVANIA","4208460",61,791,852,0,852,1
"14841","2021-2022","PENNSYLVANIA","4208490",42,562,604,0,604,1
"14842","2021-2022","PENNSYLVANIA","4208550",168,1909,2077,0,2077,1
"14843","2021-2022","PENNSYLVANIA","4208580",19,869,888,0,888,1
"14844","2021-2022","PENNSYLVANIA","4208670",123,3146,3269,0,3269,1
"14845","2021-2022","PENNSYLVANIA","4208790",71,983,1054,0,1054,1
"14846","2021-2022","PENNSYLVANIA","4208820",59,1035,1094,0,1094,1
"14847","2021-2022","PENNSYLVANIA","4208850",35,4744,4779,0,4779,1
"14848","2021-2022","PENNSYLVANIA","4209090",33,790,823,0,823,1
"14849","2021-2022","PENNSYLVANIA","4209120",56,1092,1148,0,1148,1
"14850","2021-2022","PENNSYLVANIA","4209150",52,456,508,0,508,1
"14851","2021-2022","PENNSYLVANIA","4209240",48,788,836,0,836,1
"14852","2021-2022","PENNSYLVANIA","4209270",88,1644,1732,0,1732,1
"14853","2021-2022","PENNSYLVANIA","4209300",0,10050,10050,0,10050,1
"14854","2021-2022","PENNSYLVANIA","4209360",68,540,608,0,608,1
"14855","2021-2022","PENNSYLVANIA","4209480",77,1012,1089,0,1089,1
"14856","2021-2022","PENNSYLVANIA","4209540",22,239,261,0,261,1
"14857","2021-2022","PENNSYLVANIA","4209570",18,371,389,0,389,1
"14858","2021-2022","PENNSYLVANIA","4209600",35,377,412,0,412,1
"14859","2021-2022","PENNSYLVANIA","4209660",17,156,173,0,173,1
"14860","2021-2022","PENNSYLVANIA","4209690",0,652,652,0,652,1
"14861","2021-2022","PENNSYLVANIA","4209750",0,356,356,0,356,1
"14862","2021-2022","PENNSYLVANIA","4209780",63,610,673,0,673,1
"14863","2021-2022","PENNSYLVANIA","4209870",0,119,119,0,119,1
"14864","2021-2022","PENNSYLVANIA","4209930",0,394,394,0,394,1
"14865","2021-2022","PENNSYLVANIA","4209931",0,27,27,0,27,1
"14866","2021-2022","PENNSYLVANIA","4209932",0,0,0,0,0,NA
"14867","2021-2022","PENNSYLVANIA","4209933",0,0,0,0,0,NA
"14868","2021-2022","PENNSYLVANIA","4209934",0,20,20,0,20,1
"14869","2021-2022","PENNSYLVANIA","4209940",24,691,715,0,715,1
"14870","2021-2022","PENNSYLVANIA","4209960",29,328,357,0,357,1
"14871","2021-2022","PENNSYLVANIA","4209990",50,804,854,0,854,1
"14872","2021-2022","PENNSYLVANIA","4210070",20,1093,1113,0,1113,1
"14873","2021-2022","PENNSYLVANIA","4210110",66,835,901,0,901,1
"14874","2021-2022","PENNSYLVANIA","4210115",0,917,917,0,917,1
"14875","2021-2022","PENNSYLVANIA","4210200",31,852,883,0,883,1
"14876","2021-2022","PENNSYLVANIA","4210230",11,505,516,0,516,1
"14877","2021-2022","PENNSYLVANIA","4210350",26,422,448,0,448,1
"14878","2021-2022","PENNSYLVANIA","4210380",51,546,597,0,597,1
"14879","2021-2022","PENNSYLVANIA","4210440",43,410,453,0,453,1
"14880","2021-2022","PENNSYLVANIA","4210530",0,191,191,0,191,1
"14881","2021-2022","PENNSYLVANIA","4210590",12,513,525,0,525,1
"14882","2021-2022","PENNSYLVANIA","4210620",0,3269,3269,0,3269,1
"14883","2021-2022","PENNSYLVANIA","4210650",16,682,698,0,698,1
"14884","2021-2022","PENNSYLVANIA","4210710",63,994,1057,0,1057,1
"14885","2021-2022","PENNSYLVANIA","4210740",37,809,846,0,846,1
"14886","2021-2022","PENNSYLVANIA","4210830",11,309,320,0,320,1
"14887","2021-2022","PENNSYLVANIA","4210860",107,1699,1806,0,1806,1
"14888","2021-2022","PENNSYLVANIA","4210870",16,707,723,0,723,1
"14889","2021-2022","PENNSYLVANIA","4210920",19,1258,1277,0,1277,1
"14890","2021-2022","PENNSYLVANIA","4210950",0,2983,2983,0,2983,1
"14891","2021-2022","PENNSYLVANIA","4210970",0,0,0,0,0,NA
"14892","2021-2022","PENNSYLVANIA","4210980",41,1096,1137,0,1137,1
"14893","2021-2022","PENNSYLVANIA","4211010",57,820,877,0,877,1
"14894","2021-2022","PENNSYLVANIA","4211160",9,657,666,0,666,1
"14895","2021-2022","PENNSYLVANIA","4211190",26,232,258,0,258,1
"14896","2021-2022","PENNSYLVANIA","4211220",0,1849,1849,0,1849,1
"14897","2021-2022","PENNSYLVANIA","4211310",1,266,267,0,267,1
"14898","2021-2022","PENNSYLVANIA","4211340",54,761,815,0,815,1
"14899","2021-2022","PENNSYLVANIA","4211400",19,324,343,0,343,1
"14900","2021-2022","PENNSYLVANIA","4211420",0,1876,1876,0,1876,1
"14901","2021-2022","PENNSYLVANIA","4211450",20,1079,1099,0,1099,1
"14902","2021-2022","PENNSYLVANIA","4211490",29,649,678,0,678,1
"14903","2021-2022","PENNSYLVANIA","4211520",0,230,230,0,230,1
"14904","2021-2022","PENNSYLVANIA","4211580",0,6320,6320,0,6320,1
"14905","2021-2022","PENNSYLVANIA","4211610",68,1154,1222,0,1222,1
"14906","2021-2022","PENNSYLVANIA","4211670",61,1030,1091,0,1091,1
"14907","2021-2022","PENNSYLVANIA","4211700",0,11248,11248,0,11248,1
"14908","2021-2022","PENNSYLVANIA","4211730",35,452,487,0,487,1
"14909","2021-2022","PENNSYLVANIA","4211760",94,1590,1684,0,1684,1
"14910","2021-2022","PENNSYLVANIA","4211790",142,2033,2175,0,2175,1
"14911","2021-2022","PENNSYLVANIA","4211820",20,821,841,0,841,1
"14912","2021-2022","PENNSYLVANIA","4211880",0,2178,2178,0,2178,1
"14913","2021-2022","PENNSYLVANIA","4211940",29,1032,1061,0,1061,1
"14914","2021-2022","PENNSYLVANIA","4212030",52,602,654,0,654,1
"14915","2021-2022","PENNSYLVANIA","4212090",57,664,721,0,721,1
"14916","2021-2022","PENNSYLVANIA","4212150",46,1054,1100,0,1100,1
"14917","2021-2022","PENNSYLVANIA","4212170",107,1783,1890,0,1890,1
"14918","2021-2022","PENNSYLVANIA","4212210",0,1023,1023,0,1023,1
"14919","2021-2022","PENNSYLVANIA","4212300",0,370,370,0,370,1
"14920","2021-2022","PENNSYLVANIA","4212330",0,803,803,0,803,1
"14921","2021-2022","PENNSYLVANIA","4212335",0,457,457,0,457,1
"14922","2021-2022","PENNSYLVANIA","4212390",24,308,332,0,332,1
"14923","2021-2022","PENNSYLVANIA","4212420",4,106,110,0,110,1
"14924","2021-2022","PENNSYLVANIA","4212480",81,903,984,0,984,1
"14925","2021-2022","PENNSYLVANIA","4212540",118,639,757,0,757,1
"14926","2021-2022","PENNSYLVANIA","4212570",28,272,300,0,300,1
"14927","2021-2022","PENNSYLVANIA","4212600",102,828,930,0,930,1
"14928","2021-2022","PENNSYLVANIA","4212630",35,283,318,0,318,1
"14929","2021-2022","PENNSYLVANIA","4212660",43,515,558,0,558,1
"14930","2021-2022","PENNSYLVANIA","4212690",67,1450,1517,0,1517,1
"14931","2021-2022","PENNSYLVANIA","4212720",35,337,372,0,372,1
"14932","2021-2022","PENNSYLVANIA","4212725",135,1748,1883,0,1883,1
"14933","2021-2022","PENNSYLVANIA","4212750",4,661,665,0,665,1
"14934","2021-2022","PENNSYLVANIA","4212840",46,1884,1930,0,1930,1
"14935","2021-2022","PENNSYLVANIA","4212930",38,396,434,0,434,1
"14936","2021-2022","PENNSYLVANIA","4212990",25,366,391,0,391,1
"14937","2021-2022","PENNSYLVANIA","4213020",21,557,578,0,578,1
"14938","2021-2022","PENNSYLVANIA","4213050",15,437,452,0,452,1
"14939","2021-2022","PENNSYLVANIA","4213080",22,354,376,0,376,1
"14940","2021-2022","PENNSYLVANIA","4213110",30,657,687,0,687,1
"14941","2021-2022","PENNSYLVANIA","4213140",164,9448,9612,0,9612,1
"14942","2021-2022","PENNSYLVANIA","4213290",12,330,342,0,342,1
"14943","2021-2022","PENNSYLVANIA","4213320",86,1199,1285,0,1285,1
"14944","2021-2022","PENNSYLVANIA","4213380",19,227,246,0,246,1
"14945","2021-2022","PENNSYLVANIA","4213390",0,384,384,0,384,1
"14946","2021-2022","PENNSYLVANIA","4213440",0,4922,4922,0,4922,1
"14947","2021-2022","PENNSYLVANIA","4213470",25,245,270,0,270,1
"14948","2021-2022","PENNSYLVANIA","4213500",54,988,1042,0,1042,1
"14949","2021-2022","PENNSYLVANIA","4213590",27,450,477,0,477,1
"14950","2021-2022","PENNSYLVANIA","4213710",1,834,835,0,835,1
"14951","2021-2022","PENNSYLVANIA","4213770",35,558,593,0,593,1
"14952","2021-2022","PENNSYLVANIA","4213980",41,582,623,0,623,1
"14953","2021-2022","PENNSYLVANIA","4214100",62,803,865,0,865,1
"14954","2021-2022","PENNSYLVANIA","4214160",45,971,1016,0,1016,1
"14955","2021-2022","PENNSYLVANIA","4214190",17,314,331,0,331,1
"14956","2021-2022","PENNSYLVANIA","4214250",23,785,808,0,808,1
"14957","2021-2022","PENNSYLVANIA","4214310",21,605,626,0,626,1
"14958","2021-2022","PENNSYLVANIA","4214430",0,993,993,0,993,1
"14959","2021-2022","PENNSYLVANIA","4214460",10,363,373,0,373,1
"14960","2021-2022","PENNSYLVANIA","4214550",95,912,1007,0,1007,1
"14961","2021-2022","PENNSYLVANIA","4214580",143,1510,1653,0,1653,1
"14962","2021-2022","PENNSYLVANIA","4214730",45,524,569,0,569,1
"14963","2021-2022","PENNSYLVANIA","4214760",44,780,824,0,824,1
"14964","2021-2022","PENNSYLVANIA","4214790",11,201,212,0,212,1
"14965","2021-2022","PENNSYLVANIA","4214850",7,380,387,0,387,1
"14966","2021-2022","PENNSYLVANIA","4214880",21,488,509,0,509,1
"14967","2021-2022","PENNSYLVANIA","4214940",0,2870,2870,0,2870,1
"14968","2021-2022","PENNSYLVANIA","4215030",70,1342,1412,0,1412,1
"14969","2021-2022","PENNSYLVANIA","4215120",37,444,481,0,481,1
"14970","2021-2022","PENNSYLVANIA","4215150",15,335,350,0,350,1
"14971","2021-2022","PENNSYLVANIA","4215170",28,902,930,0,930,1
"14972","2021-2022","PENNSYLVANIA","4215210",41,1312,1353,0,1353,1
"14973","2021-2022","PENNSYLVANIA","4215240",54,1197,1251,0,1251,1
"14974","2021-2022","PENNSYLVANIA","4215270",0,236,236,0,236,1
"14975","2021-2022","PENNSYLVANIA","4215290",108,2558,2666,0,2666,1
"14976","2021-2022","PENNSYLVANIA","4215330",115,2424,2539,0,2539,1
"14977","2021-2022","PENNSYLVANIA","4215360",9,297,306,0,306,1
"14978","2021-2022","PENNSYLVANIA","4215450",15,194,209,0,209,1
"14979","2021-2022","PENNSYLVANIA","4215480",37,945,982,0,982,1
"14980","2021-2022","PENNSYLVANIA","4215510",11,551,562,0,562,1
"14981","2021-2022","PENNSYLVANIA","4215540",13,585,598,0,598,1
"14982","2021-2022","PENNSYLVANIA","4215600",0,671,671,0,671,1
"14983","2021-2022","PENNSYLVANIA","4215660",33,390,423,0,423,1
"14984","2021-2022","PENNSYLVANIA","4215720",32,663,695,0,695,1
"14985","2021-2022","PENNSYLVANIA","4215750",32,528,560,0,560,1
"14986","2021-2022","PENNSYLVANIA","4215810",36,459,495,0,495,1
"14987","2021-2022","PENNSYLVANIA","4215830",43,896,939,0,939,1
"14988","2021-2022","PENNSYLVANIA","4215900",17,408,425,0,425,1
"14989","2021-2022","PENNSYLVANIA","4215960",13,378,391,0,391,1
"14990","2021-2022","PENNSYLVANIA","4215990",0,1402,1402,0,1402,1
"14991","2021-2022","PENNSYLVANIA","4216020",0,1118,1118,0,1118,1
"14992","2021-2022","PENNSYLVANIA","4216050",22,345,367,0,367,1
"14993","2021-2022","PENNSYLVANIA","4216110",14,582,596,0,596,1
"14994","2021-2022","PENNSYLVANIA","4216170",28,695,723,0,723,1
"14995","2021-2022","PENNSYLVANIA","4216200",175,2346,2521,0,2521,1
"14996","2021-2022","PENNSYLVANIA","4216230",15,318,333,0,333,1
"14997","2021-2022","PENNSYLVANIA","4216290",72,1451,1523,0,1523,1
"14998","2021-2022","PENNSYLVANIA","4216380",77,922,999,0,999,1
"14999","2021-2022","PENNSYLVANIA","4216410",118,2705,2823,0,2823,1
"15000","2021-2022","PENNSYLVANIA","4216440",22,253,275,0,275,1
"15001","2021-2022","PENNSYLVANIA","4216500",0,3111,3111,0,3111,1
"15002","2021-2022","PENNSYLVANIA","4216530",0,1238,1238,0,1238,1
"15003","2021-2022","PENNSYLVANIA","4216620",0,2978,2978,0,2978,1
"15004","2021-2022","PENNSYLVANIA","4216740",0,1912,1912,0,1912,1
"15005","2021-2022","PENNSYLVANIA","4216860",1,126,127,0,127,1
"15006","2021-2022","PENNSYLVANIA","4216890",14,445,459,0,459,1
"15007","2021-2022","PENNSYLVANIA","4216980",0,7216,7216,0,7216,1
"15008","2021-2022","PENNSYLVANIA","4217010",5,647,652,0,652,1
"15009","2021-2022","PENNSYLVANIA","4217100",28,479,507,0,507,1
"15010","2021-2022","PENNSYLVANIA","4217130",20,210,230,0,230,1
"15011","2021-2022","PENNSYLVANIA","4217160",14,632,646,0,646,1
"15012","2021-2022","PENNSYLVANIA","4217220",16,885,901,0,901,1
"15013","2021-2022","PENNSYLVANIA","4217280",166,3382,3548,0,3548,1
"15014","2021-2022","PENNSYLVANIA","4217310",56,847,903,0,903,1
"15015","2021-2022","PENNSYLVANIA","4217370",72,1677,1749,0,1749,1
"15016","2021-2022","PENNSYLVANIA","4217430",51,486,537,0,537,1
"15017","2021-2022","PENNSYLVANIA","4217460",38,231,269,0,269,1
"15018","2021-2022","PENNSYLVANIA","4217520",50,1411,1461,0,1461,1
"15019","2021-2022","PENNSYLVANIA","4217580",21,329,350,0,350,1
"15020","2021-2022","PENNSYLVANIA","4217610",23,436,459,0,459,1
"15021","2021-2022","PENNSYLVANIA","4217640",19,719,738,0,738,1
"15022","2021-2022","PENNSYLVANIA","4217670",7,591,598,0,598,1
"15023","2021-2022","PENNSYLVANIA","4217700",11,237,248,0,248,1
"15024","2021-2022","PENNSYLVANIA","4217730",73,1087,1160,0,1160,1
"15025","2021-2022","PENNSYLVANIA","4217760",45,739,784,0,784,1
"15026","2021-2022","PENNSYLVANIA","4217770",0,981,981,0,981,1
"15027","2021-2022","PENNSYLVANIA","4217790",7,397,404,0,404,1
"15028","2021-2022","PENNSYLVANIA","4217850",14,320,334,0,334,1
"15029","2021-2022","PENNSYLVANIA","4217880",24,922,946,0,946,1
"15030","2021-2022","PENNSYLVANIA","4217940",119,1125,1244,0,1244,1
"15031","2021-2022","PENNSYLVANIA","4218030",8,830,838,0,838,1
"15032","2021-2022","PENNSYLVANIA","4218090",0,1676,1676,0,1676,1
"15033","2021-2022","PENNSYLVANIA","4218120",2,392,394,0,394,1
"15034","2021-2022","PENNSYLVANIA","4218150",0,338,338,0,338,1
"15035","2021-2022","PENNSYLVANIA","4218210",19,140,159,0,159,1
"15036","2021-2022","PENNSYLVANIA","4218240",19,237,256,0,256,1
"15037","2021-2022","PENNSYLVANIA","4218270",29,975,1004,0,1004,1
"15038","2021-2022","PENNSYLVANIA","4218300",0,2262,2262,0,2262,1
"15039","2021-2022","PENNSYLVANIA","4218330",2,264,266,0,266,1
"15040","2021-2022","PENNSYLVANIA","4218360",19,567,586,0,586,1
"15041","2021-2022","PENNSYLVANIA","4218390",40,803,843,0,843,1
"15042","2021-2022","PENNSYLVANIA","4218450",0,1769,1769,0,1769,1
"15043","2021-2022","PENNSYLVANIA","4218510",112,2294,2406,0,2406,1
"15044","2021-2022","PENNSYLVANIA","4218570",28,540,568,0,568,1
"15045","2021-2022","PENNSYLVANIA","4218580",68,1023,1091,0,1091,1
"15046","2021-2022","PENNSYLVANIA","4218590",0,2972,2972,0,2972,1
"15047","2021-2022","PENNSYLVANIA","4218630",157,2163,2320,0,2320,1
"15048","2021-2022","PENNSYLVANIA","4218660",24,731,755,0,755,1
"15049","2021-2022","PENNSYLVANIA","4218740",80,994,1074,0,1074,1
"15050","2021-2022","PENNSYLVANIA","4218750",85,1494,1579,0,1579,1
"15051","2021-2022","PENNSYLVANIA","4218780",15,360,375,0,375,1
"15052","2021-2022","PENNSYLVANIA","4218810",18,420,438,0,438,1
"15053","2021-2022","PENNSYLVANIA","4218840",168,1778,1946,0,1946,1
"15054","2021-2022","PENNSYLVANIA","4218900",76,710,786,0,786,1
"15055","2021-2022","PENNSYLVANIA","4218930",25,802,827,0,827,1
"15056","2021-2022","PENNSYLVANIA","4218960",18,182,200,0,200,1
"15057","2021-2022","PENNSYLVANIA","4218990",0,114511,114511,0,114511,1
"15058","2021-2022","PENNSYLVANIA","4219020",64,659,723,0,723,1
"15059","2021-2022","PENNSYLVANIA","4219050",68,1097,1165,0,1165,1
"15060","2021-2022","PENNSYLVANIA","4219140",20,582,602,0,602,1
"15061","2021-2022","PENNSYLVANIA","4219170",0,19271,19271,0,19271,1
"15062","2021-2022","PENNSYLVANIA","4219200",66,1601,1667,0,1667,1
"15063","2021-2022","PENNSYLVANIA","4219290",73,1625,1698,0,1698,1
"15064","2021-2022","PENNSYLVANIA","4219350",13,713,726,0,726,1
"15065","2021-2022","PENNSYLVANIA","4219470",42,1004,1046,0,1046,1
"15066","2021-2022","PENNSYLVANIA","4219500",284,2922,3206,0,3206,1
"15067","2021-2022","PENNSYLVANIA","4219530",16,460,476,0,476,1
"15068","2021-2022","PENNSYLVANIA","4219560",45,308,353,0,353,1
"15069","2021-2022","PENNSYLVANIA","4219650",38,1091,1129,0,1129,1
"15070","2021-2022","PENNSYLVANIA","4219680",0,3191,3191,0,3191,1
"15071","2021-2022","PENNSYLVANIA","4219710",32,1258,1290,0,1290,1
"15072","2021-2022","PENNSYLVANIA","4219800",0,1003,1003,0,1003,1
"15073","2021-2022","PENNSYLVANIA","4219830",0,782,782,0,782,1
"15074","2021-2022","PENNSYLVANIA","4219860",8,282,290,0,290,1
"15075","2021-2022","PENNSYLVANIA","4219890",103,1396,1499,0,1499,1
"15076","2021-2022","PENNSYLVANIA","4219920",2,339,341,0,341,1
"15077","2021-2022","PENNSYLVANIA","4220040",0,16965,16965,0,16965,1
"15078","2021-2022","PENNSYLVANIA","4220100",72,1883,1955,0,1955,1
"15079","2021-2022","PENNSYLVANIA","4220130",24,173,197,0,197,1
"15080","2021-2022","PENNSYLVANIA","4220220",0,933,933,0,933,1
"15081","2021-2022","PENNSYLVANIA","4220250",15,413,428,0,428,1
"15082","2021-2022","PENNSYLVANIA","4220310",17,340,357,0,357,1
"15083","2021-2022","PENNSYLVANIA","4220370",65,2171,2236,0,2236,1
"15084","2021-2022","PENNSYLVANIA","4220400",18,1135,1153,0,1153,1
"15085","2021-2022","PENNSYLVANIA","4220430",19,178,197,0,197,1
"15086","2021-2022","PENNSYLVANIA","4220460",0,676,676,0,676,1
"15087","2021-2022","PENNSYLVANIA","4220520",13,252,265,0,265,1
"15088","2021-2022","PENNSYLVANIA","4220550",20,491,511,0,511,1
"15089","2021-2022","PENNSYLVANIA","4220580",9,340,349,0,349,1
"15090","2021-2022","PENNSYLVANIA","4220640",29,1338,1367,0,1367,1
"15091","2021-2022","PENNSYLVANIA","4220730",28,418,446,0,446,1
"15092","2021-2022","PENNSYLVANIA","4220760",9,119,128,0,128,1
"15093","2021-2022","PENNSYLVANIA","4220850",44,402,446,0,446,1
"15094","2021-2022","PENNSYLVANIA","4220910",26,468,494,0,494,1
"15095","2021-2022","PENNSYLVANIA","4220970",41,599,640,0,640,1
"15096","2021-2022","PENNSYLVANIA","4221090",0,8990,8990,0,8990,1
"15097","2021-2022","PENNSYLVANIA","4221120",40,809,849,0,849,1
"15098","2021-2022","PENNSYLVANIA","4221150",37,812,849,0,849,1
"15099","2021-2022","PENNSYLVANIA","4221180",0,236,236,0,236,1
"15100","2021-2022","PENNSYLVANIA","4221200",59,1139,1198,0,1198,1
"15101","2021-2022","PENNSYLVANIA","4221240",0,2062,2062,0,2062,1
"15102","2021-2022","PENNSYLVANIA","4221270",8,92,100,0,100,1
"15103","2021-2022","PENNSYLVANIA","4221330",28,1454,1482,0,1482,1
"15104","2021-2022","PENNSYLVANIA","4221420",10,473,483,0,483,1
"15105","2021-2022","PENNSYLVANIA","4221490",0,1078,1078,0,1078,1
"15106","2021-2022","PENNSYLVANIA","4221510",14,403,417,0,417,1
"15107","2021-2022","PENNSYLVANIA","4221540",0,2802,2802,0,2802,1
"15108","2021-2022","PENNSYLVANIA","4221570",97,1380,1477,0,1477,1
"15109","2021-2022","PENNSYLVANIA","4221660",34,613,647,0,647,1
"15110","2021-2022","PENNSYLVANIA","4221690",18,389,407,0,407,1
"15111","2021-2022","PENNSYLVANIA","4221810",53,1162,1215,0,1215,1
"15112","2021-2022","PENNSYLVANIA","4221840",52,874,926,0,926,1
"15113","2021-2022","PENNSYLVANIA","4221870",64,1250,1314,0,1314,1
"15114","2021-2022","PENNSYLVANIA","4221910",0,1335,1335,0,1335,1
"15115","2021-2022","PENNSYLVANIA","4221930",28,539,567,0,567,1
"15116","2021-2022","PENNSYLVANIA","4222050",41,554,595,0,595,1
"15117","2021-2022","PENNSYLVANIA","4222060",6,462,468,0,468,1
"15118","2021-2022","PENNSYLVANIA","4222140",32,515,547,0,547,1
"15119","2021-2022","PENNSYLVANIA","4222170",54,677,731,0,731,1
"15120","2021-2022","PENNSYLVANIA","4222200",0,309,309,0,309,1
"15121","2021-2022","PENNSYLVANIA","4222230",20,286,306,0,306,1
"15122","2021-2022","PENNSYLVANIA","4222260",17,236,253,0,253,1
"15123","2021-2022","PENNSYLVANIA","4222290",1,249,250,0,250,1
"15124","2021-2022","PENNSYLVANIA","4222320",37,384,421,0,421,1
"15125","2021-2022","PENNSYLVANIA","4222350",32,318,350,0,350,1
"15126","2021-2022","PENNSYLVANIA","4222370",48,824,872,0,872,1
"15127","2021-2022","PENNSYLVANIA","4222380",35,646,681,0,681,1
"15128","2021-2022","PENNSYLVANIA","4222400",0,3964,3964,0,3964,1
"15129","2021-2022","PENNSYLVANIA","4222410",48,888,936,0,936,1
"15130","2021-2022","PENNSYLVANIA","4222440",99,1199,1298,0,1298,1
"15131","2021-2022","PENNSYLVANIA","4222470",80,1276,1356,0,1356,1
"15132","2021-2022","PENNSYLVANIA","4222530",41,674,715,0,715,1
"15133","2021-2022","PENNSYLVANIA","4222560",38,1259,1297,0,1297,1
"15134","2021-2022","PENNSYLVANIA","4222590",26,1087,1113,0,1113,1
"15135","2021-2022","PENNSYLVANIA","4222600",40,794,834,0,834,1
"15136","2021-2022","PENNSYLVANIA","4222620",16,443,459,0,459,1
"15137","2021-2022","PENNSYLVANIA","4222710",9,295,304,0,304,1
"15138","2021-2022","PENNSYLVANIA","4222740",61,934,995,0,995,1
"15139","2021-2022","PENNSYLVANIA","4222770",26,1033,1059,0,1059,1
"15140","2021-2022","PENNSYLVANIA","4222790",0,1272,1272,0,1272,1
"15141","2021-2022","PENNSYLVANIA","4222800",0,1316,1316,0,1316,1
"15142","2021-2022","PENNSYLVANIA","4222830",0,1172,1172,0,1172,1
"15143","2021-2022","PENNSYLVANIA","4222860",96,2027,2123,0,2123,1
"15144","2021-2022","PENNSYLVANIA","4222920",34,250,284,0,284,1
"15145","2021-2022","PENNSYLVANIA","4222980",35,416,451,0,451,1
"15146","2021-2022","PENNSYLVANIA","4223010",66,1559,1625,0,1625,1
"15147","2021-2022","PENNSYLVANIA","4223040",12,572,584,0,584,1
"15148","2021-2022","PENNSYLVANIA","4223220",49,1056,1105,0,1105,1
"15149","2021-2022","PENNSYLVANIA","4223250",0,648,648,0,648,1
"15150","2021-2022","PENNSYLVANIA","4223490",7,941,948,0,948,1
"15151","2021-2022","PENNSYLVANIA","4223550",0,1426,1426,0,1426,1
"15152","2021-2022","PENNSYLVANIA","4223640",12,402,414,0,414,1
"15153","2021-2022","PENNSYLVANIA","4223700",54,243,297,0,297,1
"15154","2021-2022","PENNSYLVANIA","4223760",76,1223,1299,0,1299,1
"15155","2021-2022","PENNSYLVANIA","4223790",54,650,704,0,704,1
"15156","2021-2022","PENNSYLVANIA","4223820",21,477,498,0,498,1
"15157","2021-2022","PENNSYLVANIA","4223850",20,1532,1552,0,1552,1
"15158","2021-2022","PENNSYLVANIA","4223880",0,254,254,0,254,1
"15159","2021-2022","PENNSYLVANIA","4223970",31,543,574,0,574,1
"15160","2021-2022","PENNSYLVANIA","4224000",58,865,923,0,923,1
"15161","2021-2022","PENNSYLVANIA","4224030",61,798,859,0,859,1
"15162","2021-2022","PENNSYLVANIA","4224060",6,409,415,0,415,1
"15163","2021-2022","PENNSYLVANIA","4224090",0,914,914,0,914,1
"15164","2021-2022","PENNSYLVANIA","4224120",19,380,399,0,399,1
"15165","2021-2022","PENNSYLVANIA","4224150",0,2351,2351,0,2351,1
"15166","2021-2022","PENNSYLVANIA","4224210",14,246,260,0,260,1
"15167","2021-2022","PENNSYLVANIA","4224240",16,400,416,0,416,1
"15168","2021-2022","PENNSYLVANIA","4224300",40,633,673,0,673,1
"15169","2021-2022","PENNSYLVANIA","4224320",0,12026,12026,0,12026,1
"15170","2021-2022","PENNSYLVANIA","4224360",35,439,474,0,474,1
"15171","2021-2022","PENNSYLVANIA","4224390",31,478,509,0,509,1
"15172","2021-2022","PENNSYLVANIA","4224480",76,1519,1595,0,1595,1
"15173","2021-2022","PENNSYLVANIA","4224510",41,1011,1052,0,1052,1
"15174","2021-2022","PENNSYLVANIA","4224540",37,843,880,0,880,1
"15175","2021-2022","PENNSYLVANIA","4224570",7,364,371,0,371,1
"15176","2021-2022","PENNSYLVANIA","4224630",13,323,336,0,336,1
"15177","2021-2022","PENNSYLVANIA","4224650",29,957,986,0,986,1
"15178","2021-2022","PENNSYLVANIA","4224750",110,1367,1477,0,1477,1
"15179","2021-2022","PENNSYLVANIA","4224790",21,497,518,0,518,1
"15180","2021-2022","PENNSYLVANIA","4224820",39,2250,2289,0,2289,1
"15181","2021-2022","PENNSYLVANIA","4224870",29,555,584,0,584,1
"15182","2021-2022","PENNSYLVANIA","4224960",59,1041,1100,0,1100,1
"15183","2021-2022","PENNSYLVANIA","4224970",50,967,1017,0,1017,1
"15184","2021-2022","PENNSYLVANIA","4224990",0,1449,1449,0,1449,1
"15185","2021-2022","PENNSYLVANIA","4225080",6,446,452,0,452,1
"15186","2021-2022","PENNSYLVANIA","4225110",167,1850,2017,0,2017,1
"15187","2021-2022","PENNSYLVANIA","4225140",29,297,326,0,326,1
"15188","2021-2022","PENNSYLVANIA","4225170",47,543,590,0,590,1
"15189","2021-2022","PENNSYLVANIA","4225200",48,749,797,0,797,1
"15190","2021-2022","PENNSYLVANIA","4225230",19,340,359,0,359,1
"15191","2021-2022","PENNSYLVANIA","4225290",69,1894,1963,0,1963,1
"15192","2021-2022","PENNSYLVANIA","4225440",1,215,216,0,216,1
"15193","2021-2022","PENNSYLVANIA","4225590",41,656,697,0,697,1
"15194","2021-2022","PENNSYLVANIA","4225650",19,296,315,0,315,1
"15195","2021-2022","PENNSYLVANIA","4225680",0,2312,2312,0,2312,1
"15196","2021-2022","PENNSYLVANIA","4225740",50,801,851,0,851,1
"15197","2021-2022","PENNSYLVANIA","4225830",87,2481,2568,0,2568,1
"15198","2021-2022","PENNSYLVANIA","4225870",0,296,296,0,296,1
"15199","2021-2022","PENNSYLVANIA","4225950",0,2940,2940,0,2940,1
"15200","2021-2022","PENNSYLVANIA","4225980",16,1176,1192,0,1192,1
"15201","2021-2022","PENNSYLVANIA","4226010",47,651,698,0,698,1
"15202","2021-2022","PENNSYLVANIA","4226040",8,262,270,0,270,1
"15203","2021-2022","PENNSYLVANIA","4226070",32,814,846,0,846,1
"15204","2021-2022","PENNSYLVANIA","4226130",28,539,567,0,567,1
"15205","2021-2022","PENNSYLVANIA","4226250",98,1888,1986,0,1986,1
"15206","2021-2022","PENNSYLVANIA","4226300",0,7016,7016,0,7016,1
"15207","2021-2022","PENNSYLVANIA","4226370",0,380,380,0,380,1
"15208","2021-2022","PENNSYLVANIA","4226390",0,4540,4540,0,4540,1
"15209","2021-2022","PENNSYLVANIA","4226400",0,923,923,0,923,1
"15210","2021-2022","PENNSYLVANIA","4226430",7,156,163,0,163,1
"15211","2021-2022","PENNSYLVANIA","4226460",126,3119,3245,0,3245,1
"15212","2021-2022","PENNSYLVANIA","4226520",0,300,300,0,300,1
"15213","2021-2022","PENNSYLVANIA","4226550",112,951,1063,0,1063,1
"15214","2021-2022","PENNSYLVANIA","4226580",158,1932,2090,0,2090,1
"15215","2021-2022","PENNSYLVANIA","4226610",16,529,545,0,545,1
"15216","2021-2022","PENNSYLVANIA","4226700",58,504,562,0,562,1
"15217","2021-2022","PENNSYLVANIA","4226730",23,935,958,0,958,1
"15218","2021-2022","PENNSYLVANIA","4226760",10,599,609,0,609,1
"15219","2021-2022","PENNSYLVANIA","4226810",5,665,670,0,670,1
"15220","2021-2022","PENNSYLVANIA","4226820",0,6163,6163,0,6163,1
"15221","2021-2022","PENNSYLVANIA","4226850",37,1002,1039,0,1039,1
"15222","2021-2022","PENNSYLVANIA","4280010",0,0,0,0,0,NA
"15223","2021-2022","PENNSYLVANIA","4280020",0,3,3,0,3,1
"15224","2021-2022","PENNSYLVANIA","4280030",0,0,0,0,0,NA
"15225","2021-2022","PENNSYLVANIA","4280040",0,0,0,0,0,NA
"15226","2021-2022","PENNSYLVANIA","4280050",0,3,3,0,3,1
"15227","2021-2022","PENNSYLVANIA","4280060",0,3,3,0,3,1
"15228","2021-2022","PENNSYLVANIA","4280070",0,13,13,0,13,1
"15229","2021-2022","PENNSYLVANIA","4280080",0,0,0,0,0,NA
"15230","2021-2022","PENNSYLVANIA","4280090",29,531,560,0,560,1
"15231","2021-2022","PENNSYLVANIA","4280100",0,0,0,0,0,NA
"15232","2021-2022","PENNSYLVANIA","4280110",0,3,3,0,3,1
"15233","2021-2022","PENNSYLVANIA","4280120",0,6,6,0,6,1
"15234","2021-2022","PENNSYLVANIA","4280130",5,77,82,0,82,1
"15235","2021-2022","PENNSYLVANIA","4280150",0,0,0,0,0,NA
"15236","2021-2022","PENNSYLVANIA","4280160",0,0,0,0,0,NA
"15237","2021-2022","PENNSYLVANIA","4280170",0,0,0,0,0,NA
"15238","2021-2022","PENNSYLVANIA","4280180",0,0,0,0,0,NA
"15239","2021-2022","PENNSYLVANIA","4280200",0,17,17,0,17,1
"15240","2021-2022","PENNSYLVANIA","4280210",0,0,0,0,0,NA
"15241","2021-2022","PENNSYLVANIA","4280220",0,178,178,0,178,1
"15242","2021-2022","PENNSYLVANIA","4280230",0,0,0,0,0,NA
"15243","2021-2022","PENNSYLVANIA","4280240",0,0,0,0,0,NA
"15244","2021-2022","PENNSYLVANIA","4280250",0,0,0,0,0,NA
"15245","2021-2022","PENNSYLVANIA","4280260",0,15,15,0,15,1
"15246","2021-2022","PENNSYLVANIA","4280270",0,14,14,0,14,1
"15247","2021-2022","PENNSYLVANIA","4280280",0,3,3,0,3,1
"15248","2021-2022","PENNSYLVANIA","4280290",0,16,16,0,16,1
"15249","2021-2022","PENNSYLVANIA","4280300",0,43,43,0,43,1
"15250","2021-2022","PENNSYLVANIA","4280310",0,0,0,0,0,NA
"15251","2021-2022","PENNSYLVANIA","4280320",2,25,27,0,27,1
"15252","2021-2022","PENNSYLVANIA","4280330",0,3,3,0,3,1
"15253","2021-2022","PENNSYLVANIA","4280340",0,0,0,0,0,NA
"15254","2021-2022","PENNSYLVANIA","4280360",0,0,0,0,0,NA
"15255","2021-2022","PENNSYLVANIA","4280370",0,5,5,0,5,1
"15256","2021-2022","PENNSYLVANIA","4280380",0,0,0,0,0,NA
"15257","2021-2022","PENNSYLVANIA","4280400",0,3,3,0,3,1
"15258","2021-2022","PENNSYLVANIA","4280420",0,16,16,0,16,1
"15259","2021-2022","PENNSYLVANIA","4280430",0,0,0,0,0,NA
"15260","2021-2022","PENNSYLVANIA","4280440",0,0,0,0,0,NA
"15261","2021-2022","PENNSYLVANIA","4280450",0,0,0,0,0,NA
"15262","2021-2022","PENNSYLVANIA","4280460",0,0,0,0,0,NA
"15263","2021-2022","PENNSYLVANIA","4280470",0,0,0,0,0,NA
"15264","2021-2022","PENNSYLVANIA","4280480",0,0,0,0,0,NA
"15265","2021-2022","PENNSYLVANIA","4280490",0,0,0,0,0,NA
"15266","2021-2022","PENNSYLVANIA","4280491",0,11,11,0,11,1
"15267","2021-2022","PENNSYLVANIA","4280500",0,0,0,0,0,NA
"15268","2021-2022","PENNSYLVANIA","4280510",0,0,0,0,0,NA
"15269","2021-2022","PENNSYLVANIA","4280520",0,3,3,0,3,1
"15270","2021-2022","PENNSYLVANIA","4280530",0,0,0,0,0,NA
"15271","2021-2022","PENNSYLVANIA","4280560",0,3,3,0,3,1
"15272","2021-2022","PENNSYLVANIA","4280570",0,0,0,0,0,NA
"15273","2021-2022","PENNSYLVANIA","4280590",0,0,0,0,0,NA
"15274","2021-2022","PENNSYLVANIA","4280620",3,26,29,0,29,1
"15275","2021-2022","PENNSYLVANIA","4280630",0,0,0,0,0,NA
"15276","2021-2022","PENNSYLVANIA","4280660",0,0,0,0,0,NA
"15277","2021-2022","PENNSYLVANIA","4280670",0,0,0,0,0,NA
"15278","2021-2022","PENNSYLVANIA","4289393",0,0,0,0,0,NA
"15279","2021-2022","PUERTO RICO","7200030",19983,221742,241725,0,241725,1
"15280","2021-2022","RHODE ISLAND","4400001",6,44,50,0,50,1
"15281","2021-2022","RHODE ISLAND","4400003",119,492,611,0,611,1
"15282","2021-2022","RHODE ISLAND","4400004",44,319,363,0,363,1
"15283","2021-2022","RHODE ISLAND","4400005",0,38,38,0,38,1
"15284","2021-2022","RHODE ISLAND","4400006",101,386,487,0,487,1
"15285","2021-2022","RHODE ISLAND","4400008",22,124,146,0,146,1
"15286","2021-2022","RHODE ISLAND","4400009",0,0,0,0,0,NA
"15287","2021-2022","RHODE ISLAND","4400014",30,137,167,0,167,1
"15288","2021-2022","RHODE ISLAND","4400015",243,1154,1397,0,1397,1
"15289","2021-2022","RHODE ISLAND","4400017",5,51,56,0,56,1
"15290","2021-2022","RHODE ISLAND","4400018",14,128,142,0,142,1
"15291","2021-2022","RHODE ISLAND","4400019",18,207,225,0,225,1
"15292","2021-2022","RHODE ISLAND","4400021",0,9,9,0,9,1
"15293","2021-2022","RHODE ISLAND","4400024",1,165,166,0,166,1
"15294","2021-2022","RHODE ISLAND","4400025",22,176,198,0,198,1
"15295","2021-2022","RHODE ISLAND","4400027",0,142,142,0,142,1
"15296","2021-2022","RHODE ISLAND","4400028",10,58,68,0,68,1
"15297","2021-2022","RHODE ISLAND","4400029",29,144,173,0,173,1
"15298","2021-2022","RHODE ISLAND","4400030",12,123,135,0,135,1
"15299","2021-2022","RHODE ISLAND","4400031",76,426,502,0,502,1
"15300","2021-2022","RHODE ISLAND","4400032",113,518,631,0,631,1
"15301","2021-2022","RHODE ISLAND","4400033",8,29,37,0,37,1
"15302","2021-2022","RHODE ISLAND","4400034",23,117,140,0,140,1
"15303","2021-2022","RHODE ISLAND","4400035",0,28,28,0,28,1
"15304","2021-2022","RHODE ISLAND","4400036",22,203,225,0,225,1
"15305","2021-2022","RHODE ISLAND","4400037",8,151,159,0,159,1
"15306","2021-2022","RHODE ISLAND","4400038",0,0,0,0,0,NA
"15307","2021-2022","RHODE ISLAND","4400039",0,108,108,0,108,1
"15308","2021-2022","RHODE ISLAND","4400065",75,571,646,0,646,1
"15309","2021-2022","RHODE ISLAND","4400090",94,481,575,0,575,1
"15310","2021-2022","RHODE ISLAND","4400120",103,2092,2195,0,2195,1
"15311","2021-2022","RHODE ISLAND","4400150",52,477,529,0,529,1
"15312","2021-2022","RHODE ISLAND","4400210",65,625,690,0,690,1
"15313","2021-2022","RHODE ISLAND","4400240",493,2888,3381,0,3381,1
"15314","2021-2022","RHODE ISLAND","4400270",63,559,622,0,622,1
"15315","2021-2022","RHODE ISLAND","4400300",8,108,116,0,116,1
"15316","2021-2022","RHODE ISLAND","4400330",113,1283,1396,0,1396,1
"15317","2021-2022","RHODE ISLAND","4400360",40,150,190,0,190,1
"15318","2021-2022","RHODE ISLAND","4400390",6,52,58,0,58,1
"15319","2021-2022","RHODE ISLAND","4400420",19,129,148,0,148,1
"15320","2021-2022","RHODE ISLAND","4400450",9,38,47,0,47,1
"15321","2021-2022","RHODE ISLAND","4400510",0,19,19,0,19,1
"15322","2021-2022","RHODE ISLAND","4400540",458,701,1159,0,1159,1
"15323","2021-2022","RHODE ISLAND","4400570",110,666,776,0,776,1
"15324","2021-2022","RHODE ISLAND","4400600",5,15,20,0,20,1
"15325","2021-2022","RHODE ISLAND","4400630",94,420,514,0,514,1
"15326","2021-2022","RHODE ISLAND","4400660",12,112,124,0,124,1
"15327","2021-2022","RHODE ISLAND","4400690",0,5,5,0,5,1
"15328","2021-2022","RHODE ISLAND","4400720",101,1151,1252,0,1252,1
"15329","2021-2022","RHODE ISLAND","4400750",0,556,556,0,556,1
"15330","2021-2022","RHODE ISLAND","4400780",199,1105,1304,0,1304,1
"15331","2021-2022","RHODE ISLAND","4400810",2,173,175,0,175,1
"15332","2021-2022","RHODE ISLAND","4400840",531,5034,5565,0,5565,1
"15333","2021-2022","RHODE ISLAND","4400870",19,176,195,0,195,1
"15334","2021-2022","RHODE ISLAND","4400900",1073,16498,17571,0,17571,1
"15335","2021-2022","RHODE ISLAND","4400960",2,114,116,0,116,1
"15336","2021-2022","RHODE ISLAND","4400990",0,174,174,0,174,1
"15337","2021-2022","RHODE ISLAND","4401020",25,304,329,0,329,1
"15338","2021-2022","RHODE ISLAND","4401050",23,242,265,0,265,1
"15339","2021-2022","RHODE ISLAND","4401110",367,1806,2173,0,2173,1
"15340","2021-2022","RHODE ISLAND","4401140",202,1419,1621,0,1621,1
"15341","2021-2022","RHODE ISLAND","4401170",118,566,684,0,684,1
"15342","2021-2022","RHODE ISLAND","4401200",278,3765,4043,0,4043,1
"15343","2021-2022","SOUTH CAROLINA","4500001",0,136,136,0,136,1
"15344","2021-2022","SOUTH CAROLINA","4500002",0,2025,2025,0,2025,1
"15345","2021-2022","SOUTH CAROLINA","4500004",0,3,3,0,3,1
"15346","2021-2022","SOUTH CAROLINA","4500007",0,0,0,0,0,NA
"15347","2021-2022","SOUTH CAROLINA","4500008",0,0,0,0,0,NA
"15348","2021-2022","SOUTH CAROLINA","4500010",0,0,0,0,0,NA
"15349","2021-2022","SOUTH CAROLINA","4500011",0,0,0,0,0,NA
"15350","2021-2022","SOUTH CAROLINA","4500690",39,1905,1944,467,2411,0.806304437992534
"15351","2021-2022","SOUTH CAROLINA","4500720",433,16535,16968,5032,22000,0.771272727272727
"15352","2021-2022","SOUTH CAROLINA","4500750",0,992,992,0,992,1
"15353","2021-2022","SOUTH CAROLINA","4500760",0,0,0,0,0,NA
"15354","2021-2022","SOUTH CAROLINA","4500780",257,3226,3483,0,3483,1
"15355","2021-2022","SOUTH CAROLINA","4500810",153,2114,2267,0,2267,1
"15356","2021-2022","SOUTH CAROLINA","4500840",67,2046,2113,0,2113,1
"15357","2021-2022","SOUTH CAROLINA","4500870",119,1431,1550,0,1550,1
"15358","2021-2022","SOUTH CAROLINA","4500900",288,8591,8879,2013,10892,0.815185457216306
"15359","2021-2022","SOUTH CAROLINA","4500930",0,1168,1168,0,1168,1
"15360","2021-2022","SOUTH CAROLINA","4500960",0,626,626,0,626,1
"15361","2021-2022","SOUTH CAROLINA","4500980",0,0,0,0,0,NA
"15362","2021-2022","SOUTH CAROLINA","4501020",0,519,519,0,519,1
"15363","2021-2022","SOUTH CAROLINA","4501050",0,726,726,104,830,0.874698795180723
"15364","2021-2022","SOUTH CAROLINA","4501080",0,1982,1982,232,2214,0.895212285456188
"15365","2021-2022","SOUTH CAROLINA","4501100",0,0,0,0,0,NA
"15366","2021-2022","SOUTH CAROLINA","4501110",943,10018,10961,1171,12132,0.903478404220244
"15367","2021-2022","SOUTH CAROLINA","4501170",1043,19255,20298,2657,22955,0.884251796994119
"15368","2021-2022","SOUTH CAROLINA","4501250",0,1545,1545,0,1545,1
"15369","2021-2022","SOUTH CAROLINA","4501440",161,25753,25914,9972,35886,0.722120046814914
"15370","2021-2022","SOUTH CAROLINA","4501500",322,6262,6584,972,7556,0.8713605082054
"15371","2021-2022","SOUTH CAROLINA","4501530",0,4171,4171,1811,5982,0.697258441992645
"15372","2021-2022","SOUTH CAROLINA","4501560",0,6901,6901,3139,10040,0.687350597609562
"15373","2021-2022","SOUTH CAROLINA","4501600",0,0,0,0,0,NA
"15374","2021-2022","SOUTH CAROLINA","4501770",0,2453,2453,1510,3963,0.618975523593237
"15375","2021-2022","SOUTH CAROLINA","4501830",0,4971,4971,751,5722,0.868752184550856
"15376","2021-2022","SOUTH CAROLINA","4501860",0,9223,9223,3638,12861,0.717129305652749
"15377","2021-2022","SOUTH CAROLINA","4501870",0,0,0,0,0,NA
"15378","2021-2022","SOUTH CAROLINA","4501920",0,3876,3876,114,3990,0.971428571428571
"15379","2021-2022","SOUTH CAROLINA","4501950",86,910,996,0,996,1
"15380","2021-2022","SOUTH CAROLINA","4501990",0,0,0,0,0,NA
"15381","2021-2022","SOUTH CAROLINA","4502010",1701,11153,12854,443,13297,0.96668421448447
"15382","2021-2022","SOUTH CAROLINA","4502070",128,1853,1981,0,1981,1
"15383","2021-2022","SOUTH CAROLINA","4502100",0,2363,2363,196,2559,0.923407581086362
"15384","2021-2022","SOUTH CAROLINA","4502130",346,12055,12401,1475,13876,0.893701354857308
"15385","2021-2022","SOUTH CAROLINA","4502160",10,986,996,0,996,1
"15386","2021-2022","SOUTH CAROLINA","4502190",0,3140,3140,0,3140,1
"15387","2021-2022","SOUTH CAROLINA","4502220",0,281,281,0,281,1
"15388","2021-2022","SOUTH CAROLINA","4502250",0,856,856,0,856,1
"15389","2021-2022","SOUTH CAROLINA","4502280",54,6596,6650,1265,7915,0.84017687934302
"15390","2021-2022","SOUTH CAROLINA","4502310",2508,37990,40498,5119,45617,0.887783063331653
"15391","2021-2022","SOUTH CAROLINA","4502340",0,8326,8326,1244,9570,0.870010449320794
"15392","2021-2022","SOUTH CAROLINA","4502370",4,791,795,0,795,1
"15393","2021-2022","SOUTH CAROLINA","4502400",14,646,660,0,660,1
"15394","2021-2022","SOUTH CAROLINA","4502490",611,20975,21586,2744,24330,0.887217427044801
"15395","2021-2022","SOUTH CAROLINA","4502520",0,2672,2672,0,2672,1
"15396","2021-2022","SOUTH CAROLINA","4502550",432,6931,7363,0,7363,1
"15397","2021-2022","SOUTH CAROLINA","4502580",305,6451,6756,0,6756,1
"15398","2021-2022","SOUTH CAROLINA","4502610",0,5442,5442,978,6420,0.847663551401869
"15399","2021-2022","SOUTH CAROLINA","4502640",0,2766,2766,688,3454,0.800810654313839
"15400","2021-2022","SOUTH CAROLINA","4502670",0,1441,1441,367,1808,0.797013274336283
"15401","2021-2022","SOUTH CAROLINA","4502700",940,8564,9504,0,9504,1
"15402","2021-2022","SOUTH CAROLINA","4502730",72,6474,6546,0,6546,1
"15403","2021-2022","SOUTH CAROLINA","4502760",0,2038,2038,0,2038,1
"15404","2021-2022","SOUTH CAROLINA","4502790",0,3419,3419,0,3419,1
"15405","2021-2022","SOUTH CAROLINA","4502820",467,7201,7668,239,7907,0.969773618312887
"15406","2021-2022","SOUTH CAROLINA","4502970",0,3664,3664,224,3888,0.94238683127572
"15407","2021-2022","SOUTH CAROLINA","4503000",0,615,615,0,615,1
"15408","2021-2022","SOUTH CAROLINA","4503030",150,4173,4323,525,4848,0.891707920792079
"15409","2021-2022","SOUTH CAROLINA","4503060",718,5892,6610,0,6610,1
"15410","2021-2022","SOUTH CAROLINA","4503330",597,8904,9501,0,9501,1
"15411","2021-2022","SOUTH CAROLINA","4503360",0,22148,22148,9682,31830,0.695821551994973
"15412","2021-2022","SOUTH CAROLINA","4503390",1541,13607,15148,310,15458,0.979945659205589
"15413","2021-2022","SOUTH CAROLINA","4503420",0,373,373,0,373,1
"15414","2021-2022","SOUTH CAROLINA","4503460",10,1465,1475,0,1475,1
"15415","2021-2022","SOUTH CAROLINA","4503470",0,0,0,0,0,NA
"15416","2021-2022","SOUTH CAROLINA","4503480",320,2541,2861,0,2861,1
"15417","2021-2022","SOUTH CAROLINA","4503510",520,4015,4535,0,4535,1
"15418","2021-2022","SOUTH CAROLINA","4503540",40,1841,1881,0,1881,1
"15419","2021-2022","SOUTH CAROLINA","4503570",129,1897,2026,0,2026,1
"15420","2021-2022","SOUTH CAROLINA","4503600",579,4171,4750,0,4750,1
"15421","2021-2022","SOUTH CAROLINA","4503630",545,7468,8013,0,8013,1
"15422","2021-2022","SOUTH CAROLINA","4503660",124,5217,5341,555,5896,0.905868385345997
"15423","2021-2022","SOUTH CAROLINA","4503750",0,3271,3271,310,3581,0.913432002234013
"15424","2021-2022","SOUTH CAROLINA","4503780",0,3008,3008,1036,4044,0.743818001978239
"15425","2021-2022","SOUTH CAROLINA","4503810",193,2704,2897,0,2897,1
"15426","2021-2022","SOUTH CAROLINA","4503840",173,1795,1968,0,1968,1
"15427","2021-2022","SOUTH CAROLINA","4503870",573,10084,10657,0,10657,1
"15428","2021-2022","SOUTH CAROLINA","4503900",390,2152,2542,0,2542,1
"15429","2021-2022","SOUTH CAROLINA","4503901",1221,6570,7791,0,7791,1
"15430","2021-2022","SOUTH CAROLINA","4503902",0,15101,15101,4361,19462,0.775922310142842
"15431","2021-2022","SOUTH CAROLINA","4503903",0,0,0,0,0,NA
"15432","2021-2022","SOUTH CAROLINA","4503904",0,0,0,0,0,NA
"15433","2021-2022","SOUTH CAROLINA","4503907",0,0,0,0,0,NA
"15434","2021-2022","SOUTH CAROLINA","4503908",0,3999,3999,0,3999,1
"15435","2021-2022","SOUTH CAROLINA","4503909",2770,9563,12333,0,12333,1
"15436","2021-2022","SOUTH CAROLINA","4503910",0,11319,11319,4948,16267,0.69582590520686
"15437","2021-2022","SOUTH CAROLINA","4503911",0,0,0,0,0,NA
"15438","2021-2022","SOUTH CAROLINA","4503912",0,2455,2455,0,2455,1
"15439","2021-2022","SOUTH CAROLINA","4503913",0,1867,1867,0,1867,1
"15440","2021-2022","SOUTH CAROLINA","4503917",0,0,0,0,0,NA
"15441","2021-2022","SOUTH CAROLINA","4503918",0,0,0,0,0,NA
"15442","2021-2022","SOUTH DAKOTA","4600002",3,118,121,115,236,0.51271186440678
"15443","2021-2022","SOUTH DAKOTA","4600003",15,78,93,56,149,0.624161073825503
"15444","2021-2022","SOUTH DAKOTA","4600025",13,29,42,15,57,0.736842105263158
"15445","2021-2022","SOUTH DAKOTA","4600027",0,11,11,9,20,0.55
"15446","2021-2022","SOUTH DAKOTA","4600028",23,56,79,49,128,0.6171875
"15447","2021-2022","SOUTH DAKOTA","4600029",0,0,0,0,0,NA
"15448","2021-2022","SOUTH DAKOTA","4600036",7,73,80,55,135,0.592592592592593
"15449","2021-2022","SOUTH DAKOTA","4600041",42,52,94,15,109,0.862385321100917
"15450","2021-2022","SOUTH DAKOTA","4600042",3,26,29,26,55,0.527272727272727
"15451","2021-2022","SOUTH DAKOTA","4600045",15,47,62,38,100,0.62
"15452","2021-2022","SOUTH DAKOTA","4600046",6,50,56,21,77,0.727272727272727
"15453","2021-2022","SOUTH DAKOTA","4600052",27,181,208,124,332,0.626506024096386
"15454","2021-2022","SOUTH DAKOTA","4600053",35,330,365,278,643,0.567651632970451
"15455","2021-2022","SOUTH DAKOTA","4601026",7,44,51,42,93,0.548387096774194
"15456","2021-2022","SOUTH DAKOTA","4601027",7,45,52,9,61,0.852459016393443
"15457","2021-2022","SOUTH DAKOTA","4601028",14,10,24,5,29,0.827586206896552
"15458","2021-2022","SOUTH DAKOTA","4602070",30,807,837,764,1601,0.522798251093067
"15459","2021-2022","SOUTH DAKOTA","4602640",0,21,21,18,39,0.538461538461538
"15460","2021-2022","SOUTH DAKOTA","4603720",0,20,20,20,40,0.5
"15461","2021-2022","SOUTH DAKOTA","4603780",8,20,28,16,44,0.636363636363636
"15462","2021-2022","SOUTH DAKOTA","4603932",6,28,34,0,34,1
"15463","2021-2022","SOUTH DAKOTA","4604270",8,47,55,36,91,0.604395604395604
"15464","2021-2022","SOUTH DAKOTA","4604680",5,71,76,67,143,0.531468531468531
"15465","2021-2022","SOUTH DAKOTA","4605610",48,270,318,247,565,0.56283185840708
"15466","2021-2022","SOUTH DAKOTA","4606240",0,521,521,0,521,1
"15467","2021-2022","SOUTH DAKOTA","4606360",0,63,63,62,125,0.504
"15468","2021-2022","SOUTH DAKOTA","4606960",0,13,13,12,25,0.52
"15469","2021-2022","SOUTH DAKOTA","4607050",0,11,11,10,21,0.523809523809524
"15470","2021-2022","SOUTH DAKOTA","4607400",18,135,153,59,212,0.721698113207547
"15471","2021-2022","SOUTH DAKOTA","4607670",0,11,11,11,22,0.5
"15472","2021-2022","SOUTH DAKOTA","4607800",3,13,16,6,22,0.727272727272727
"15473","2021-2022","SOUTH DAKOTA","4607950",123,290,413,219,632,0.653481012658228
"15474","2021-2022","SOUTH DAKOTA","4608520",0,372,372,366,738,0.504065040650406
"15475","2021-2022","SOUTH DAKOTA","4609300",0,22,22,21,43,0.511627906976744
"15476","2021-2022","SOUTH DAKOTA","4609512",0,30,30,30,60,0.5
"15477","2021-2022","SOUTH DAKOTA","4610320",16,38,54,30,84,0.642857142857143
"15478","2021-2022","SOUTH DAKOTA","4610560",20,97,117,80,197,0.593908629441624
"15479","2021-2022","SOUTH DAKOTA","4611280",4,27,31,19,50,0.62
"15480","2021-2022","SOUTH DAKOTA","4611760",18,37,55,30,85,0.647058823529412
"15481","2021-2022","SOUTH DAKOTA","4612000",40,281,321,226,547,0.586837294332724
"15482","2021-2022","SOUTH DAKOTA","4612300",11,43,54,31,85,0.635294117647059
"15483","2021-2022","SOUTH DAKOTA","4612940",10,61,71,38,109,0.651376146788991
"15484","2021-2022","SOUTH DAKOTA","4614100",10,24,34,15,49,0.693877551020408
"15485","2021-2022","SOUTH DAKOTA","4614130",15,91,106,64,170,0.623529411764706
"15486","2021-2022","SOUTH DAKOTA","4616950",19,131,150,110,260,0.576923076923077
"15487","2021-2022","SOUTH DAKOTA","4617850",2,29,31,18,49,0.63265306122449
"15488","2021-2022","SOUTH DAKOTA","4618120",20,69,89,64,153,0.581699346405229
"15489","2021-2022","SOUTH DAKOTA","4619170",3,16,19,6,25,0.76
"15490","2021-2022","SOUTH DAKOTA","4619410",91,535,626,439,1065,0.587793427230047
"15491","2021-2022","SOUTH DAKOTA","4619450",0,389,389,39,428,0.908878504672897
"15492","2021-2022","SOUTH DAKOTA","4619580",15,24,39,21,60,0.65
"15493","2021-2022","SOUTH DAKOTA","4620100",0,157,157,149,306,0.513071895424837
"15494","2021-2022","SOUTH DAKOTA","4620850",0,25,25,25,50,0.5
"15495","2021-2022","SOUTH DAKOTA","4621300",0,0,0,0,0,NA
"15496","2021-2022","SOUTH DAKOTA","4621340",11,61,72,49,121,0.59504132231405
"15497","2021-2022","SOUTH DAKOTA","4621390",0,34,34,34,68,0.5
"15498","2021-2022","SOUTH DAKOTA","4621400",8,25,33,17,50,0.66
"15499","2021-2022","SOUTH DAKOTA","4621420",0,54,54,51,105,0.514285714285714
"15500","2021-2022","SOUTH DAKOTA","4622410",6,34,40,15,55,0.727272727272727
"15501","2021-2022","SOUTH DAKOTA","4622500",6,14,20,11,31,0.645161290322581
"15502","2021-2022","SOUTH DAKOTA","4622560",0,23,23,23,46,0.5
"15503","2021-2022","SOUTH DAKOTA","4622940",0,9,9,9,18,0.5
"15504","2021-2022","SOUTH DAKOTA","4624030",0,18,18,18,36,0.5
"15505","2021-2022","SOUTH DAKOTA","4624390",0,108,108,107,215,0.502325581395349
"15506","2021-2022","SOUTH DAKOTA","4624540",0,23,23,23,46,0.5
"15507","2021-2022","SOUTH DAKOTA","4624850",0,55,55,52,107,0.514018691588785
"15508","2021-2022","SOUTH DAKOTA","4625500",17,47,64,35,99,0.646464646464647
"15509","2021-2022","SOUTH DAKOTA","4626370",0,27,27,27,54,0.5
"15510","2021-2022","SOUTH DAKOTA","4626490",8,52,60,46,106,0.566037735849057
"15511","2021-2022","SOUTH DAKOTA","4626970",10,17,27,11,38,0.710526315789474
"15512","2021-2022","SOUTH DAKOTA","4629880",23,121,144,91,235,0.612765957446809
"15513","2021-2022","SOUTH DAKOTA","4630490",5,34,39,24,63,0.619047619047619
"15514","2021-2022","SOUTH DAKOTA","4630800",95,132,227,56,283,0.802120141342756
"15515","2021-2022","SOUTH DAKOTA","4631350",39,384,423,341,764,0.553664921465969
"15516","2021-2022","SOUTH DAKOTA","4631710",32,98,130,84,214,0.607476635514019
"15517","2021-2022","SOUTH DAKOTA","4632340",17,64,81,51,132,0.613636363636364
"15518","2021-2022","SOUTH DAKOTA","4632430",0,14,14,14,28,0.5
"15519","2021-2022","SOUTH DAKOTA","4633360",0,35,35,33,68,0.514705882352941
"15520","2021-2022","SOUTH DAKOTA","4634440",11,46,57,25,82,0.695121951219512
"15521","2021-2022","SOUTH DAKOTA","4634480",22,129,151,90,241,0.62655601659751
"15522","2021-2022","SOUTH DAKOTA","4634600",0,8,8,8,16,0.5
"15523","2021-2022","SOUTH DAKOTA","4635480",132,1118,1250,909,2159,0.578971746178786
"15524","2021-2022","SOUTH DAKOTA","4636060",35,57,92,26,118,0.779661016949153
"15525","2021-2022","SOUTH DAKOTA","4636150",0,50,50,45,95,0.526315789473684
"15526","2021-2022","SOUTH DAKOTA","4636990",6,79,85,71,156,0.544871794871795
"15527","2021-2022","SOUTH DAKOTA","4638220",7,14,21,12,33,0.636363636363636
"15528","2021-2022","SOUTH DAKOTA","4639540",0,319,319,161,480,0.664583333333333
"15529","2021-2022","SOUTH DAKOTA","4639600",2,137,139,137,276,0.503623188405797
"15530","2021-2022","SOUTH DAKOTA","4639990",11,47,58,17,75,0.773333333333333
"15531","2021-2022","SOUTH DAKOTA","4640860",8,72,80,15,95,0.842105263157895
"15532","2021-2022","SOUTH DAKOTA","4641300",38,201,239,142,381,0.627296587926509
"15533","2021-2022","SOUTH DAKOTA","4641520",0,20,20,20,40,0.5
"15534","2021-2022","SOUTH DAKOTA","4641550",10,70,80,55,135,0.592592592592593
"15535","2021-2022","SOUTH DAKOTA","4641640",0,28,28,27,55,0.509090909090909
"15536","2021-2022","SOUTH DAKOTA","4644770",13,99,112,92,204,0.549019607843137
"15537","2021-2022","SOUTH DAKOTA","4644940",15,88,103,81,184,0.559782608695652
"15538","2021-2022","SOUTH DAKOTA","4645450",0,25,25,25,50,0.5
"15539","2021-2022","SOUTH DAKOTA","4646260",0,160,160,0,160,1
"15540","2021-2022","SOUTH DAKOTA","4646380",0,432,432,0,432,1
"15541","2021-2022","SOUTH DAKOTA","4647100",11,37,48,23,71,0.676056338028169
"15542","2021-2022","SOUTH DAKOTA","4647942",16,45,61,30,91,0.67032967032967
"15543","2021-2022","SOUTH DAKOTA","4648390",1,487,488,477,965,0.505699481865285
"15544","2021-2022","SOUTH DAKOTA","4648780",3,16,19,15,34,0.558823529411765
"15545","2021-2022","SOUTH DAKOTA","4649650",2,21,23,19,42,0.547619047619048
"15546","2021-2022","SOUTH DAKOTA","4650670",17,39,56,26,82,0.682926829268293
"15547","2021-2022","SOUTH DAKOTA","4650850",22,67,89,45,134,0.664179104477612
"15548","2021-2022","SOUTH DAKOTA","4651750",4,18,22,17,39,0.564102564102564
"15549","2021-2022","SOUTH DAKOTA","4652770",0,141,141,0,141,1
"15550","2021-2022","SOUTH DAKOTA","4654270",0,41,41,40,81,0.506172839506173
"15551","2021-2022","SOUTH DAKOTA","4654300",25,72,97,38,135,0.718518518518519
"15552","2021-2022","SOUTH DAKOTA","4655260",2,436,438,431,869,0.504027617951669
"15553","2021-2022","SOUTH DAKOTA","4655710",0,160,160,10,170,0.941176470588235
"15554","2021-2022","SOUTH DAKOTA","4659820",388,6516,6904,3030,9934,0.694986913629958
"15555","2021-2022","SOUTH DAKOTA","4660450",28,83,111,31,142,0.78169014084507
"15556","2021-2022","SOUTH DAKOTA","4663360",3,61,64,32,96,0.666666666666667
"15557","2021-2022","SOUTH DAKOTA","4664140",15,23,38,18,56,0.678571428571429
"15558","2021-2022","SOUTH DAKOTA","4665180",9,54,63,19,82,0.768292682926829
"15559","2021-2022","SOUTH DAKOTA","4665460",6,1830,1836,23,1859,0.987627756858526
"15560","2021-2022","SOUTH DAKOTA","4666270",1471,8758,10229,4797,15026,0.680753360841209
"15561","2021-2022","SOUTH DAKOTA","4666300",3,41,44,32,76,0.578947368421053
"15562","2021-2022","SOUTH DAKOTA","4666930",10,277,287,264,551,0.520871143375681
"15563","2021-2022","SOUTH DAKOTA","4669930",38,370,408,340,748,0.545454545454545
"15564","2021-2022","SOUTH DAKOTA","4670140",0,13,13,13,26,0.5
"15565","2021-2022","SOUTH DAKOTA","4671880",0,48,48,48,96,0.5
"15566","2021-2022","SOUTH DAKOTA","4672090",0,1991,1991,1937,3928,0.506873727087576
"15567","2021-2022","SOUTH DAKOTA","4672450",4,41,45,31,76,0.592105263157895
"15568","2021-2022","SOUTH DAKOTA","4674370",9,307,316,261,577,0.547660311958406
"15569","2021-2022","SOUTH DAKOTA","4674520",16,76,92,7,99,0.929292929292929
"15570","2021-2022","SOUTH DAKOTA","4675420",0,913,913,3,916,0.996724890829694
"15571","2021-2022","SOUTH DAKOTA","4675600",0,169,169,14,183,0.923497267759563
"15572","2021-2022","SOUTH DAKOTA","4675660",0,28,28,16,44,0.636363636363636
"15573","2021-2022","SOUTH DAKOTA","4676020",6,14,20,14,34,0.588235294117647
"15574","2021-2022","SOUTH DAKOTA","4676620",165,780,945,622,1567,0.603063178047224
"15575","2021-2022","SOUTH DAKOTA","4676680",19,75,94,64,158,0.594936708860759
"15576","2021-2022","SOUTH DAKOTA","4676740",18,39,57,35,92,0.619565217391304
"15577","2021-2022","SOUTH DAKOTA","4676990",8,65,73,55,128,0.5703125
"15578","2021-2022","SOUTH DAKOTA","4677460",5,33,38,25,63,0.603174603174603
"15579","2021-2022","SOUTH DAKOTA","4678300",8,24,32,17,49,0.653061224489796
"15580","2021-2022","SOUTH DAKOTA","4678510",15,15,30,10,40,0.75
"15581","2021-2022","SOUTH DAKOTA","4678570",0,383,383,0,383,1
"15582","2021-2022","SOUTH DAKOTA","4679350",1,16,17,17,34,0.5
"15583","2021-2022","SOUTH DAKOTA","4679710",11,233,244,183,427,0.571428571428571
"15584","2021-2022","SOUTH DAKOTA","4680100",28,59,87,50,137,0.635036496350365
"15585","2021-2022","SOUTH DAKOTA","4680120",0,0,0,0,0,NA
"15586","2021-2022","SOUTH DAKOTA","4680190",0,16,16,15,31,0.516129032258065
"15587","2021-2022","SOUTH DAKOTA","4680430",1,437,438,432,870,0.503448275862069
"15588","2021-2022","SOUTH DAKOTA","4680437",15,92,107,67,174,0.614942528735632
"15589","2021-2022","SOUTH DAKOTA","4680438",10,42,52,18,70,0.742857142857143
"15590","2021-2022","SOUTH DAKOTA","4680439",13,53,66,12,78,0.846153846153846
"15591","2021-2022","SOUTH DAKOTA","4680440",8,41,49,18,67,0.73134328358209
"15592","2021-2022","SOUTH DAKOTA","4680441",2,114,116,111,227,0.511013215859031
"15593","2021-2022","SOUTH DAKOTA","4680445",0,22,22,22,44,0.5
"15594","2021-2022","TENNESSEE","4700001",0,0,0,2854,2854,0
"15595","2021-2022","TENNESSEE","4700030",0,0,0,175,175,0
"15596","2021-2022","TENNESSEE","4700060",0,0,0,510,510,0
"15597","2021-2022","TENNESSEE","4700090",0,0,0,1936,1936,0
"15598","2021-2022","TENNESSEE","4700120",0,0,0,638,638,0
"15599","2021-2022","TENNESSEE","4700143",0,0,0,11,11,0
"15600","2021-2022","TENNESSEE","4700144",0,0,0,137,137,0
"15601","2021-2022","TENNESSEE","4700145",0,0,0,3,3,0
"15602","2021-2022","TENNESSEE","4700146",0,0,0,40,40,0
"15603","2021-2022","TENNESSEE","4700147",0,0,0,5252,5252,0
"15604","2021-2022","TENNESSEE","4700148",0,0,0,58769,58769,0
"15605","2021-2022","TENNESSEE","4700149",0,0,0,570,570,0
"15606","2021-2022","TENNESSEE","4700150",0,0,0,960,960,0
"15607","2021-2022","TENNESSEE","4700151",0,0,0,272,272,0
"15608","2021-2022","TENNESSEE","4700152",0,0,0,254,254,0
"15609","2021-2022","TENNESSEE","4700153",0,0,0,1260,1260,0
"15610","2021-2022","TENNESSEE","4700154",0,0,0,172,172,0
"15611","2021-2022","TENNESSEE","4700156",0,0,0,47,47,0
"15612","2021-2022","TENNESSEE","4700157",0,0,0,649,649,0
"15613","2021-2022","TENNESSEE","4700180",0,0,0,2821,2821,0
"15614","2021-2022","TENNESSEE","4700210",0,0,0,98,98,0
"15615","2021-2022","TENNESSEE","4700240",0,0,0,750,750,0
"15616","2021-2022","TENNESSEE","4700270",0,0,0,634,634,0
"15617","2021-2022","TENNESSEE","4700300",0,0,0,1462,1462,0
"15618","2021-2022","TENNESSEE","4700330",0,0,0,2596,2596,0
"15619","2021-2022","TENNESSEE","4700360",0,0,0,806,806,0
"15620","2021-2022","TENNESSEE","4700420",0,0,0,2300,2300,0
"15621","2021-2022","TENNESSEE","4700450",0,0,0,443,443,0
"15622","2021-2022","TENNESSEE","4700480",0,0,0,0,0,NA
"15623","2021-2022","TENNESSEE","4700510",0,0,0,2207,2207,0
"15624","2021-2022","TENNESSEE","4700570",0,0,0,1516,1516,0
"15625","2021-2022","TENNESSEE","4700600",0,0,0,697,697,0
"15626","2021-2022","TENNESSEE","4700630",0,0,0,1431,1431,0
"15627","2021-2022","TENNESSEE","4700660",0,0,0,402,402,0
"15628","2021-2022","TENNESSEE","4700690",0,0,0,2117,2117,0
"15629","2021-2022","TENNESSEE","4700720",0,0,0,262,262,0
"15630","2021-2022","TENNESSEE","4700750",0,0,0,1816,1816,0
"15631","2021-2022","TENNESSEE","4700780",0,0,0,1257,1257,0
"15632","2021-2022","TENNESSEE","4700850",0,0,0,515,515,0
"15633","2021-2022","TENNESSEE","4700900",0,0,0,2844,2844,0
"15634","2021-2022","TENNESSEE","4700930",0,0,0,298,298,0
"15635","2021-2022","TENNESSEE","4700960",0,0,0,523,523,0
"15636","2021-2022","TENNESSEE","4700990",0,0,0,843,843,0
"15637","2021-2022","TENNESSEE","4701020",0,0,0,1884,1884,0
"15638","2021-2022","TENNESSEE","4701050",0,0,0,1688,1688,0
"15639","2021-2022","TENNESSEE","4701080",0,0,0,1185,1185,0
"15640","2021-2022","TENNESSEE","4701110",0,0,0,964,964,0
"15641","2021-2022","TENNESSEE","4701140",0,0,0,112,112,0
"15642","2021-2022","TENNESSEE","4701170",0,0,0,1267,1267,0
"15643","2021-2022","TENNESSEE","4701200",0,0,0,604,604,0
"15644","2021-2022","TENNESSEE","4701230",0,0,0,904,904,0
"15645","2021-2022","TENNESSEE","4701260",0,0,0,363,363,0
"15646","2021-2022","TENNESSEE","4701290",0,0,0,1669,1669,0
"15647","2021-2022","TENNESSEE","4701390",0,0,0,251,251,0
"15648","2021-2022","TENNESSEE","4701400",0,0,0,919,919,0
"15649","2021-2022","TENNESSEE","4701410",0,0,0,908,908,0
"15650","2021-2022","TENNESSEE","4701440",0,0,0,903,903,0
"15651","2021-2022","TENNESSEE","4701470",0,0,0,1789,1789,0
"15652","2021-2022","TENNESSEE","4701500",0,0,0,815,815,0
"15653","2021-2022","TENNESSEE","4701530",0,0,0,607,607,0
"15654","2021-2022","TENNESSEE","4701590",0,0,0,12409,12409,0
"15655","2021-2022","TENNESSEE","4701620",0,0,0,458,458,0
"15656","2021-2022","TENNESSEE","4701650",0,0,0,1395,1395,0
"15657","2021-2022","TENNESSEE","4701680",0,0,0,1351,1351,0
"15658","2021-2022","TENNESSEE","4701740",0,0,0,2274,2274,0
"15659","2021-2022","TENNESSEE","4701770",0,0,0,1189,1189,0
"15660","2021-2022","TENNESSEE","4701800",0,0,0,1290,1290,0
"15661","2021-2022","TENNESSEE","4701830",0,0,0,1318,1318,0
"15662","2021-2022","TENNESSEE","4701860",0,0,0,952,952,0
"15663","2021-2022","TENNESSEE","4701890",0,0,0,197,197,0
"15664","2021-2022","TENNESSEE","4701920",0,0,0,449,449,0
"15665","2021-2022","TENNESSEE","4701950",0,0,0,645,645,0
"15666","2021-2022","TENNESSEE","4701980",0,0,0,710,710,0
"15667","2021-2022","TENNESSEE","4702010",0,0,0,350,350,0
"15668","2021-2022","TENNESSEE","4702070",0,0,0,678,678,0
"15669","2021-2022","TENNESSEE","4702100",0,0,0,2056,2056,0
"15670","2021-2022","TENNESSEE","4702130",0,0,0,2136,2136,0
"15671","2021-2022","TENNESSEE","4702160",0,0,0,1472,1472,0
"15672","2021-2022","TENNESSEE","4702190",0,0,0,2366,2366,0
"15673","2021-2022","TENNESSEE","4702220",0,0,0,12929,12929,0
"15674","2021-2022","TENNESSEE","4702280",0,0,0,462,462,0
"15675","2021-2022","TENNESSEE","4702310",0,0,0,1678,1678,0
"15676","2021-2022","TENNESSEE","4702340",0,0,0,1860,1860,0
"15677","2021-2022","TENNESSEE","4702370",0,0,0,1227,1227,0
"15678","2021-2022","TENNESSEE","4702400",0,0,0,622,622,0
"15679","2021-2022","TENNESSEE","4702430",0,0,0,420,420,0
"15680","2021-2022","TENNESSEE","4702460",0,0,0,403,403,0
"15681","2021-2022","TENNESSEE","4702490",0,0,0,909,909,0
"15682","2021-2022","TENNESSEE","4702520",0,0,0,1012,1012,0
"15683","2021-2022","TENNESSEE","4702550",0,0,0,1237,1237,0
"15684","2021-2022","TENNESSEE","4702580",0,0,0,3902,3902,0
"15685","2021-2022","TENNESSEE","4702610",0,0,0,461,461,0
"15686","2021-2022","TENNESSEE","4702640",0,0,0,1709,1709,0
"15687","2021-2022","TENNESSEE","4702670",0,0,0,1253,1253,0
"15688","2021-2022","TENNESSEE","4702700",0,0,0,750,750,0
"15689","2021-2022","TENNESSEE","4702760",0,0,0,3657,3657,0
"15690","2021-2022","TENNESSEE","4702790",0,0,0,306,306,0
"15691","2021-2022","TENNESSEE","4702820",0,0,0,1739,1739,0
"15692","2021-2022","TENNESSEE","4702880",0,0,0,1172,1172,0
"15693","2021-2022","TENNESSEE","4702910",0,0,0,581,581,0
"15694","2021-2022","TENNESSEE","4702970",0,0,0,665,665,0
"15695","2021-2022","TENNESSEE","4703000",0,0,0,1788,1788,0
"15696","2021-2022","TENNESSEE","4703030",0,0,0,9628,9628,0
"15697","2021-2022","TENNESSEE","4703060",0,0,0,223,223,0
"15698","2021-2022","TENNESSEE","4703090",0,0,0,1144,1144,0
"15699","2021-2022","TENNESSEE","4703150",0,0,0,2870,2870,0
"15700","2021-2022","TENNESSEE","4703180",0,0,0,27437,27437,0
"15701","2021-2022","TENNESSEE","4703210",0,0,0,199,199,0
"15702","2021-2022","TENNESSEE","4703240",0,0,0,1076,1076,0
"15703","2021-2022","TENNESSEE","4703270",0,0,0,1057,1057,0
"15704","2021-2022","TENNESSEE","4703300",0,0,0,197,197,0
"15705","2021-2022","TENNESSEE","4703330",0,0,0,642,642,0
"15706","2021-2022","TENNESSEE","4703360",0,0,0,537,537,0
"15707","2021-2022","TENNESSEE","4703390",0,0,0,430,430,0
"15708","2021-2022","TENNESSEE","4703420",0,0,0,185,185,0
"15709","2021-2022","TENNESSEE","4703450",0,0,0,738,738,0
"15710","2021-2022","TENNESSEE","4703480",0,0,0,3311,3311,0
"15711","2021-2022","TENNESSEE","4703510",0,0,0,1440,1440,0
"15712","2021-2022","TENNESSEE","4703540",0,0,0,128,128,0
"15713","2021-2022","TENNESSEE","4703590",0,0,0,2070,2070,0
"15714","2021-2022","TENNESSEE","4703600",0,0,0,3880,3880,0
"15715","2021-2022","TENNESSEE","4703660",0,0,0,184,184,0
"15716","2021-2022","TENNESSEE","4703690",0,0,0,7964,7964,0
"15717","2021-2022","TENNESSEE","4703720",0,0,0,1161,1161,0
"15718","2021-2022","TENNESSEE","4703750",0,0,0,759,759,0
"15719","2021-2022","TENNESSEE","4703780",0,0,0,2871,2871,0
"15720","2021-2022","TENNESSEE","4703870",0,0,0,733,733,0
"15721","2021-2022","TENNESSEE","4703900",0,0,0,58,58,0
"15722","2021-2022","TENNESSEE","4703960",0,0,0,614,614,0
"15723","2021-2022","TENNESSEE","4703990",0,0,0,2379,2379,0
"15724","2021-2022","TENNESSEE","4704020",0,0,0,5314,5314,0
"15725","2021-2022","TENNESSEE","4704050",0,0,0,556,556,0
"15726","2021-2022","TENNESSEE","4704080",0,0,0,2882,2882,0
"15727","2021-2022","TENNESSEE","4704100",0,0,0,505,505,0
"15728","2021-2022","TENNESSEE","4704170",0,0,0,499,499,0
"15729","2021-2022","TENNESSEE","4704200",0,0,0,1064,1064,0
"15730","2021-2022","TENNESSEE","4704230",0,0,0,737,737,0
"15731","2021-2022","TENNESSEE","4704260",0,0,0,34,34,0
"15732","2021-2022","TENNESSEE","4704290",0,0,0,1886,1886,0
"15733","2021-2022","TENNESSEE","4704320",0,0,0,286,286,0
"15734","2021-2022","TENNESSEE","4704350",0,0,0,2243,2243,0
"15735","2021-2022","TENNESSEE","4704380",0,0,0,1878,1878,0
"15736","2021-2022","TENNESSEE","4704440",0,0,0,685,685,0
"15737","2021-2022","TENNESSEE","4704470",0,0,0,1400,1400,0
"15738","2021-2022","TENNESSEE","4704490",0,0,0,318,318,0
"15739","2021-2022","TENNESSEE","4704500",0,0,0,1369,1369,0
"15740","2021-2022","TENNESSEE","4704530",0,0,0,1350,1350,0
"15741","2021-2022","TENNESSEE","4704550",0,0,0,2181,2181,0
"15742","2021-2022","TEXAS","4800001",5,247,252,0,252,1
"15743","2021-2022","TEXAS","4800002",17,104,121,0,121,1
"15744","2021-2022","TEXAS","4800003",0,175,175,0,175,1
"15745","2021-2022","TEXAS","4800004",0,111,111,0,111,1
"15746","2021-2022","TEXAS","4800005",0,61,61,0,61,1
"15747","2021-2022","TEXAS","4800006",4,90,94,0,94,1
"15748","2021-2022","TEXAS","4800007",20,102,122,0,122,1
"15749","2021-2022","TEXAS","4800008",29,638,667,0,667,1
"15750","2021-2022","TEXAS","4800009",109,697,806,0,806,1
"15751","2021-2022","TEXAS","4800010",1416,8435,9851,0,9851,1
"15752","2021-2022","TEXAS","4800011",230,1864,2094,0,2094,1
"15753","2021-2022","TEXAS","4800012",38,484,522,0,522,1
"15754","2021-2022","TEXAS","4800014",9,664,673,0,673,1
"15755","2021-2022","TEXAS","4800016",11,4630,4641,0,4641,1
"15756","2021-2022","TEXAS","4800018",22,974,996,0,996,1
"15757","2021-2022","TEXAS","4800019",11,65,76,0,76,1
"15758","2021-2022","TEXAS","4800020",36,867,903,0,903,1
"15759","2021-2022","TEXAS","4800022",6,1506,1512,0,1512,1
"15760","2021-2022","TEXAS","4800024",4,163,167,0,167,1
"15761","2021-2022","TEXAS","4800025",4,154,158,0,158,1
"15762","2021-2022","TEXAS","4800029",45,382,427,0,427,1
"15763","2021-2022","TEXAS","4800030",1955,14220,16175,0,16175,1
"15764","2021-2022","TEXAS","4800032",1,2,3,0,3,1
"15765","2021-2022","TEXAS","4800034",113,779,892,0,892,1
"15766","2021-2022","TEXAS","4800035",23,256,279,0,279,1
"15767","2021-2022","TEXAS","4800037",83,586,669,0,669,1
"15768","2021-2022","TEXAS","4800041",27,940,967,0,967,1
"15769","2021-2022","TEXAS","4800042",31,613,644,0,644,1
"15770","2021-2022","TEXAS","4800044",172,1129,1301,0,1301,1
"15771","2021-2022","TEXAS","4800048",0,26,26,0,26,1
"15772","2021-2022","TEXAS","4800049",0,205,205,0,205,1
"15773","2021-2022","TEXAS","4800053",34,337,371,0,371,1
"15774","2021-2022","TEXAS","4800055",658,2971,3629,0,3629,1
"15775","2021-2022","TEXAS","4800058",111,367,478,0,478,1
"15776","2021-2022","TEXAS","4800059",0,84,84,0,84,1
"15777","2021-2022","TEXAS","4800061",3,107,110,0,110,1
"15778","2021-2022","TEXAS","4800062",9,309,318,0,318,1
"15779","2021-2022","TEXAS","4800063",56,600,656,0,656,1
"15780","2021-2022","TEXAS","4800064",0,24,24,0,24,1
"15781","2021-2022","TEXAS","4800065",39,948,987,0,987,1
"15782","2021-2022","TEXAS","4800066",0,250,250,0,250,1
"15783","2021-2022","TEXAS","4800068",35,31,66,0,66,1
"15784","2021-2022","TEXAS","4800069",87,323,410,0,410,1
"15785","2021-2022","TEXAS","4800070",45,581,626,0,626,1
"15786","2021-2022","TEXAS","4800071",0,232,232,0,232,1
"15787","2021-2022","TEXAS","4800072",8,113,121,0,121,1
"15788","2021-2022","TEXAS","4800073",13,1109,1122,0,1122,1
"15789","2021-2022","TEXAS","4800074",116,459,575,0,575,1
"15790","2021-2022","TEXAS","4800075",35,1507,1542,0,1542,1
"15791","2021-2022","TEXAS","4800076",19,464,483,0,483,1
"15792","2021-2022","TEXAS","4800077",13,240,253,0,253,1
"15793","2021-2022","TEXAS","4800080",7,450,457,0,457,1
"15794","2021-2022","TEXAS","4800086",7,322,329,0,329,1
"15795","2021-2022","TEXAS","4800089",0,175,175,0,175,1
"15796","2021-2022","TEXAS","4800090",4,239,243,0,243,1
"15797","2021-2022","TEXAS","4800092",366,3470,3836,0,3836,1
"15798","2021-2022","TEXAS","4800093",0,297,297,0,297,1
"15799","2021-2022","TEXAS","4800095",52,864,916,0,916,1
"15800","2021-2022","TEXAS","4800098",12,150,162,0,162,1
"15801","2021-2022","TEXAS","4800105",77,2480,2557,0,2557,1
"15802","2021-2022","TEXAS","4800106",0,180,180,0,180,1
"15803","2021-2022","TEXAS","4800108",150,1039,1189,0,1189,1
"15804","2021-2022","TEXAS","4800109",0,38,38,0,38,1
"15805","2021-2022","TEXAS","4800113",21,536,557,0,557,1
"15806","2021-2022","TEXAS","4800115",0,138,138,0,138,1
"15807","2021-2022","TEXAS","4800118",282,1570,1852,0,1852,1
"15808","2021-2022","TEXAS","4800124",0,141,141,0,141,1
"15809","2021-2022","TEXAS","4800125",17,1315,1332,0,1332,1
"15810","2021-2022","TEXAS","4800127",0,27,27,0,27,1
"15811","2021-2022","TEXAS","4800132",0,3,3,0,3,1
"15812","2021-2022","TEXAS","4800133",0,445,445,0,445,1
"15813","2021-2022","TEXAS","4800139",17,313,330,0,330,1
"15814","2021-2022","TEXAS","4800141",0,260,260,0,260,1
"15815","2021-2022","TEXAS","4800142",0,155,155,0,155,1
"15816","2021-2022","TEXAS","4800148",12,135,147,0,147,1
"15817","2021-2022","TEXAS","4800151",0,270,270,0,270,1
"15818","2021-2022","TEXAS","4800158",20,408,428,0,428,1
"15819","2021-2022","TEXAS","4800159",3,77,80,0,80,1
"15820","2021-2022","TEXAS","4800163",203,5816,6019,0,6019,1
"15821","2021-2022","TEXAS","4800171",14,50,64,0,64,1
"15822","2021-2022","TEXAS","4800174",0,175,175,0,175,1
"15823","2021-2022","TEXAS","4800177",9,326,335,0,335,1
"15824","2021-2022","TEXAS","4800179",122,4704,4826,0,4826,1
"15825","2021-2022","TEXAS","4800184",23,464,487,0,487,1
"15826","2021-2022","TEXAS","4800186",45,220,265,0,265,1
"15827","2021-2022","TEXAS","4800187",15,659,674,0,674,1
"15828","2021-2022","TEXAS","4800190",41,284,325,0,325,1
"15829","2021-2022","TEXAS","4800192",18,183,201,0,201,1
"15830","2021-2022","TEXAS","4800194",11,58,69,0,69,1
"15831","2021-2022","TEXAS","4800195",116,3976,4092,0,4092,1
"15832","2021-2022","TEXAS","4800201",32,468,500,0,500,1
"15833","2021-2022","TEXAS","4800202",0,639,639,0,639,1
"15834","2021-2022","TEXAS","4800203",180,1258,1438,0,1438,1
"15835","2021-2022","TEXAS","4800204",160,1055,1215,0,1215,1
"15836","2021-2022","TEXAS","4800205",35,159,194,0,194,1
"15837","2021-2022","TEXAS","4800207",55,4052,4107,0,4107,1
"15838","2021-2022","TEXAS","4800209",1234,11872,13106,0,13106,1
"15839","2021-2022","TEXAS","4800210",113,2983,3096,0,3096,1
"15840","2021-2022","TEXAS","4800211",286,56348,56634,0,56634,1
"15841","2021-2022","TEXAS","4800213",0,62,62,0,62,1
"15842","2021-2022","TEXAS","4800214",9,90,99,0,99,1
"15843","2021-2022","TEXAS","4800221",19,426,445,0,445,1
"15844","2021-2022","TEXAS","4800227",9,180,189,0,189,1
"15845","2021-2022","TEXAS","4800231",0,98,98,0,98,1
"15846","2021-2022","TEXAS","4800232",15,391,406,0,406,1
"15847","2021-2022","TEXAS","4800235",0,214,214,0,214,1
"15848","2021-2022","TEXAS","4800236",29,421,450,0,450,1
"15849","2021-2022","TEXAS","4800237",0,1539,1539,0,1539,1
"15850","2021-2022","TEXAS","4800240",0,1704,1704,0,1704,1
"15851","2021-2022","TEXAS","4800241",88,2721,2809,0,2809,1
"15852","2021-2022","TEXAS","4800246",21,350,371,0,371,1
"15853","2021-2022","TEXAS","4800248",20,273,293,0,293,1
"15854","2021-2022","TEXAS","4800251",26,158,184,0,184,1
"15855","2021-2022","TEXAS","4800252",0,108,108,0,108,1
"15856","2021-2022","TEXAS","4800253",21,294,315,0,315,1
"15857","2021-2022","TEXAS","4800254",0,23,23,0,23,1
"15858","2021-2022","TEXAS","4800255",3,143,146,0,146,1
"15859","2021-2022","TEXAS","4800258",224,2162,2386,0,2386,1
"15860","2021-2022","TEXAS","4800259",0,301,301,0,301,1
"15861","2021-2022","TEXAS","4800262",14,228,242,0,242,1
"15862","2021-2022","TEXAS","4800263",0,692,692,0,692,1
"15863","2021-2022","TEXAS","4800264",1051,28398,29449,0,29449,1
"15864","2021-2022","TEXAS","4800265",7,41,48,0,48,1
"15865","2021-2022","TEXAS","4800266",107,3736,3843,0,3843,1
"15866","2021-2022","TEXAS","4800268",207,1791,1998,0,1998,1
"15867","2021-2022","TEXAS","4800270",31,848,879,0,879,1
"15868","2021-2022","TEXAS","4800271",0,10,10,0,10,1
"15869","2021-2022","TEXAS","4800272",97,3183,3280,0,3280,1
"15870","2021-2022","TEXAS","4800274",130,4172,4302,0,4302,1
"15871","2021-2022","TEXAS","4800275",0,558,558,0,558,1
"15872","2021-2022","TEXAS","4800278",16,55,71,0,71,1
"15873","2021-2022","TEXAS","4800279",10,14,24,0,24,1
"15874","2021-2022","TEXAS","4800283",97,452,549,0,549,1
"15875","2021-2022","TEXAS","4800284",23,142,165,0,165,1
"15876","2021-2022","TEXAS","4800286",3,183,186,0,186,1
"15877","2021-2022","TEXAS","4800287",0,69,69,0,69,1
"15878","2021-2022","TEXAS","4800288",35,1116,1151,0,1151,1
"15879","2021-2022","TEXAS","4800289",0,0,0,0,0,NA
"15880","2021-2022","TEXAS","4800292",201,6376,6577,0,6577,1
"15881","2021-2022","TEXAS","4801394",22,171,193,0,193,1
"15882","2021-2022","TEXAS","4801395",0,24,24,0,24,1
"15883","2021-2022","TEXAS","4801400",324,3094,3418,0,3418,1
"15884","2021-2022","TEXAS","4801404",0,63,63,0,63,1
"15885","2021-2022","TEXAS","4801405",105,2389,2494,0,2494,1
"15886","2021-2022","TEXAS","4801407",10,437,447,0,447,1
"15887","2021-2022","TEXAS","4801409",67,1792,1859,0,1859,1
"15888","2021-2022","TEXAS","4801410",52,2018,2070,0,2070,1
"15889","2021-2022","TEXAS","4801412",7,36,43,0,43,1
"15890","2021-2022","TEXAS","4801414",114,799,913,0,913,1
"15891","2021-2022","TEXAS","4801415",2,329,331,0,331,1
"15892","2021-2022","TEXAS","4801416",23,443,466,0,466,1
"15893","2021-2022","TEXAS","4801417",61,55,116,0,116,1
"15894","2021-2022","TEXAS","4801418",0,155,155,0,155,1
"15895","2021-2022","TEXAS","4801420",0,51,51,0,51,1
"15896","2021-2022","TEXAS","4801421",233,1495,1728,0,1728,1
"15897","2021-2022","TEXAS","4801422",2,94,96,0,96,1
"15898","2021-2022","TEXAS","4801425",95,492,587,0,587,1
"15899","2021-2022","TEXAS","4801427",0,286,286,0,286,1
"15900","2021-2022","TEXAS","4801428",2,1168,1170,0,1170,1
"15901","2021-2022","TEXAS","4801429",11,114,125,0,125,1
"15902","2021-2022","TEXAS","4801431",290,1796,2086,0,2086,1
"15903","2021-2022","TEXAS","4801432",0,616,616,0,616,1
"15904","2021-2022","TEXAS","4801433",22,236,258,0,258,1
"15905","2021-2022","TEXAS","4801434",0,373,373,0,373,1
"15906","2021-2022","TEXAS","4801435",11,76,87,0,87,1
"15907","2021-2022","TEXAS","4801436",57,516,573,0,573,1
"15908","2021-2022","TEXAS","4801438",0,277,277,0,277,1
"15909","2021-2022","TEXAS","4801439",24,206,230,0,230,1
"15910","2021-2022","TEXAS","4801440",99,12533,12632,0,12632,1
"15911","2021-2022","TEXAS","4801441",354,1457,1811,0,1811,1
"15912","2021-2022","TEXAS","4801442",51,157,208,0,208,1
"15913","2021-2022","TEXAS","4801443",0,187,187,0,187,1
"15914","2021-2022","TEXAS","4801446",19,919,938,0,938,1
"15915","2021-2022","TEXAS","4801447",0,272,272,0,272,1
"15916","2021-2022","TEXAS","4801448",0,833,833,0,833,1
"15917","2021-2022","TEXAS","4801450",560,710,1270,0,1270,1
"15918","2021-2022","TEXAS","4801451",100,1157,1257,0,1257,1
"15919","2021-2022","TEXAS","4801452",3,0,3,0,3,1
"15920","2021-2022","TEXAS","4801453",0,109,109,0,109,1
"15921","2021-2022","TEXAS","4801454",0,115,115,0,115,1
"15922","2021-2022","TEXAS","4801456",0,21,21,0,21,1
"15923","2021-2022","TEXAS","4801457",115,1484,1599,0,1599,1
"15924","2021-2022","TEXAS","4801458",26,109,135,0,135,1
"15925","2021-2022","TEXAS","4801459",0,257,257,0,257,1
"15926","2021-2022","TEXAS","4801460",4,334,338,0,338,1
"15927","2021-2022","TEXAS","4801461",107,201,308,0,308,1
"15928","2021-2022","TEXAS","4801462",33,26,59,0,59,1
"15929","2021-2022","TEXAS","4801463",3,148,151,0,151,1
"15930","2021-2022","TEXAS","4801464",0,48,48,0,48,1
"15931","2021-2022","TEXAS","4801465",2,141,143,0,143,1
"15932","2021-2022","TEXAS","4801466",3,145,148,0,148,1
"15933","2021-2022","TEXAS","4801467",9,203,212,0,212,1
"15934","2021-2022","TEXAS","4801468",0,134,134,0,134,1
"15935","2021-2022","TEXAS","4801469",1,94,95,0,95,1
"15936","2021-2022","TEXAS","4801470",6,38,44,0,44,1
"15937","2021-2022","TEXAS","4801471",48,220,268,0,268,1
"15938","2021-2022","TEXAS","4801472",10,105,115,0,115,1
"15939","2021-2022","TEXAS","4801473",10,85,95,0,95,1
"15940","2021-2022","TEXAS","4801476",8,18,26,0,26,1
"15941","2021-2022","TEXAS","4801477",6,102,108,0,108,1
"15942","2021-2022","TEXAS","4801480",0,0,0,0,0,NA
"15943","2021-2022","TEXAS","4807350",535,4794,5329,0,5329,1
"15944","2021-2022","TEXAS","4807380",4,66,70,0,70,1
"15945","2021-2022","TEXAS","4807410",9,415,424,0,424,1
"15946","2021-2022","TEXAS","4807440",961,8990,9951,0,9951,1
"15947","2021-2022","TEXAS","4807470",47,590,637,0,637,1
"15948","2021-2022","TEXAS","4807500",14,58,72,0,72,1
"15949","2021-2022","TEXAS","4807530",30,280,310,0,310,1
"15950","2021-2022","TEXAS","4807590",103,832,935,0,935,1
"15951","2021-2022","TEXAS","4807650",4,409,413,0,413,1
"15952","2021-2022","TEXAS","4807680",8,198,206,0,206,1
"15953","2021-2022","TEXAS","4807710",3829,51545,55374,0,55374,1
"15954","2021-2022","TEXAS","4807780",68,907,975,0,975,1
"15955","2021-2022","TEXAS","4807800",0,3697,3697,0,3697,1
"15956","2021-2022","TEXAS","4807830",2752,31090,33842,0,33842,1
"15957","2021-2022","TEXAS","4807890",297,3301,3598,0,3598,1
"15958","2021-2022","TEXAS","4807950",6,553,559,0,559,1
"15959","2021-2022","TEXAS","4807980",5,413,418,0,418,1
"15960","2021-2022","TEXAS","4808090",1578,12763,14341,0,14341,1
"15961","2021-2022","TEXAS","4808100",39,292,331,0,331,1
"15962","2021-2022","TEXAS","4808130",1977,18716,20693,0,20693,1
"15963","2021-2022","TEXAS","4808160",8,108,116,0,116,1
"15964","2021-2022","TEXAS","4808190",110,681,791,0,791,1
"15965","2021-2022","TEXAS","4808230",16,350,366,0,366,1
"15966","2021-2022","TEXAS","4808280",394,1657,2051,0,2051,1
"15967","2021-2022","TEXAS","4808310",388,4708,5096,0,5096,1
"15968","2021-2022","TEXAS","4808340",433,1804,2237,0,2237,1
"15969","2021-2022","TEXAS","4808400",12,450,462,0,462,1
"15970","2021-2022","TEXAS","4808430",54,507,561,0,561,1
"15971","2021-2022","TEXAS","4808460",2,144,146,0,146,1
"15972","2021-2022","TEXAS","4808490",20,102,122,0,122,1
"15973","2021-2022","TEXAS","4808520",35,146,181,0,181,1
"15974","2021-2022","TEXAS","4808550",34,1975,2009,0,2009,1
"15975","2021-2022","TEXAS","4808580",1,1302,1303,0,1303,1
"15976","2021-2022","TEXAS","4808610",17,192,209,0,209,1
"15977","2021-2022","TEXAS","4808670",39,215,254,0,254,1
"15978","2021-2022","TEXAS","4808700",1510,39530,41040,0,41040,1
"15979","2021-2022","TEXAS","4808730",59,460,519,0,519,1
"15980","2021-2022","TEXAS","4808870",134,2209,2343,0,2343,1
"15981","2021-2022","TEXAS","4808880",17,1275,1292,0,1292,1
"15982","2021-2022","TEXAS","4808910",169,834,1003,0,1003,1
"15983","2021-2022","TEXAS","4808940",928,37067,37995,0,37995,1
"15984","2021-2022","TEXAS","4809000",10,74,84,0,84,1
"15985","2021-2022","TEXAS","4809030",24,150,174,0,174,1
"15986","2021-2022","TEXAS","4809060",17,202,219,0,219,1
"15987","2021-2022","TEXAS","4809090",0,108,108,0,108,1
"15988","2021-2022","TEXAS","4809150",36,321,357,0,357,1
"15989","2021-2022","TEXAS","4809200",338,3052,3390,0,3390,1
"15990","2021-2022","TEXAS","4809280",26,134,160,0,160,1
"15991","2021-2022","TEXAS","4809300",55,469,524,0,524,1
"15992","2021-2022","TEXAS","4809330",3,126,129,0,129,1
"15993","2021-2022","TEXAS","4809360",91,1013,1104,0,1104,1
"15994","2021-2022","TEXAS","4809390",60,508,568,0,568,1
"15995","2021-2022","TEXAS","4809410",28,493,521,0,521,1
"15996","2021-2022","TEXAS","4809450",179,1617,1796,0,1796,1
"15997","2021-2022","TEXAS","4809540",24,325,349,0,349,1
"15998","2021-2022","TEXAS","4809570",528,7890,8418,0,8418,1
"15999","2021-2022","TEXAS","4809630",43,2736,2779,0,2779,1
"16000","2021-2022","TEXAS","4809670",196,13477,13673,0,13673,1
"16001","2021-2022","TEXAS","4809690",11,202,213,0,213,1
"16002","2021-2022","TEXAS","4809720",8,2511,2519,0,2519,1
"16003","2021-2022","TEXAS","4809750",19,63,82,0,82,1
"16004","2021-2022","TEXAS","4809780",41,294,335,0,335,1
"16005","2021-2022","TEXAS","4809810",35,959,994,0,994,1
"16006","2021-2022","TEXAS","4809860",475,4885,5360,0,5360,1
"16007","2021-2022","TEXAS","4809870",0,398,398,0,398,1
"16008","2021-2022","TEXAS","4809980",19,81,100,0,100,1
"16009","2021-2022","TEXAS","4810140",43,435,478,0,478,1
"16010","2021-2022","TEXAS","4810170",22,288,310,0,310,1
"16011","2021-2022","TEXAS","4810200",70,2616,2686,0,2686,1
"16012","2021-2022","TEXAS","4810230",1907,11522,13429,0,13429,1
"16013","2021-2022","TEXAS","4810260",26,902,928,0,928,1
"16014","2021-2022","TEXAS","4810320",67,377,444,0,444,1
"16015","2021-2022","TEXAS","4810350",29,359,388,0,388,1
"16016","2021-2022","TEXAS","4810380",12,76,88,0,88,1
"16017","2021-2022","TEXAS","4810440",0,192,192,0,192,1
"16018","2021-2022","TEXAS","4810470",0,511,511,0,511,1
"16019","2021-2022","TEXAS","4810500",8,703,711,0,711,1
"16020","2021-2022","TEXAS","4810590",28,371,399,0,399,1
"16021","2021-2022","TEXAS","4810620",9,53,62,0,62,1
"16022","2021-2022","TEXAS","4810650",38,170,208,0,208,1
"16023","2021-2022","TEXAS","4810710",134,1605,1739,0,1739,1
"16024","2021-2022","TEXAS","4810740",10,510,520,0,520,1
"16025","2021-2022","TEXAS","4810780",58,539,597,0,597,1
"16026","2021-2022","TEXAS","4810800",131,1196,1327,0,1327,1
"16027","2021-2022","TEXAS","4810830",28,225,253,0,253,1
"16028","2021-2022","TEXAS","4810860",0,103,103,0,103,1
"16029","2021-2022","TEXAS","4810890",122,1250,1372,0,1372,1
"16030","2021-2022","TEXAS","4810910",46,232,278,0,278,1
"16031","2021-2022","TEXAS","4810950",7,379,386,0,386,1
"16032","2021-2022","TEXAS","4810990",31,871,902,0,902,1
"16033","2021-2022","TEXAS","4811010",74,614,688,0,688,1
"16034","2021-2022","TEXAS","4811040",0,126,126,0,126,1
"16035","2021-2022","TEXAS","4811070",56,272,328,0,328,1
"16036","2021-2022","TEXAS","4811110",73,594,667,0,667,1
"16037","2021-2022","TEXAS","4811190",622,7592,8214,0,8214,1
"16038","2021-2022","TEXAS","4811220",0,922,922,0,922,1
"16039","2021-2022","TEXAS","4811250",43,204,247,0,247,1
"16040","2021-2022","TEXAS","4811280",252,2343,2595,0,2595,1
"16041","2021-2022","TEXAS","4811310",41,1226,1267,0,1267,1
"16042","2021-2022","TEXAS","4811340",20,1256,1276,0,1276,1
"16043","2021-2022","TEXAS","4811400",0,49,49,0,49,1
"16044","2021-2022","TEXAS","4811430",4,290,294,0,294,1
"16045","2021-2022","TEXAS","4811460",10,128,138,0,138,1
"16046","2021-2022","TEXAS","4811490",18,101,119,0,119,1
"16047","2021-2022","TEXAS","4811520",23,164,187,0,187,1
"16048","2021-2022","TEXAS","4811550",18,94,112,0,112,1
"16049","2021-2022","TEXAS","4811580",0,1245,1245,0,1245,1
"16050","2021-2022","TEXAS","4811610",22,1388,1410,0,1410,1
"16051","2021-2022","TEXAS","4811640",144,1398,1542,0,1542,1
"16052","2021-2022","TEXAS","4811680",8475,25932,34407,0,34407,1
"16053","2021-2022","TEXAS","4811700",224,1992,2216,0,2216,1
"16054","2021-2022","TEXAS","4811730",17,319,336,0,336,1
"16055","2021-2022","TEXAS","4811790",672,12031,12703,0,12703,1
"16056","2021-2022","TEXAS","4811820",0,148,148,0,148,1
"16057","2021-2022","TEXAS","4811850",17,106,123,0,123,1
"16058","2021-2022","TEXAS","4811910",16,102,118,0,118,1
"16059","2021-2022","TEXAS","4811990",22,685,707,0,707,1
"16060","2021-2022","TEXAS","4812060",120,832,952,0,952,1
"16061","2021-2022","TEXAS","4812090",15,668,683,0,683,1
"16062","2021-2022","TEXAS","4812120",298,1355,1653,0,1653,1
"16063","2021-2022","TEXAS","4812150",0,196,196,0,196,1
"16064","2021-2022","TEXAS","4812180",252,3865,4117,0,4117,1
"16065","2021-2022","TEXAS","4812220",196,1539,1735,0,1735,1
"16066","2021-2022","TEXAS","4812240",31,219,250,0,250,1
"16067","2021-2022","TEXAS","4812360",2,103,105,0,105,1
"16068","2021-2022","TEXAS","4812390",149,631,780,0,780,1
"16069","2021-2022","TEXAS","4812420",140,1864,2004,0,2004,1
"16070","2021-2022","TEXAS","4812460",73,997,1070,0,1070,1
"16071","2021-2022","TEXAS","4812480",127,2170,2297,0,2297,1
"16072","2021-2022","TEXAS","4812510",27,377,404,0,404,1
"16073","2021-2022","TEXAS","4812540",0,129,129,0,129,1
"16074","2021-2022","TEXAS","4812640",120,1059,1179,0,1179,1
"16075","2021-2022","TEXAS","4812660",29,162,191,0,191,1
"16076","2021-2022","TEXAS","4812700",11,327,338,0,338,1
"16077","2021-2022","TEXAS","4812750",46,977,1023,0,1023,1
"16078","2021-2022","TEXAS","4812780",818,2894,3712,0,3712,1
"16079","2021-2022","TEXAS","4812810",596,3056,3652,0,3652,1
"16080","2021-2022","TEXAS","4812870",67,402,469,0,469,1
"16081","2021-2022","TEXAS","4812990",45,1445,1490,0,1490,1
"16082","2021-2022","TEXAS","4813020",0,120,120,0,120,1
"16083","2021-2022","TEXAS","4813050",2146,13691,15837,0,15837,1
"16084","2021-2022","TEXAS","4813110",95,1487,1582,0,1582,1
"16085","2021-2022","TEXAS","4813170",70,3132,3202,0,3202,1
"16086","2021-2022","TEXAS","4813200",40,194,234,0,234,1
"16087","2021-2022","TEXAS","4813230",714,3958,4672,0,4672,1
"16088","2021-2022","TEXAS","4813260",28,238,266,0,266,1
"16089","2021-2022","TEXAS","4813290",29,461,490,0,490,1
"16090","2021-2022","TEXAS","4813320",205,1628,1833,0,1833,1
"16091","2021-2022","TEXAS","4813350",42,322,364,0,364,1
"16092","2021-2022","TEXAS","4813380",9,69,78,0,78,1
"16093","2021-2022","TEXAS","4813410",12,346,358,0,358,1
"16094","2021-2022","TEXAS","4813440",36,453,489,0,489,1
"16095","2021-2022","TEXAS","4813500",9,804,813,0,813,1
"16096","2021-2022","TEXAS","4813530",41,1479,1520,0,1520,1
"16097","2021-2022","TEXAS","4813590",1,7481,7482,0,7482,1
"16098","2021-2022","TEXAS","4813620",2,110,112,0,112,1
"16099","2021-2022","TEXAS","4813650",77,2688,2765,0,2765,1
"16100","2021-2022","TEXAS","4813680",79,382,461,0,461,1
"16101","2021-2022","TEXAS","4813710",25,247,272,0,272,1
"16102","2021-2022","TEXAS","4813740",15,52,67,0,67,1
"16103","2021-2022","TEXAS","4813770",22,98,120,0,120,1
"16104","2021-2022","TEXAS","4813800",91,206,297,0,297,1
"16105","2021-2022","TEXAS","4813860",13,532,545,0,545,1
"16106","2021-2022","TEXAS","4813890",27,140,167,0,167,1
"16107","2021-2022","TEXAS","4813920",48,430,478,0,478,1
"16108","2021-2022","TEXAS","4813960",28,995,1023,0,1023,1
"16109","2021-2022","TEXAS","4813980",20,241,261,0,261,1
"16110","2021-2022","TEXAS","4814010",6,156,162,0,162,1
"16111","2021-2022","TEXAS","4814070",54,426,480,0,480,1
"16112","2021-2022","TEXAS","4814130",106,707,813,0,813,1
"16113","2021-2022","TEXAS","4814160",8,204,212,0,212,1
"16114","2021-2022","TEXAS","4814190",0,510,510,0,510,1
"16115","2021-2022","TEXAS","4814250",0,111,111,0,111,1
"16116","2021-2022","TEXAS","4814280",692,13851,14543,0,14543,1
"16117","2021-2022","TEXAS","4814310",293,4666,4959,0,4959,1
"16118","2021-2022","TEXAS","4814370",219,9932,10151,0,10151,1
"16119","2021-2022","TEXAS","4814400",74,561,635,0,635,1
"16120","2021-2022","TEXAS","4814430",196,8904,9100,0,9100,1
"16121","2021-2022","TEXAS","4814450",62,570,632,0,632,1
"16122","2021-2022","TEXAS","4814490",25,386,411,0,411,1
"16123","2021-2022","TEXAS","4814520",17,1025,1042,0,1042,1
"16124","2021-2022","TEXAS","4814550",41,438,479,0,479,1
"16125","2021-2022","TEXAS","4814580",53,266,319,0,319,1
"16126","2021-2022","TEXAS","4814600",7,316,323,0,323,1
"16127","2021-2022","TEXAS","4814640",54,498,552,0,552,1
"16128","2021-2022","TEXAS","4814670",191,1628,1819,0,1819,1
"16129","2021-2022","TEXAS","4814700",84,782,866,0,866,1
"16130","2021-2022","TEXAS","4814730",421,7713,8134,0,8134,1
"16131","2021-2022","TEXAS","4814760",29,764,793,0,793,1
"16132","2021-2022","TEXAS","4814790",6,551,557,0,557,1
"16133","2021-2022","TEXAS","4814820",74,950,1024,0,1024,1
"16134","2021-2022","TEXAS","4814850",212,1450,1662,0,1662,1
"16135","2021-2022","TEXAS","4814880",29,444,473,0,473,1
"16136","2021-2022","TEXAS","4814920",22,65,87,0,87,1
"16137","2021-2022","TEXAS","4814970",42,1858,1900,0,1900,1
"16138","2021-2022","TEXAS","4815000",3365,24022,27387,0,27387,1
"16139","2021-2022","TEXAS","4815120",9,239,248,0,248,1
"16140","2021-2022","TEXAS","4815150",15,547,562,0,562,1
"16141","2021-2022","TEXAS","4815180",328,2492,2820,0,2820,1
"16142","2021-2022","TEXAS","4815210",71,1091,1162,0,1162,1
"16143","2021-2022","TEXAS","4815240",281,4836,5117,0,5117,1
"16144","2021-2022","TEXAS","4815270",460,23743,24203,0,24203,1
"16145","2021-2022","TEXAS","4815300",25,578,603,0,603,1
"16146","2021-2022","TEXAS","4815330",113,4193,4306,0,4306,1
"16147","2021-2022","TEXAS","4815360",3,59,62,0,62,1
"16148","2021-2022","TEXAS","4815400",104,957,1061,0,1061,1
"16149","2021-2022","TEXAS","4815420",28,123,151,0,151,1
"16150","2021-2022","TEXAS","4815480",28,125,153,0,153,1
"16151","2021-2022","TEXAS","4815510",94,3030,3124,0,3124,1
"16152","2021-2022","TEXAS","4815540",15,469,484,0,484,1
"16153","2021-2022","TEXAS","4815570",1,94,95,0,95,1
"16154","2021-2022","TEXAS","4815600",0,93,93,0,93,1
"16155","2021-2022","TEXAS","4815690",10,470,480,0,480,1
"16156","2021-2022","TEXAS","4815720",76,1025,1101,0,1101,1
"16157","2021-2022","TEXAS","4815750",181,3334,3515,0,3515,1
"16158","2021-2022","TEXAS","4815810",35,222,257,0,257,1
"16159","2021-2022","TEXAS","4815840",77,213,290,0,290,1
"16160","2021-2022","TEXAS","4815870",30,110,140,0,140,1
"16161","2021-2022","TEXAS","4815910",1446,10284,11730,0,11730,1
"16162","2021-2022","TEXAS","4815930",23,1486,1509,0,1509,1
"16163","2021-2022","TEXAS","4815960",27,1192,1219,0,1219,1
"16164","2021-2022","TEXAS","4815990",12,282,294,0,294,1
"16165","2021-2022","TEXAS","4816020",11,249,260,0,260,1
"16166","2021-2022","TEXAS","4816080",23,317,340,0,340,1
"16167","2021-2022","TEXAS","4816110",2960,64515,67475,0,67475,1
"16168","2021-2022","TEXAS","4816140",17,116,133,0,133,1
"16169","2021-2022","TEXAS","4816180",18,842,860,0,860,1
"16170","2021-2022","TEXAS","4816200",39,1123,1162,0,1162,1
"16171","2021-2022","TEXAS","4816230",2928,119228,122156,0,122156,1
"16172","2021-2022","TEXAS","4816260",9,93,102,0,102,1
"16173","2021-2022","TEXAS","4816290",23,255,278,0,278,1
"16174","2021-2022","TEXAS","4816320",14,80,94,0,94,1
"16175","2021-2022","TEXAS","4816350",0,108,108,0,108,1
"16176","2021-2022","TEXAS","4816380",29,284,313,0,313,1
"16177","2021-2022","TEXAS","4816410",210,3411,3621,0,3621,1
"16178","2021-2022","TEXAS","4816440",35,374,409,0,409,1
"16179","2021-2022","TEXAS","4816500",74,1312,1386,0,1386,1
"16180","2021-2022","TEXAS","4816530",664,5168,5832,0,5832,1
"16181","2021-2022","TEXAS","4816570",0,539,539,0,539,1
"16182","2021-2022","TEXAS","4816620",1235,8655,9890,0,9890,1
"16183","2021-2022","TEXAS","4816650",2,53,55,0,55,1
"16184","2021-2022","TEXAS","4816710",160,2613,2773,0,2773,1
"16185","2021-2022","TEXAS","4816740",379,15330,15709,0,15709,1
"16186","2021-2022","TEXAS","4816770",163,909,1072,0,1072,1
"16187","2021-2022","TEXAS","4816860",130,5166,5296,0,5296,1
"16188","2021-2022","TEXAS","4816890",30,314,344,0,344,1
"16189","2021-2022","TEXAS","4816920",1,62,63,0,63,1
"16190","2021-2022","TEXAS","4816950",173,1061,1234,0,1234,1
"16191","2021-2022","TEXAS","4816980",5,82,87,0,87,1
"16192","2021-2022","TEXAS","4817010",3,302,305,0,305,1
"16193","2021-2022","TEXAS","4817040",22,1212,1234,0,1234,1
"16194","2021-2022","TEXAS","4817070",602,7059,7661,0,7661,1
"16195","2021-2022","TEXAS","4817100",0,758,758,0,758,1
"16196","2021-2022","TEXAS","4817130",13,113,126,0,126,1
"16197","2021-2022","TEXAS","4817160",43,965,1008,0,1008,1
"16198","2021-2022","TEXAS","4817190",0,16,16,0,16,1
"16199","2021-2022","TEXAS","4817280",24,88,112,0,112,1
"16200","2021-2022","TEXAS","4817390",103,12251,12354,0,12354,1
"16201","2021-2022","TEXAS","4817400",0,0,0,0,0,NA
"16202","2021-2022","TEXAS","4817460",14,175,189,0,189,1
"16203","2021-2022","TEXAS","4817550",11,242,253,0,253,1
"16204","2021-2022","TEXAS","4817580",94,646,740,0,740,1
"16205","2021-2022","TEXAS","4817610",84,2719,2803,0,2803,1
"16206","2021-2022","TEXAS","4817640",976,8326,9302,0,9302,1
"16207","2021-2022","TEXAS","4817700",1545,8361,9906,0,9906,1
"16208","2021-2022","TEXAS","4817730",184,10937,11121,0,11121,1
"16209","2021-2022","TEXAS","4817760",5,280,285,0,285,1
"16210","2021-2022","TEXAS","4817790",18,452,470,0,470,1
"16211","2021-2022","TEXAS","4817830",12,358,370,0,370,1
"16212","2021-2022","TEXAS","4817850",212,6424,6636,0,6636,1
"16213","2021-2022","TEXAS","4817880",8,987,995,0,995,1
"16214","2021-2022","TEXAS","4817960",118,512,630,0,630,1
"16215","2021-2022","TEXAS","4818000",1367,18371,19738,0,19738,1
"16216","2021-2022","TEXAS","4818030",7,101,108,0,108,1
"16217","2021-2022","TEXAS","4818060",89,3765,3854,0,3854,1
"16218","2021-2022","TEXAS","4818070",1,134,135,0,135,1
"16219","2021-2022","TEXAS","4818120",51,443,494,0,494,1
"16220","2021-2022","TEXAS","4818150",2,7466,7468,0,7468,1
"16221","2021-2022","TEXAS","4818180",522,25841,26363,0,26363,1
"16222","2021-2022","TEXAS","4818210",81,871,952,0,952,1
"16223","2021-2022","TEXAS","4818280",210,2353,2563,0,2563,1
"16224","2021-2022","TEXAS","4818300",684,36586,37270,0,37270,1
"16225","2021-2022","TEXAS","4818330",32,276,308,0,308,1
"16226","2021-2022","TEXAS","4818360",132,3415,3547,0,3547,1
"16227","2021-2022","TEXAS","4818390",20,502,522,0,522,1
"16228","2021-2022","TEXAS","4818480",8,508,516,0,516,1
"16229","2021-2022","TEXAS","4818540",461,5522,5983,0,5983,1
"16230","2021-2022","TEXAS","4818600",23,142,165,0,165,1
"16231","2021-2022","TEXAS","4818660",7,74,81,0,81,1
"16232","2021-2022","TEXAS","4818690",30,167,197,0,197,1
"16233","2021-2022","TEXAS","4818720",28,1112,1140,0,1140,1
"16234","2021-2022","TEXAS","4818750",11,147,158,0,158,1
"16235","2021-2022","TEXAS","4818780",8,128,136,0,136,1
"16236","2021-2022","TEXAS","4818810",0,5091,5091,0,5091,1
"16237","2021-2022","TEXAS","4818840",2,47,49,0,49,1
"16238","2021-2022","TEXAS","4818890",11,43,54,0,54,1
"16239","2021-2022","TEXAS","4818900",131,1675,1806,0,1806,1
"16240","2021-2022","TEXAS","4818940",97,938,1035,0,1035,1
"16241","2021-2022","TEXAS","4819020",23,80,103,0,103,1
"16242","2021-2022","TEXAS","4819050",0,132,132,0,132,1
"16243","2021-2022","TEXAS","4819080",129,949,1078,0,1078,1
"16244","2021-2022","TEXAS","4819110",46,244,290,0,290,1
"16245","2021-2022","TEXAS","4819140",4,53,57,0,57,1
"16246","2021-2022","TEXAS","4819170",54,2088,2142,0,2142,1
"16247","2021-2022","TEXAS","4819280",48,277,325,0,325,1
"16248","2021-2022","TEXAS","4819320",19,671,690,0,690,1
"16249","2021-2022","TEXAS","4819350",194,1955,2149,0,2149,1
"16250","2021-2022","TEXAS","4819380",53,2645,2698,0,2698,1
"16251","2021-2022","TEXAS","4819440",16,505,521,0,521,1
"16252","2021-2022","TEXAS","4819500",0,102,102,0,102,1
"16253","2021-2022","TEXAS","4819530",10,74,84,0,84,1
"16254","2021-2022","TEXAS","4819560",740,4354,5094,0,5094,1
"16255","2021-2022","TEXAS","4819620",54,204,258,0,258,1
"16256","2021-2022","TEXAS","4819650",4109,32939,37048,0,37048,1
"16257","2021-2022","TEXAS","4819700",187,63503,63690,0,63690,1
"16258","2021-2022","TEXAS","4819740",30,521,551,0,551,1
"16259","2021-2022","TEXAS","4819770",25,413,438,0,438,1
"16260","2021-2022","TEXAS","4819820",0,607,607,0,607,1
"16261","2021-2022","TEXAS","4819830",155,5097,5252,0,5252,1
"16262","2021-2022","TEXAS","4819840",146,1708,1854,0,1854,1
"16263","2021-2022","TEXAS","4819950",46,640,686,0,686,1
"16264","2021-2022","TEXAS","4819980",25,763,788,0,788,1
"16265","2021-2022","TEXAS","4820010",949,7482,8431,0,8431,1
"16266","2021-2022","TEXAS","4820040",5,181,186,0,186,1
"16267","2021-2022","TEXAS","4820070",1,276,277,0,277,1
"16268","2021-2022","TEXAS","4820100",22,70,92,0,92,1
"16269","2021-2022","TEXAS","4820130",41,312,353,0,353,1
"16270","2021-2022","TEXAS","4820160",272,148,420,0,420,1
"16271","2021-2022","TEXAS","4820190",27,1654,1681,0,1681,1
"16272","2021-2022","TEXAS","4820220",116,1853,1969,0,1969,1
"16273","2021-2022","TEXAS","4820250",399,18556,18955,0,18955,1
"16274","2021-2022","TEXAS","4820280",102,5174,5276,0,5276,1
"16275","2021-2022","TEXAS","4820310",64,350,414,0,414,1
"16276","2021-2022","TEXAS","4820340",3148,36566,39714,0,39714,1
"16277","2021-2022","TEXAS","4820370",7,127,134,0,134,1
"16278","2021-2022","TEXAS","4820400",18,455,473,0,473,1
"16279","2021-2022","TEXAS","4820460",20,221,241,0,241,1
"16280","2021-2022","TEXAS","4820500",42,1538,1580,0,1580,1
"16281","2021-2022","TEXAS","4820520",19,92,111,0,111,1
"16282","2021-2022","TEXAS","4820550",0,581,581,0,581,1
"16283","2021-2022","TEXAS","4820600",534,3869,4403,0,4403,1
"16284","2021-2022","TEXAS","4820610",10,148,158,0,158,1
"16285","2021-2022","TEXAS","4820640",115,1206,1321,0,1321,1
"16286","2021-2022","TEXAS","4820700",45,2230,2275,0,2275,1
"16287","2021-2022","TEXAS","4820760",29,1260,1289,0,1289,1
"16288","2021-2022","TEXAS","4820790",0,51,51,0,51,1
"16289","2021-2022","TEXAS","4820850",61,657,718,0,718,1
"16290","2021-2022","TEXAS","4820960",97,969,1066,0,1066,1
"16291","2021-2022","TEXAS","4820970",3,92,95,0,95,1
"16292","2021-2022","TEXAS","4821000",38,185,223,0,223,1
"16293","2021-2022","TEXAS","4821030",67,642,709,0,709,1
"16294","2021-2022","TEXAS","4821060",17,1823,1840,0,1840,1
"16295","2021-2022","TEXAS","4821090",17,185,202,0,202,1
"16296","2021-2022","TEXAS","4821150",1597,15526,17123,0,17123,1
"16297","2021-2022","TEXAS","4821180",26,123,149,0,149,1
"16298","2021-2022","TEXAS","4821270",14,160,174,0,174,1
"16299","2021-2022","TEXAS","4821300",5,44,49,0,49,1
"16300","2021-2022","TEXAS","4821330",5,164,169,0,169,1
"16301","2021-2022","TEXAS","4821360",57,1289,1346,0,1346,1
"16302","2021-2022","TEXAS","4821390",167,3851,4018,0,4018,1
"16303","2021-2022","TEXAS","4821420",2866,17492,20358,0,20358,1
"16304","2021-2022","TEXAS","4821450",9,673,682,0,682,1
"16305","2021-2022","TEXAS","4821480",0,92,92,0,92,1
"16306","2021-2022","TEXAS","4821540",64,474,538,0,538,1
"16307","2021-2022","TEXAS","4821560",0,5,5,0,5,1
"16308","2021-2022","TEXAS","4821590",55,256,311,0,311,1
"16309","2021-2022","TEXAS","4821600",12,738,750,0,750,1
"16310","2021-2022","TEXAS","4821630",0,404,404,0,404,1
"16311","2021-2022","TEXAS","4821660",235,2922,3157,0,3157,1
"16312","2021-2022","TEXAS","4821720",286,3706,3992,0,3992,1
"16313","2021-2022","TEXAS","4821750",114,918,1032,0,1032,1
"16314","2021-2022","TEXAS","4821780",68,2666,2734,0,2734,1
"16315","2021-2022","TEXAS","4821810",117,880,997,0,997,1
"16316","2021-2022","TEXAS","4821840",7,29,36,0,36,1
"16317","2021-2022","TEXAS","4821900",14,424,438,0,438,1
"16318","2021-2022","TEXAS","4821930",23,141,164,0,164,1
"16319","2021-2022","TEXAS","4821960",42,1064,1106,0,1106,1
"16320","2021-2022","TEXAS","4821990",6,99,105,0,105,1
"16321","2021-2022","TEXAS","4822020",0,26,26,0,26,1
"16322","2021-2022","TEXAS","4822050",0,401,401,0,401,1
"16323","2021-2022","TEXAS","4822120",17,441,458,0,458,1
"16324","2021-2022","TEXAS","4822140",10,72,82,0,82,1
"16325","2021-2022","TEXAS","4822170",72,10213,10285,0,10285,1
"16326","2021-2022","TEXAS","4822230",35,421,456,0,456,1
"16327","2021-2022","TEXAS","4822260",0,293,293,0,293,1
"16328","2021-2022","TEXAS","4822320",52,695,747,0,747,1
"16329","2021-2022","TEXAS","4822350",8,78,86,0,86,1
"16330","2021-2022","TEXAS","4822380",96,653,749,0,749,1
"16331","2021-2022","TEXAS","4822410",20,965,985,0,985,1
"16332","2021-2022","TEXAS","4822470",0,10656,10656,0,10656,1
"16333","2021-2022","TEXAS","4822500",8,325,333,0,333,1
"16334","2021-2022","TEXAS","4822530",278,12834,13112,0,13112,1
"16335","2021-2022","TEXAS","4822560",8,558,566,0,566,1
"16336","2021-2022","TEXAS","4822590",22,167,189,0,189,1
"16337","2021-2022","TEXAS","4822620",0,57,57,0,57,1
"16338","2021-2022","TEXAS","4822650",25,157,182,0,182,1
"16339","2021-2022","TEXAS","4822680",8,143,151,0,151,1
"16340","2021-2022","TEXAS","4822710",24,473,497,0,497,1
"16341","2021-2022","TEXAS","4822740",47,316,363,0,363,1
"16342","2021-2022","TEXAS","4822770",0,491,491,0,491,1
"16343","2021-2022","TEXAS","4822800",9,390,399,0,399,1
"16344","2021-2022","TEXAS","4822830",15,701,716,0,716,1
"16345","2021-2022","TEXAS","4822850",1,104,105,0,105,1
"16346","2021-2022","TEXAS","4822890",16,525,541,0,541,1
"16347","2021-2022","TEXAS","4822920",31,1357,1388,0,1388,1
"16348","2021-2022","TEXAS","4822970",213,1868,2081,0,2081,1
"16349","2021-2022","TEXAS","4822980",58,232,290,0,290,1
"16350","2021-2022","TEXAS","4823010",78,3019,3097,0,3097,1
"16351","2021-2022","TEXAS","4823040",25,94,119,0,119,1
"16352","2021-2022","TEXAS","4823070",10,307,317,0,317,1
"16353","2021-2022","TEXAS","4823100",35,2480,2515,0,2515,1
"16354","2021-2022","TEXAS","4823160",0,92,92,0,92,1
"16355","2021-2022","TEXAS","4823190",8,50,58,0,58,1
"16356","2021-2022","TEXAS","4823250",0,13,13,0,13,1
"16357","2021-2022","TEXAS","4823280",46,1392,1438,0,1438,1
"16358","2021-2022","TEXAS","4823310",22,1349,1371,0,1371,1
"16359","2021-2022","TEXAS","4823370",16,269,285,0,285,1
"16360","2021-2022","TEXAS","4823400",58,220,278,0,278,1
"16361","2021-2022","TEXAS","4823430",55,999,1054,0,1054,1
"16362","2021-2022","TEXAS","4823460",27,359,386,0,386,1
"16363","2021-2022","TEXAS","4823490",55,445,500,0,500,1
"16364","2021-2022","TEXAS","4823640",1262,152813,154075,0,154075,1
"16365","2021-2022","TEXAS","4823670",54,624,678,0,678,1
"16366","2021-2022","TEXAS","4823700",0,43,43,0,43,1
"16367","2021-2022","TEXAS","4823730",5,237,242,0,242,1
"16368","2021-2022","TEXAS","4823760",15,53,68,0,68,1
"16369","2021-2022","TEXAS","4823790",132,1273,1405,0,1405,1
"16370","2021-2022","TEXAS","4823820",31,1457,1488,0,1488,1
"16371","2021-2022","TEXAS","4823850",23,601,624,0,624,1
"16372","2021-2022","TEXAS","4823880",15,317,332,0,332,1
"16373","2021-2022","TEXAS","4823910",1810,18253,20063,0,20063,1
"16374","2021-2022","TEXAS","4823970",3,98,101,0,101,1
"16375","2021-2022","TEXAS","4824000",50,894,944,0,944,1
"16376","2021-2022","TEXAS","4824030",611,8001,8612,0,8612,1
"16377","2021-2022","TEXAS","4824060",1409,12474,13883,0,13883,1
"16378","2021-2022","TEXAS","4824100",824,2677,3501,0,3501,1
"16379","2021-2022","TEXAS","4824120",69,255,324,0,324,1
"16380","2021-2022","TEXAS","4824150",55,318,373,0,373,1
"16381","2021-2022","TEXAS","4824180",28,1482,1510,0,1510,1
"16382","2021-2022","TEXAS","4824210",0,811,811,0,811,1
"16383","2021-2022","TEXAS","4824240",5,190,195,0,195,1
"16384","2021-2022","TEXAS","4824260",91,634,725,0,725,1
"16385","2021-2022","TEXAS","4824300",16,57,73,0,73,1
"16386","2021-2022","TEXAS","4824330",8,176,184,0,184,1
"16387","2021-2022","TEXAS","4824360",11,67,78,0,78,1
"16388","2021-2022","TEXAS","4824420",644,27262,27906,0,27906,1
"16389","2021-2022","TEXAS","4824450",30,390,420,0,420,1
"16390","2021-2022","TEXAS","4824480",17,434,451,0,451,1
"16391","2021-2022","TEXAS","4824530",95,645,740,0,740,1
"16392","2021-2022","TEXAS","4824590",54,3867,3921,0,3921,1
"16393","2021-2022","TEXAS","4824600",243,1283,1526,0,1526,1
"16394","2021-2022","TEXAS","4824630",0,1737,1737,0,1737,1
"16395","2021-2022","TEXAS","4824660",10,58,68,0,68,1
"16396","2021-2022","TEXAS","4824730",0,859,859,0,859,1
"16397","2021-2022","TEXAS","4824750",106,834,940,0,940,1
"16398","2021-2022","TEXAS","4824780",63,255,318,0,318,1
"16399","2021-2022","TEXAS","4824810",5,405,410,0,410,1
"16400","2021-2022","TEXAS","4824840",6,212,218,0,218,1
"16401","2021-2022","TEXAS","4824900",18,135,153,0,153,1
"16402","2021-2022","TEXAS","4824930",127,2988,3115,0,3115,1
"16403","2021-2022","TEXAS","4824960",93,774,867,0,867,1
"16404","2021-2022","TEXAS","4824990",1264,15577,16841,0,16841,1
"16405","2021-2022","TEXAS","4825020",16,393,409,0,409,1
"16406","2021-2022","TEXAS","4825110",4,117,121,0,121,1
"16407","2021-2022","TEXAS","4825140",15,727,742,0,742,1
"16408","2021-2022","TEXAS","4825170",3456,31689,35145,0,35145,1
"16409","2021-2022","TEXAS","4825200",194,2954,3148,0,3148,1
"16410","2021-2022","TEXAS","4825230",21,650,671,0,671,1
"16411","2021-2022","TEXAS","4825260",948,8082,9030,0,9030,1
"16412","2021-2022","TEXAS","4825290",4,88,92,0,92,1
"16413","2021-2022","TEXAS","4825320",27,1059,1086,0,1086,1
"16414","2021-2022","TEXAS","4825410",0,51,51,0,51,1
"16415","2021-2022","TEXAS","4825440",0,605,605,0,605,1
"16416","2021-2022","TEXAS","4825470",16,137,153,0,153,1
"16417","2021-2022","TEXAS","4825500",55,1230,1285,0,1285,1
"16418","2021-2022","TEXAS","4825530",10,400,410,0,410,1
"16419","2021-2022","TEXAS","4825560",21,917,938,0,938,1
"16420","2021-2022","TEXAS","4825590",328,2251,2579,0,2579,1
"16421","2021-2022","TEXAS","4825620",191,2772,2963,0,2963,1
"16422","2021-2022","TEXAS","4825660",0,27144,27144,0,27144,1
"16423","2021-2022","TEXAS","4825680",0,2226,2226,0,2226,1
"16424","2021-2022","TEXAS","4825710",27,977,1004,0,1004,1
"16425","2021-2022","TEXAS","4825740",3130,24141,27271,0,27271,1
"16426","2021-2022","TEXAS","4825790",0,59,59,0,59,1
"16427","2021-2022","TEXAS","4825800",11,121,132,0,132,1
"16428","2021-2022","TEXAS","4825870",2,150,152,0,152,1
"16429","2021-2022","TEXAS","4825890",16,98,114,0,114,1
"16430","2021-2022","TEXAS","4825920",22,642,664,0,664,1
"16431","2021-2022","TEXAS","4825950",7,170,177,0,177,1
"16432","2021-2022","TEXAS","4825980",92,635,727,0,727,1
"16433","2021-2022","TEXAS","4826040",15,2480,2495,0,2495,1
"16434","2021-2022","TEXAS","4826070",5,49,54,0,54,1
"16435","2021-2022","TEXAS","4826100",34,965,999,0,999,1
"16436","2021-2022","TEXAS","4826130",319,22201,22520,0,22520,1
"16437","2021-2022","TEXAS","4826190",189,3462,3651,0,3651,1
"16438","2021-2022","TEXAS","4826220",25,232,257,0,257,1
"16439","2021-2022","TEXAS","4826250",3,436,439,0,439,1
"16440","2021-2022","TEXAS","4826280",80,2777,2857,0,2857,1
"16441","2021-2022","TEXAS","4826310",103,683,786,0,786,1
"16442","2021-2022","TEXAS","4826340",8,511,519,0,519,1
"16443","2021-2022","TEXAS","4826370",60,63,123,0,123,1
"16444","2021-2022","TEXAS","4826400",44,353,397,0,397,1
"16445","2021-2022","TEXAS","4826430",265,1498,1763,0,1763,1
"16446","2021-2022","TEXAS","4826470",41,1056,1097,0,1097,1
"16447","2021-2022","TEXAS","4826490",71,3084,3155,0,3155,1
"16448","2021-2022","TEXAS","4826580",8,19659,19667,0,19667,1
"16449","2021-2022","TEXAS","4826610",20,1329,1349,0,1349,1
"16450","2021-2022","TEXAS","4826640",58,2001,2059,0,2059,1
"16451","2021-2022","TEXAS","4826670",205,5706,5911,0,5911,1
"16452","2021-2022","TEXAS","4826700",6,125,131,0,131,1
"16453","2021-2022","TEXAS","4826790",400,18657,19057,0,19057,1
"16454","2021-2022","TEXAS","4826850",4,280,284,0,284,1
"16455","2021-2022","TEXAS","4826910",28,209,237,0,237,1
"16456","2021-2022","TEXAS","4826970",8,105,113,0,113,1
"16457","2021-2022","TEXAS","4827000",15,177,192,0,192,1
"16458","2021-2022","TEXAS","4827030",606,7140,7746,0,7746,1
"16459","2021-2022","TEXAS","4827060",0,103,103,0,103,1
"16460","2021-2022","TEXAS","4827090",4,82,86,0,86,1
"16461","2021-2022","TEXAS","4827120",0,180,180,0,180,1
"16462","2021-2022","TEXAS","4827180",42,358,400,0,400,1
"16463","2021-2022","TEXAS","4827210",48,326,374,0,374,1
"16464","2021-2022","TEXAS","4827240",241,1777,2018,0,2018,1
"16465","2021-2022","TEXAS","4827270",15,167,182,0,182,1
"16466","2021-2022","TEXAS","4827300",1977,14509,16486,0,16486,1
"16467","2021-2022","TEXAS","4827330",70,342,412,0,412,1
"16468","2021-2022","TEXAS","4827390",25,1761,1786,0,1786,1
"16469","2021-2022","TEXAS","4827420",179,1227,1406,0,1406,1
"16470","2021-2022","TEXAS","4827450",35,1365,1400,0,1400,1
"16471","2021-2022","TEXAS","4827510",106,2018,2124,0,2124,1
"16472","2021-2022","TEXAS","4827540",7,431,438,0,438,1
"16473","2021-2022","TEXAS","4827570",3,70,73,0,73,1
"16474","2021-2022","TEXAS","4827600",8,117,125,0,125,1
"16475","2021-2022","TEXAS","4827630",15,213,228,0,228,1
"16476","2021-2022","TEXAS","4827690",1,1631,1632,0,1632,1
"16477","2021-2022","TEXAS","4827720",113,3657,3770,0,3770,1
"16478","2021-2022","TEXAS","4827750",19,911,930,0,930,1
"16479","2021-2022","TEXAS","4827780",36,2313,2349,0,2349,1
"16480","2021-2022","TEXAS","4827810",29,1199,1228,0,1228,1
"16481","2021-2022","TEXAS","4827870",625,4120,4745,0,4745,1
"16482","2021-2022","TEXAS","4827890",4,343,347,0,347,1
"16483","2021-2022","TEXAS","4827930",0,85,85,0,85,1
"16484","2021-2022","TEXAS","4827960",13,234,247,0,247,1
"16485","2021-2022","TEXAS","4827990",6,200,206,0,206,1
"16486","2021-2022","TEXAS","4828020",0,496,496,0,496,1
"16487","2021-2022","TEXAS","4828110",164,6845,7009,0,7009,1
"16488","2021-2022","TEXAS","4828140",0,71,71,0,71,1
"16489","2021-2022","TEXAS","4828170",5,77,82,0,82,1
"16490","2021-2022","TEXAS","4828200",13,486,499,0,499,1
"16491","2021-2022","TEXAS","4828230",3,191,194,0,194,1
"16492","2021-2022","TEXAS","4828290",2,8271,8273,0,8273,1
"16493","2021-2022","TEXAS","4828350",12,318,330,0,330,1
"16494","2021-2022","TEXAS","4828380",2,183,185,0,185,1
"16495","2021-2022","TEXAS","4828410",11,256,267,0,267,1
"16496","2021-2022","TEXAS","4828500",412,18070,18482,0,18482,1
"16497","2021-2022","TEXAS","4828530",3,76,79,0,79,1
"16498","2021-2022","TEXAS","4828550",122,6171,6293,0,6293,1
"16499","2021-2022","TEXAS","4828590",111,938,1049,0,1049,1
"16500","2021-2022","TEXAS","4828620",19,1120,1139,0,1139,1
"16501","2021-2022","TEXAS","4828650",135,1148,1283,0,1283,1
"16502","2021-2022","TEXAS","4828680",84,2352,2436,0,2436,1
"16503","2021-2022","TEXAS","4828710",63,1641,1704,0,1704,1
"16504","2021-2022","TEXAS","4828740",797,5890,6687,0,6687,1
"16505","2021-2022","TEXAS","4828780",28,892,920,0,920,1
"16506","2021-2022","TEXAS","4828800",3,137,140,0,140,1
"16507","2021-2022","TEXAS","4828830",37,68,105,0,105,1
"16508","2021-2022","TEXAS","4828890",718,6588,7306,0,7306,1
"16509","2021-2022","TEXAS","4828920",1983,13077,15060,0,15060,1
"16510","2021-2022","TEXAS","4828980",16,24,40,0,40,1
"16511","2021-2022","TEXAS","4829010",71,2635,2706,0,2706,1
"16512","2021-2022","TEXAS","4829040",7,139,146,0,146,1
"16513","2021-2022","TEXAS","4829100",108,510,618,0,618,1
"16514","2021-2022","TEXAS","4829130",20,855,875,0,875,1
"16515","2021-2022","TEXAS","4829160",134,3772,3906,0,3906,1
"16516","2021-2022","TEXAS","4829190",30,347,377,0,377,1
"16517","2021-2022","TEXAS","4829220",10,240,250,0,250,1
"16518","2021-2022","TEXAS","4829250",0,177,177,0,177,1
"16519","2021-2022","TEXAS","4829280",45,338,383,0,383,1
"16520","2021-2022","TEXAS","4829370",0,73,73,0,73,1
"16521","2021-2022","TEXAS","4829400",58,1122,1180,0,1180,1
"16522","2021-2022","TEXAS","4829460",52,218,270,0,270,1
"16523","2021-2022","TEXAS","4829520",8,107,115,0,115,1
"16524","2021-2022","TEXAS","4829580",67,397,464,0,464,1
"16525","2021-2022","TEXAS","4829670",1,15059,15060,0,15060,1
"16526","2021-2022","TEXAS","4829700",53,296,349,0,349,1
"16527","2021-2022","TEXAS","4829760",6,178,184,0,184,1
"16528","2021-2022","TEXAS","4829820",114,819,933,0,933,1
"16529","2021-2022","TEXAS","4829850",785,6538,7323,0,7323,1
"16530","2021-2022","TEXAS","4829880",0,109,109,0,109,1
"16531","2021-2022","TEXAS","4829910",40,180,220,0,220,1
"16532","2021-2022","TEXAS","4829940",0,78,78,0,78,1
"16533","2021-2022","TEXAS","4830000",0,188,188,0,188,1
"16534","2021-2022","TEXAS","4830030",12,139,151,0,151,1
"16535","2021-2022","TEXAS","4830060",442,2802,3244,0,3244,1
"16536","2021-2022","TEXAS","4830120",29,689,718,0,718,1
"16537","2021-2022","TEXAS","4830180",14,344,358,0,358,1
"16538","2021-2022","TEXAS","4830210",9,197,206,0,206,1
"16539","2021-2022","TEXAS","4830250",62,4065,4127,0,4127,1
"16540","2021-2022","TEXAS","4830300",23,225,248,0,248,1
"16541","2021-2022","TEXAS","4830340",8,538,546,0,546,1
"16542","2021-2022","TEXAS","4830360",37,93,130,0,130,1
"16543","2021-2022","TEXAS","4830390",3865,26700,30565,0,30565,1
"16544","2021-2022","TEXAS","4830420",58,1496,1554,0,1554,1
"16545","2021-2022","TEXAS","4830450",10,45,55,0,55,1
"16546","2021-2022","TEXAS","4830480",2,56,58,0,58,1
"16547","2021-2022","TEXAS","4830570",380,12939,13319,0,13319,1
"16548","2021-2022","TEXAS","4830600",194,2736,2930,0,2930,1
"16549","2021-2022","TEXAS","4830640",388,2360,2748,0,2748,1
"16550","2021-2022","TEXAS","4830660",0,83,83,0,83,1
"16551","2021-2022","TEXAS","4830690",44,158,202,0,202,1
"16552","2021-2022","TEXAS","4830720",9,381,390,0,390,1
"16553","2021-2022","TEXAS","4830750",0,218,218,0,218,1
"16554","2021-2022","TEXAS","4830780",3,171,174,0,174,1
"16555","2021-2022","TEXAS","4830810",33,127,160,0,160,1
"16556","2021-2022","TEXAS","4830870",86,420,506,0,506,1
"16557","2021-2022","TEXAS","4830930",30,857,887,0,887,1
"16558","2021-2022","TEXAS","4830950",44,2375,2419,0,2419,1
"16559","2021-2022","TEXAS","4831040",179,11853,12032,0,12032,1
"16560","2021-2022","TEXAS","4831170",48,612,660,0,660,1
"16561","2021-2022","TEXAS","4831200",2,55,57,0,57,1
"16562","2021-2022","TEXAS","4831230",53,776,829,0,829,1
"16563","2021-2022","TEXAS","4831260",281,2648,2929,0,2929,1
"16564","2021-2022","TEXAS","4831290",55,376,431,0,431,1
"16565","2021-2022","TEXAS","4831320",12,85,97,0,97,1
"16566","2021-2022","TEXAS","4831380",12,85,97,0,97,1
"16567","2021-2022","TEXAS","4831410",1,59,60,0,60,1
"16568","2021-2022","TEXAS","4831470",10,279,289,0,289,1
"16569","2021-2022","TEXAS","4831500",12,103,115,0,115,1
"16570","2021-2022","TEXAS","4831560",6,168,174,0,174,1
"16571","2021-2022","TEXAS","4831620",6,132,138,0,138,1
"16572","2021-2022","TEXAS","4831650",21,286,307,0,307,1
"16573","2021-2022","TEXAS","4831760",0,4145,4145,0,4145,1
"16574","2021-2022","TEXAS","4831770",132,817,949,0,949,1
"16575","2021-2022","TEXAS","4831860",16,75,91,0,91,1
"16576","2021-2022","TEXAS","4831890",44,1136,1180,0,1180,1
"16577","2021-2022","TEXAS","4831920",5,161,166,0,166,1
"16578","2021-2022","TEXAS","4831950",75,282,357,0,357,1
"16579","2021-2022","TEXAS","4831970",8,221,229,0,229,1
"16580","2021-2022","TEXAS","4832010",16,106,122,0,122,1
"16581","2021-2022","TEXAS","4832090",483,4412,4895,0,4895,1
"16582","2021-2022","TEXAS","4832130",10,828,838,0,838,1
"16583","2021-2022","TEXAS","4832160",11,538,549,0,549,1
"16584","2021-2022","TEXAS","4832190",45,2329,2374,0,2374,1
"16585","2021-2022","TEXAS","4832220",23,25,48,0,48,1
"16586","2021-2022","TEXAS","4832250",6,179,185,0,185,1
"16587","2021-2022","TEXAS","4832280",67,2222,2289,0,2289,1
"16588","2021-2022","TEXAS","4832310",85,1244,1329,0,1329,1
"16589","2021-2022","TEXAS","4832340",23,933,956,0,956,1
"16590","2021-2022","TEXAS","4832370",470,3052,3522,0,3522,1
"16591","2021-2022","TEXAS","4832400",783,10705,11488,0,11488,1
"16592","2021-2022","TEXAS","4832430",8,500,508,0,508,1
"16593","2021-2022","TEXAS","4832460",22,480,502,0,502,1
"16594","2021-2022","TEXAS","4832490",9,68,77,0,77,1
"16595","2021-2022","TEXAS","4832610",18,449,467,0,467,1
"16596","2021-2022","TEXAS","4832640",43,464,507,0,507,1
"16597","2021-2022","TEXAS","4832700",15,118,133,0,133,1
"16598","2021-2022","TEXAS","4832730",0,730,730,0,730,1
"16599","2021-2022","TEXAS","4832740",16,876,892,0,892,1
"16600","2021-2022","TEXAS","4832790",41,432,473,0,473,1
"16601","2021-2022","TEXAS","4832880",30,59,89,0,89,1
"16602","2021-2022","TEXAS","4832910",7,285,292,0,292,1
"16603","2021-2022","TEXAS","4832940",1717,33753,35470,0,35470,1
"16604","2021-2022","TEXAS","4832970",67,266,333,0,333,1
"16605","2021-2022","TEXAS","4833010",93,1224,1317,0,1317,1
"16606","2021-2022","TEXAS","4833030",0,200,200,0,200,1
"16607","2021-2022","TEXAS","4833090",19,59,78,0,78,1
"16608","2021-2022","TEXAS","4833120",4276,45596,49872,0,49872,1
"16609","2021-2022","TEXAS","4833180",592,5922,6514,0,6514,1
"16610","2021-2022","TEXAS","4833240",26,141,167,0,167,1
"16611","2021-2022","TEXAS","4833270",9,53,62,0,62,1
"16612","2021-2022","TEXAS","4833340",1,205,206,0,206,1
"16613","2021-2022","TEXAS","4833360",12,565,577,0,577,1
"16614","2021-2022","TEXAS","4833390",6,200,206,0,206,1
"16615","2021-2022","TEXAS","4833420",6,107,113,0,113,1
"16616","2021-2022","TEXAS","4833570",10,88,98,0,98,1
"16617","2021-2022","TEXAS","4833630",55,392,447,0,447,1
"16618","2021-2022","TEXAS","4833660",13,364,377,0,377,1
"16619","2021-2022","TEXAS","4833690",29,942,971,0,971,1
"16620","2021-2022","TEXAS","4833720",91,970,1061,0,1061,1
"16621","2021-2022","TEXAS","4833780",50,517,567,0,567,1
"16622","2021-2022","TEXAS","4833840",32,559,591,0,591,1
"16623","2021-2022","TEXAS","4833870",20,281,301,0,301,1
"16624","2021-2022","TEXAS","4833900",0,116,116,0,116,1
"16625","2021-2022","TEXAS","4833960",9,69,78,0,78,1
"16626","2021-2022","TEXAS","4833980",26,117,143,0,143,1
"16627","2021-2022","TEXAS","4834020",19,913,932,0,932,1
"16628","2021-2022","TEXAS","4834050",141,2601,2742,0,2742,1
"16629","2021-2022","TEXAS","4834110",49,613,662,0,662,1
"16630","2021-2022","TEXAS","4834140",0,42,42,0,42,1
"16631","2021-2022","TEXAS","4834170",55,1988,2043,0,2043,1
"16632","2021-2022","TEXAS","4834230",3,199,202,0,202,1
"16633","2021-2022","TEXAS","4834260",13,376,389,0,389,1
"16634","2021-2022","TEXAS","4834290",55,2930,2985,0,2985,1
"16635","2021-2022","TEXAS","4834320",3315,35836,39151,0,39151,1
"16636","2021-2022","TEXAS","4834380",1,68,69,0,69,1
"16637","2021-2022","TEXAS","4834410",0,438,438,0,438,1
"16638","2021-2022","TEXAS","4834440",920,5989,6909,0,6909,1
"16639","2021-2022","TEXAS","4834470",40,1706,1746,0,1746,1
"16640","2021-2022","TEXAS","4834500",34,383,417,0,417,1
"16641","2021-2022","TEXAS","4834550",190,1609,1799,0,1799,1
"16642","2021-2022","TEXAS","4834560",7,108,115,0,115,1
"16643","2021-2022","TEXAS","4834630",16,150,166,0,166,1
"16644","2021-2022","TEXAS","4834650",24,1242,1266,0,1266,1
"16645","2021-2022","TEXAS","4834680",3,206,209,0,209,1
"16646","2021-2022","TEXAS","4834710",3,210,213,0,213,1
"16647","2021-2022","TEXAS","4834770",0,251,251,0,251,1
"16648","2021-2022","TEXAS","4834800",11,628,639,0,639,1
"16649","2021-2022","TEXAS","4834830",1683,9941,11624,0,11624,1
"16650","2021-2022","TEXAS","4834860",0,26776,26776,0,26776,1
"16651","2021-2022","TEXAS","4834920",35,603,638,0,638,1
"16652","2021-2022","TEXAS","4834980",101,3134,3235,0,3235,1
"16653","2021-2022","TEXAS","4835010",206,1643,1849,0,1849,1
"16654","2021-2022","TEXAS","4835040",20,262,282,0,282,1
"16655","2021-2022","TEXAS","4835070",1,3980,3981,0,3981,1
"16656","2021-2022","TEXAS","4835100",730,16299,17029,0,17029,1
"16657","2021-2022","TEXAS","4835130",162,596,758,0,758,1
"16658","2021-2022","TEXAS","4835190",190,2038,2228,0,2228,1
"16659","2021-2022","TEXAS","4835250",0,1753,1753,0,1753,1
"16660","2021-2022","TEXAS","4835310",25,550,575,0,575,1
"16661","2021-2022","TEXAS","4835340",33,326,359,0,359,1
"16662","2021-2022","TEXAS","4835370",0,152,152,0,152,1
"16663","2021-2022","TEXAS","4835400",129,6646,6775,0,6775,1
"16664","2021-2022","TEXAS","4835430",121,1920,2041,0,2041,1
"16665","2021-2022","TEXAS","4835490",8,547,555,0,555,1
"16666","2021-2022","TEXAS","4835520",18,1187,1205,0,1205,1
"16667","2021-2022","TEXAS","4835550",27,226,253,0,253,1
"16668","2021-2022","TEXAS","4835560",14,458,472,0,472,1
"16669","2021-2022","TEXAS","4835570",24,248,272,0,272,1
"16670","2021-2022","TEXAS","4835580",13,484,497,0,497,1
"16671","2021-2022","TEXAS","4835700",8,178,186,0,186,1
"16672","2021-2022","TEXAS","4835730",15,71,86,0,86,1
"16673","2021-2022","TEXAS","4835740",17,549,566,0,566,1
"16674","2021-2022","TEXAS","4835760",6,664,670,0,670,1
"16675","2021-2022","TEXAS","4835800",88,859,947,0,947,1
"16676","2021-2022","TEXAS","4835820",8,88,96,0,96,1
"16677","2021-2022","TEXAS","4835850",357,3085,3442,0,3442,1
"16678","2021-2022","TEXAS","4835890",2,85,87,0,87,1
"16679","2021-2022","TEXAS","4835910",8,1384,1392,0,1392,1
"16680","2021-2022","TEXAS","4836000",91,1726,1817,0,1817,1
"16681","2021-2022","TEXAS","4836180",47,302,349,0,349,1
"16682","2021-2022","TEXAS","4836210",76,518,594,0,594,1
"16683","2021-2022","TEXAS","4836240",178,1719,1897,0,1897,1
"16684","2021-2022","TEXAS","4836300",24,804,828,0,828,1
"16685","2021-2022","TEXAS","4836360",13,1006,1019,0,1019,1
"16686","2021-2022","TEXAS","4836390",5,395,400,0,400,1
"16687","2021-2022","TEXAS","4836420",0,23,23,0,23,1
"16688","2021-2022","TEXAS","4836450",19,35,54,0,54,1
"16689","2021-2022","TEXAS","4836480",26,231,257,0,257,1
"16690","2021-2022","TEXAS","4836510",3,122,125,0,125,1
"16691","2021-2022","TEXAS","4836540",0,1730,1730,0,1730,1
"16692","2021-2022","TEXAS","4836570",86,390,476,0,476,1
"16693","2021-2022","TEXAS","4836630",0,62,62,0,62,1
"16694","2021-2022","TEXAS","4836660",153,3108,3261,0,3261,1
"16695","2021-2022","TEXAS","4836750",0,563,563,0,563,1
"16696","2021-2022","TEXAS","4836780",8,502,510,0,510,1
"16697","2021-2022","TEXAS","4836930",19,336,355,0,355,1
"16698","2021-2022","TEXAS","4836960",20,772,792,0,792,1
"16699","2021-2022","TEXAS","4836970",17,943,960,0,960,1
"16700","2021-2022","TEXAS","4836990",20,65,85,0,85,1
"16701","2021-2022","TEXAS","4837020",518,20522,21040,0,21040,1
"16702","2021-2022","TEXAS","4837080",13,46,59,0,59,1
"16703","2021-2022","TEXAS","4837110",14,304,318,0,318,1
"16704","2021-2022","TEXAS","4837140",134,8493,8627,0,8627,1
"16705","2021-2022","TEXAS","4837150",373,1833,2206,0,2206,1
"16706","2021-2022","TEXAS","4837170",51,1352,1403,0,1403,1
"16707","2021-2022","TEXAS","4837200",73,445,518,0,518,1
"16708","2021-2022","TEXAS","4837230",0,118,118,0,118,1
"16709","2021-2022","TEXAS","4837260",34,706,740,0,740,1
"16710","2021-2022","TEXAS","4837320",0,327,327,0,327,1
"16711","2021-2022","TEXAS","4837380",15,142,157,0,157,1
"16712","2021-2022","TEXAS","4837410",164,843,1007,0,1007,1
"16713","2021-2022","TEXAS","4837440",43,2195,2238,0,2238,1
"16714","2021-2022","TEXAS","4837470",43,134,177,0,177,1
"16715","2021-2022","TEXAS","4837500",25,93,118,0,118,1
"16716","2021-2022","TEXAS","4837590",63,950,1013,0,1013,1
"16717","2021-2022","TEXAS","4837650",177,4462,4639,0,4639,1
"16718","2021-2022","TEXAS","4837710",2,421,423,0,423,1
"16719","2021-2022","TEXAS","4837740",0,4842,4842,0,4842,1
"16720","2021-2022","TEXAS","4837800",19,842,861,0,861,1
"16721","2021-2022","TEXAS","4837830",23,159,182,0,182,1
"16722","2021-2022","TEXAS","4837860",55,1884,1939,0,1939,1
"16723","2021-2022","TEXAS","4837900",51,418,469,0,469,1
"16724","2021-2022","TEXAS","4838040",14,146,160,0,160,1
"16725","2021-2022","TEXAS","4838080",1476,8980,10456,0,10456,1
"16726","2021-2022","TEXAS","4838100",6,77,83,0,83,1
"16727","2021-2022","TEXAS","4838190",166,1790,1956,0,1956,1
"16728","2021-2022","TEXAS","4838220",101,3172,3273,0,3273,1
"16729","2021-2022","TEXAS","4838280",12,104,116,0,116,1
"16730","2021-2022","TEXAS","4838310",4,182,186,0,186,1
"16731","2021-2022","TEXAS","4838360",212,1207,1419,0,1419,1
"16732","2021-2022","TEXAS","4838400",18,443,461,0,461,1
"16733","2021-2022","TEXAS","4838430",11,306,317,0,317,1
"16734","2021-2022","TEXAS","4838460",39,749,788,0,788,1
"16735","2021-2022","TEXAS","4838490",16,172,188,0,188,1
"16736","2021-2022","TEXAS","4838520",18,123,141,0,141,1
"16737","2021-2022","TEXAS","4838580",37,489,526,0,526,1
"16738","2021-2022","TEXAS","4838610",8,137,145,0,145,1
"16739","2021-2022","TEXAS","4838640",38,175,213,0,213,1
"16740","2021-2022","TEXAS","4838700",1496,7212,8708,0,8708,1
"16741","2021-2022","TEXAS","4838730",434,38902,39336,0,39336,1
"16742","2021-2022","TEXAS","4838760",0,522,522,0,522,1
"16743","2021-2022","TEXAS","4838790",159,8003,8162,0,8162,1
"16744","2021-2022","TEXAS","4838820",97,1175,1272,0,1272,1
"16745","2021-2022","TEXAS","4838850",73,2830,2903,0,2903,1
"16746","2021-2022","TEXAS","4838900",259,6855,7114,0,7114,1
"16747","2021-2022","TEXAS","4838910",0,185,185,0,185,1
"16748","2021-2022","TEXAS","4838970",123,6232,6355,0,6355,1
"16749","2021-2022","TEXAS","4839000",20,153,173,0,173,1
"16750","2021-2022","TEXAS","4839030",23,434,457,0,457,1
"16751","2021-2022","TEXAS","4839060",0,0,0,0,0,NA
"16752","2021-2022","TEXAS","4839120",12,146,158,0,158,1
"16753","2021-2022","TEXAS","4839150",4,276,280,0,280,1
"16754","2021-2022","TEXAS","4839180",85,1259,1344,0,1344,1
"16755","2021-2022","TEXAS","4839210",0,253,253,0,253,1
"16756","2021-2022","TEXAS","4839270",215,1974,2189,0,2189,1
"16757","2021-2022","TEXAS","4839300",67,269,336,0,336,1
"16758","2021-2022","TEXAS","4839330",5,537,542,0,542,1
"16759","2021-2022","TEXAS","4839360",8,755,763,0,763,1
"16760","2021-2022","TEXAS","4839390",14,185,199,0,199,1
"16761","2021-2022","TEXAS","4839450",4,167,171,0,171,1
"16762","2021-2022","TEXAS","4839480",752,4403,5155,0,5155,1
"16763","2021-2022","TEXAS","4839510",63,259,322,0,322,1
"16764","2021-2022","TEXAS","4839540",9,419,428,0,428,1
"16765","2021-2022","TEXAS","4839570",34,421,455,0,455,1
"16766","2021-2022","TEXAS","4839600",0,404,404,0,404,1
"16767","2021-2022","TEXAS","4839630",45,1657,1702,0,1702,1
"16768","2021-2022","TEXAS","4839690",982,3842,4824,0,4824,1
"16769","2021-2022","TEXAS","4839750",54,1599,1653,0,1653,1
"16770","2021-2022","TEXAS","4839780",18,356,374,0,374,1
"16771","2021-2022","TEXAS","4839870",52,582,634,0,634,1
"16772","2021-2022","TEXAS","4839900",12,223,235,0,235,1
"16773","2021-2022","TEXAS","4839930",1034,5205,6239,0,6239,1
"16774","2021-2022","TEXAS","4839960",0,442,442,0,442,1
"16775","2021-2022","TEXAS","4839990",825,8337,9162,0,9162,1
"16776","2021-2022","TEXAS","4840020",37,1482,1519,0,1519,1
"16777","2021-2022","TEXAS","4840080",406,5320,5726,0,5726,1
"16778","2021-2022","TEXAS","4840110",18,172,190,0,190,1
"16779","2021-2022","TEXAS","4840170",10,71,81,0,81,1
"16780","2021-2022","TEXAS","4840200",5,86,91,0,91,1
"16781","2021-2022","TEXAS","4840230",40,1674,1714,0,1714,1
"16782","2021-2022","TEXAS","4840290",2,84,86,0,86,1
"16783","2021-2022","TEXAS","4840320",34,186,220,0,220,1
"16784","2021-2022","TEXAS","4840350",57,1355,1412,0,1412,1
"16785","2021-2022","TEXAS","4840380",6,41,47,0,47,1
"16786","2021-2022","TEXAS","4840410",88,384,472,0,472,1
"16787","2021-2022","TEXAS","4840440",19,941,960,0,960,1
"16788","2021-2022","TEXAS","4840470",9,136,145,0,145,1
"16789","2021-2022","TEXAS","4840500",7,162,169,0,169,1
"16790","2021-2022","TEXAS","4840550",27,793,820,0,820,1
"16791","2021-2022","TEXAS","4840590",4,208,212,0,212,1
"16792","2021-2022","TEXAS","4840620",28,354,382,0,382,1
"16793","2021-2022","TEXAS","4840650",255,1436,1691,0,1691,1
"16794","2021-2022","TEXAS","4840680",0,7155,7155,0,7155,1
"16795","2021-2022","TEXAS","4840710",4551,28640,33191,0,33191,1
"16796","2021-2022","TEXAS","4840740",144,3207,3351,0,3351,1
"16797","2021-2022","TEXAS","4840770",28,366,394,0,394,1
"16798","2021-2022","TEXAS","4840800",15,335,350,0,350,1
"16799","2021-2022","TEXAS","4840890",0,81,81,0,81,1
"16800","2021-2022","TEXAS","4840920",93,4660,4753,0,4753,1
"16801","2021-2022","TEXAS","4840950",264,10595,10859,0,10859,1
"16802","2021-2022","TEXAS","4841010",14,458,472,0,472,1
"16803","2021-2022","TEXAS","4841070",235,2426,2661,0,2661,1
"16804","2021-2022","TEXAS","4841100",1660,17374,19034,0,19034,1
"16805","2021-2022","TEXAS","4841130",0,44,44,0,44,1
"16806","2021-2022","TEXAS","4841190",29,979,1008,0,1008,1
"16807","2021-2022","TEXAS","4841220",3782,24452,28234,0,28234,1
"16808","2021-2022","TEXAS","4841250",8,200,208,0,208,1
"16809","2021-2022","TEXAS","4841280",210,1723,1933,0,1933,1
"16810","2021-2022","TEXAS","4841340",3,240,243,0,243,1
"16811","2021-2022","TEXAS","4841350",73,2531,2604,0,2604,1
"16812","2021-2022","TEXAS","4841400",14,398,412,0,412,1
"16813","2021-2022","TEXAS","4841430",73,549,622,0,622,1
"16814","2021-2022","TEXAS","4841520",71,1765,1836,0,1836,1
"16815","2021-2022","TEXAS","4841550",38,120,158,0,158,1
"16816","2021-2022","TEXAS","4841580",24,258,282,0,282,1
"16817","2021-2022","TEXAS","4841610",8,306,314,0,314,1
"16818","2021-2022","TEXAS","4841670",10,324,334,0,334,1
"16819","2021-2022","TEXAS","4841700",11,93,104,0,104,1
"16820","2021-2022","TEXAS","4841760",6,265,271,0,271,1
"16821","2021-2022","TEXAS","4841790",2,89,91,0,91,1
"16822","2021-2022","TEXAS","4841820",132,2454,2586,0,2586,1
"16823","2021-2022","TEXAS","4841850",2,286,288,0,288,1
"16824","2021-2022","TEXAS","4841880",18,323,341,0,341,1
"16825","2021-2022","TEXAS","4841910",47,225,272,0,272,1
"16826","2021-2022","TEXAS","4841970",42,845,887,0,887,1
"16827","2021-2022","TEXAS","4842000",13,17,30,0,30,1
"16828","2021-2022","TEXAS","4842030",25,1460,1485,0,1485,1
"16829","2021-2022","TEXAS","4842060",6,792,798,0,798,1
"16830","2021-2022","TEXAS","4842090",0,367,367,0,367,1
"16831","2021-2022","TEXAS","4842120",13,449,462,0,462,1
"16832","2021-2022","TEXAS","4842210",32,870,902,0,902,1
"16833","2021-2022","TEXAS","4842240",49,745,794,0,794,1
"16834","2021-2022","TEXAS","4842280",97,1410,1507,0,1507,1
"16835","2021-2022","TEXAS","4842300",61,728,789,0,789,1
"16836","2021-2022","TEXAS","4842330",77,6462,6539,0,6539,1
"16837","2021-2022","TEXAS","4842360",43,388,431,0,431,1
"16838","2021-2022","TEXAS","4842390",21,68,89,0,89,1
"16839","2021-2022","TEXAS","4842420",0,69,69,0,69,1
"16840","2021-2022","TEXAS","4842450",304,3416,3720,0,3720,1
"16841","2021-2022","TEXAS","4842480",123,5347,5470,0,5470,1
"16842","2021-2022","TEXAS","4842510",117,6447,6564,0,6564,1
"16843","2021-2022","TEXAS","4842540",1,105,106,0,106,1
"16844","2021-2022","TEXAS","4842570",9,115,124,0,124,1
"16845","2021-2022","TEXAS","4842630",59,226,285,0,285,1
"16846","2021-2022","TEXAS","4842660",55,176,231,0,231,1
"16847","2021-2022","TEXAS","4842690",0,416,416,0,416,1
"16848","2021-2022","TEXAS","4842720",28,146,174,0,174,1
"16849","2021-2022","TEXAS","4842780",14,46,60,0,60,1
"16850","2021-2022","TEXAS","4842810",24,571,595,0,595,1
"16851","2021-2022","TEXAS","4842840",43,376,419,0,419,1
"16852","2021-2022","TEXAS","4842870",22,185,207,0,207,1
"16853","2021-2022","TEXAS","4842900",95,292,387,0,387,1
"16854","2021-2022","TEXAS","4842930",71,288,359,0,359,1
"16855","2021-2022","TEXAS","4842960",253,5570,5823,0,5823,1
"16856","2021-2022","TEXAS","4842990",18,818,836,0,836,1
"16857","2021-2022","TEXAS","4843110",6,83,89,0,89,1
"16858","2021-2022","TEXAS","4843140",19,151,170,0,170,1
"16859","2021-2022","TEXAS","4843170",12,115,127,0,127,1
"16860","2021-2022","TEXAS","4843200",22,997,1019,0,1019,1
"16861","2021-2022","TEXAS","4843230",34,525,559,0,559,1
"16862","2021-2022","TEXAS","4843260",21,728,749,0,749,1
"16863","2021-2022","TEXAS","4843290",32,954,986,0,986,1
"16864","2021-2022","TEXAS","4843320",1,791,792,0,792,1
"16865","2021-2022","TEXAS","4843350",69,2307,2376,0,2376,1
"16866","2021-2022","TEXAS","4843400",4,100,104,0,104,1
"16867","2021-2022","TEXAS","4843470",532,13592,14124,0,14124,1
"16868","2021-2022","TEXAS","4843530",19,278,297,0,297,1
"16869","2021-2022","TEXAS","4843560",7,189,196,0,196,1
"16870","2021-2022","TEXAS","4843650",0,29647,29647,0,29647,1
"16871","2021-2022","TEXAS","4843680",16,74,90,0,90,1
"16872","2021-2022","TEXAS","4843720",0,3321,3321,0,3321,1
"16873","2021-2022","TEXAS","4843740",4,17,21,0,21,1
"16874","2021-2022","TEXAS","4843760",12,301,313,0,313,1
"16875","2021-2022","TEXAS","4843800",0,3671,3671,0,3671,1
"16876","2021-2022","TEXAS","4843860",37,456,493,0,493,1
"16877","2021-2022","TEXAS","4843890",58,417,475,0,475,1
"16878","2021-2022","TEXAS","4843920",159,1278,1437,0,1437,1
"16879","2021-2022","TEXAS","4843950",11,585,596,0,596,1
"16880","2021-2022","TEXAS","4843980",5,79,84,0,84,1
"16881","2021-2022","TEXAS","4844010",75,1655,1730,0,1730,1
"16882","2021-2022","TEXAS","4844040",25,83,108,0,108,1
"16883","2021-2022","TEXAS","4844110",49,1337,1386,0,1386,1
"16884","2021-2022","TEXAS","4844150",867,8266,9133,0,9133,1
"16885","2021-2022","TEXAS","4844160",40,2434,2474,0,2474,1
"16886","2021-2022","TEXAS","4844250",3,50,53,0,53,1
"16887","2021-2022","TEXAS","4844280",279,12479,12758,0,12758,1
"16888","2021-2022","TEXAS","4844310",0,292,292,0,292,1
"16889","2021-2022","TEXAS","4844370",0,85,85,0,85,1
"16890","2021-2022","TEXAS","4844410",18,201,219,0,219,1
"16891","2021-2022","TEXAS","4844430",562,5137,5699,0,5699,1
"16892","2021-2022","TEXAS","4844470",59,389,448,0,448,1
"16893","2021-2022","TEXAS","4844490",11,39,50,0,50,1
"16894","2021-2022","TEXAS","4844520",8,148,156,0,156,1
"16895","2021-2022","TEXAS","4844580",71,675,746,0,746,1
"16896","2021-2022","TEXAS","4844670",22,539,561,0,561,1
"16897","2021-2022","TEXAS","4844710",38,123,161,0,161,1
"16898","2021-2022","TEXAS","4844730",432,4262,4694,0,4694,1
"16899","2021-2022","TEXAS","4844800",115,3696,3811,0,3811,1
"16900","2021-2022","TEXAS","4844810",15,200,215,0,215,1
"16901","2021-2022","TEXAS","4844820",17,365,382,0,382,1
"16902","2021-2022","TEXAS","4844890",10,297,307,0,307,1
"16903","2021-2022","TEXAS","4844910",28,123,151,0,151,1
"16904","2021-2022","TEXAS","4844940",5,172,177,0,177,1
"16905","2021-2022","TEXAS","4844960",236,12617,12853,0,12853,1
"16906","2021-2022","TEXAS","4845000",54,327,381,0,381,1
"16907","2021-2022","TEXAS","4845040",107,396,503,0,503,1
"16908","2021-2022","TEXAS","4845090",116,2200,2316,0,2316,1
"16909","2021-2022","TEXAS","4845120",0,1951,1951,0,1951,1
"16910","2021-2022","TEXAS","4845150",81,677,758,0,758,1
"16911","2021-2022","TEXAS","4845180",4,404,408,0,408,1
"16912","2021-2022","TEXAS","4845210",15,91,106,0,106,1
"16913","2021-2022","TEXAS","4845240",9,28,37,0,37,1
"16914","2021-2022","TEXAS","4845330",5,24,29,0,29,1
"16915","2021-2022","TEXAS","4845380",32,1623,1655,0,1655,1
"16916","2021-2022","TEXAS","4845420",75,199,274,0,274,1
"16917","2021-2022","TEXAS","4845450",33,132,165,0,165,1
"16918","2021-2022","TEXAS","4845480",80,552,632,0,632,1
"16919","2021-2022","TEXAS","4845540",491,3383,3874,0,3874,1
"16920","2021-2022","TEXAS","4845570",12,167,179,0,179,1
"16921","2021-2022","TEXAS","4845600",247,2487,2734,0,2734,1
"16922","2021-2022","TEXAS","4845630",116,809,925,0,925,1
"16923","2021-2022","TEXAS","4845670",54,297,351,0,351,1
"16924","2021-2022","TEXAS","4845690",44,85,129,0,129,1
"16925","2021-2022","TEXAS","4845720",88,856,944,0,944,1
"16926","2021-2022","TEXAS","4845780",859,7938,8797,0,8797,1
"16927","2021-2022","TEXAS","4845840",5,56,61,0,61,1
"16928","2021-2022","TEXAS","4845900",518,4267,4785,0,4785,1
"16929","2021-2022","TEXAS","4845950",180,1457,1637,0,1637,1
"16930","2021-2022","TEXAS","4845990",17,90,107,0,107,1
"16931","2021-2022","TEXAS","4846080",26,133,159,0,159,1
"16932","2021-2022","TEXAS","4846170",0,150,150,0,150,1
"16933","2021-2022","TEXAS","4846200",101,869,970,0,970,1
"16934","2021-2022","TEXAS","4846230",22,909,931,0,931,1
"16935","2021-2022","TEXAS","4846260",0,393,393,0,393,1
"16936","2021-2022","TEXAS","4846320",8,421,429,0,429,1
"16937","2021-2022","TEXAS","4846350",53,319,372,0,372,1
"16938","2021-2022","TEXAS","4846380",9,260,269,0,269,1
"16939","2021-2022","TEXAS","4846410",13,74,87,0,87,1
"16940","2021-2022","TEXAS","4846440",24,928,952,0,952,1
"16941","2021-2022","TEXAS","4846470",29,306,335,0,335,1
"16942","2021-2022","TEXAS","4846500",224,840,1064,0,1064,1
"16943","2021-2022","TEXAS","4846530",221,4891,5112,0,5112,1
"16944","2021-2022","TEXAS","4846590",8,226,234,0,234,1
"16945","2021-2022","TEXAS","4846620",30,1069,1099,0,1099,1
"16946","2021-2022","TEXAS","4846650",20,300,320,0,320,1
"16947","2021-2022","TEXAS","4846680",1119,28209,29328,0,29328,1
"16948","2021-2022","TEXAS","4846710",0,2896,2896,0,2896,1
"16949","2021-2022","TEXAS","4846740",14,192,206,0,206,1
"16950","2021-2022","TEXAS","4846770",17,103,120,0,120,1
"16951","2021-2022","TEXAS","4899130",4,204,208,0,208,1
"16952","2021-2022","U.S. VIRGIN ISLANDS","7800002",0,5061,5061,0,5061,1
"16953","2021-2022","U.S. VIRGIN ISLANDS","7800030",0,5110,5110,0,5110,1
"16954","2021-2022","UTAH","4900005",398,1269,1667,0,1667,1
"16955","2021-2022","UTAH","4900008",37,236,273,0,273,1
"16956","2021-2022","UTAH","4900009",8,43,51,0,51,1
"16957","2021-2022","UTAH","4900011",0,24,24,0,24,1
"16958","2021-2022","UTAH","4900012",0,66,66,0,66,1
"16959","2021-2022","UTAH","4900013",1,36,37,0,37,1
"16960","2021-2022","UTAH","4900014",0,48,48,0,48,1
"16961","2021-2022","UTAH","4900015",0,324,324,0,324,1
"16962","2021-2022","UTAH","4900016",0,50,50,0,50,1
"16963","2021-2022","UTAH","4900017",15,87,102,0,102,1
"16964","2021-2022","UTAH","4900018",0,47,47,0,47,1
"16965","2021-2022","UTAH","4900019",15,107,122,0,122,1
"16966","2021-2022","UTAH","4900020",26,83,109,0,109,1
"16967","2021-2022","UTAH","4900021",8,51,59,0,59,1
"16968","2021-2022","UTAH","4900022",10,122,132,0,132,1
"16969","2021-2022","UTAH","4900023",13,58,71,0,71,1
"16970","2021-2022","UTAH","4900024",6,55,61,0,61,1
"16971","2021-2022","UTAH","4900025",8,21,29,0,29,1
"16972","2021-2022","UTAH","4900030",3323,11776,15099,0,15099,1
"16973","2021-2022","UTAH","4900032",37,70,107,0,107,1
"16974","2021-2022","UTAH","4900033",142,407,549,0,549,1
"16975","2021-2022","UTAH","4900034",0,60,60,0,60,1
"16976","2021-2022","UTAH","4900035",4,23,27,0,27,1
"16977","2021-2022","UTAH","4900036",8,112,120,0,120,1
"16978","2021-2022","UTAH","4900037",26,49,75,0,75,1
"16979","2021-2022","UTAH","4900038",0,60,60,0,60,1
"16980","2021-2022","UTAH","4900039",4,32,36,0,36,1
"16981","2021-2022","UTAH","4900040",10,29,39,0,39,1
"16982","2021-2022","UTAH","4900041",131,349,480,0,480,1
"16983","2021-2022","UTAH","4900042",80,284,364,0,364,1
"16984","2021-2022","UTAH","4900043",14,65,79,0,79,1
"16985","2021-2022","UTAH","4900044",79,151,230,0,230,1
"16986","2021-2022","UTAH","4900045",0,69,69,0,69,1
"16987","2021-2022","UTAH","4900046",24,129,153,0,153,1
"16988","2021-2022","UTAH","4900048",13,167,180,0,180,1
"16989","2021-2022","UTAH","4900049",116,294,410,0,410,1
"16990","2021-2022","UTAH","4900050",3,24,27,0,27,1
"16991","2021-2022","UTAH","4900051",5,31,36,0,36,1
"16992","2021-2022","UTAH","4900052",0,56,56,0,56,1
"16993","2021-2022","UTAH","4900056",0,53,53,0,53,1
"16994","2021-2022","UTAH","4900058",100,477,577,0,577,1
"16995","2021-2022","UTAH","4900060",131,450,581,0,581,1
"16996","2021-2022","UTAH","4900061",57,114,171,0,171,1
"16997","2021-2022","UTAH","4900062",145,583,728,0,728,1
"16998","2021-2022","UTAH","4900063",21,66,87,0,87,1
"16999","2021-2022","UTAH","4900064",22,36,58,0,58,1
"17000","2021-2022","UTAH","4900065",81,286,367,0,367,1
"17001","2021-2022","UTAH","4900066",30,189,219,0,219,1
"17002","2021-2022","UTAH","4900067",9,54,63,0,63,1
"17003","2021-2022","UTAH","4900068",24,143,167,0,167,1
"17004","2021-2022","UTAH","4900069",2,68,70,0,70,1
"17005","2021-2022","UTAH","4900070",32,40,72,0,72,1
"17006","2021-2022","UTAH","4900071",8,33,41,0,41,1
"17007","2021-2022","UTAH","4900072",13,275,288,0,288,1
"17008","2021-2022","UTAH","4900073",1,93,94,0,94,1
"17009","2021-2022","UTAH","4900074",31,108,139,0,139,1
"17010","2021-2022","UTAH","4900090",809,2833,3642,0,3642,1
"17011","2021-2022","UTAH","4900118",6,73,79,0,79,1
"17012","2021-2022","UTAH","4900120",2097,4001,6098,0,6098,1
"17013","2021-2022","UTAH","4900122",65,262,327,0,327,1
"17014","2021-2022","UTAH","4900123",41,116,157,0,157,1
"17015","2021-2022","UTAH","4900124",87,262,349,0,349,1
"17016","2021-2022","UTAH","4900125",3,33,36,0,36,1
"17017","2021-2022","UTAH","4900130",0,1087,1087,0,1087,1
"17018","2021-2022","UTAH","4900131",15,90,105,0,105,1
"17019","2021-2022","UTAH","4900132",27,113,140,0,140,1
"17020","2021-2022","UTAH","4900133",29,103,132,0,132,1
"17021","2021-2022","UTAH","4900136",51,157,208,0,208,1
"17022","2021-2022","UTAH","4900137",34,213,247,0,247,1
"17023","2021-2022","UTAH","4900138",0,115,115,0,115,1
"17024","2021-2022","UTAH","4900139",14,61,75,0,75,1
"17025","2021-2022","UTAH","4900140",21,86,107,0,107,1
"17026","2021-2022","UTAH","4900141",67,289,356,0,356,1
"17027","2021-2022","UTAH","4900142",1546,8431,9977,0,9977,1
"17028","2021-2022","UTAH","4900143",15,69,84,0,84,1
"17029","2021-2022","UTAH","4900144",0,97,97,0,97,1
"17030","2021-2022","UTAH","4900145",0,8,8,0,8,1
"17031","2021-2022","UTAH","4900146",0,38,38,0,38,1
"17032","2021-2022","UTAH","4900147",32,74,106,0,106,1
"17033","2021-2022","UTAH","4900148",8,47,55,0,55,1
"17034","2021-2022","UTAH","4900150",217,1107,1324,0,1324,1
"17035","2021-2022","UTAH","4900151",123,225,348,0,348,1
"17036","2021-2022","UTAH","4900155",22,147,169,0,169,1
"17037","2021-2022","UTAH","4900156",0,25,25,0,25,1
"17038","2021-2022","UTAH","4900157",44,104,148,0,148,1
"17039","2021-2022","UTAH","4900158",13,140,153,0,153,1
"17040","2021-2022","UTAH","4900159",36,148,184,0,184,1
"17041","2021-2022","UTAH","4900160",36,69,105,0,105,1
"17042","2021-2022","UTAH","4900161",11,519,530,0,530,1
"17043","2021-2022","UTAH","4900162",52,281,333,0,333,1
"17044","2021-2022","UTAH","4900165",0,289,289,0,289,1
"17045","2021-2022","UTAH","4900166",0,170,170,0,170,1
"17046","2021-2022","UTAH","4900167",0,11,11,0,11,1
"17047","2021-2022","UTAH","4900168",0,0,0,0,0,NA
"17048","2021-2022","UTAH","4900169",20,55,75,0,75,1
"17049","2021-2022","UTAH","4900170",51,135,186,0,186,1
"17050","2021-2022","UTAH","4900171",3,23,26,0,26,1
"17051","2021-2022","UTAH","4900174",133,423,556,0,556,1
"17052","2021-2022","UTAH","4900175",11,46,57,0,57,1
"17053","2021-2022","UTAH","4900176",29,194,223,0,223,1
"17054","2021-2022","UTAH","4900177",34,120,154,0,154,1
"17055","2021-2022","UTAH","4900178",0,120,120,0,120,1
"17056","2021-2022","UTAH","4900179",18,109,127,0,127,1
"17057","2021-2022","UTAH","4900180",14,23,37,0,37,1
"17058","2021-2022","UTAH","4900181",0,62,62,0,62,1
"17059","2021-2022","UTAH","4900182",0,26,26,0,26,1
"17060","2021-2022","UTAH","4900183",22,311,333,0,333,1
"17061","2021-2022","UTAH","4900184",180,589,769,0,769,1
"17062","2021-2022","UTAH","4900185",13,85,98,0,98,1
"17063","2021-2022","UTAH","4900186",4,31,35,0,35,1
"17064","2021-2022","UTAH","4900187",26,122,148,0,148,1
"17065","2021-2022","UTAH","4900188",1,14,15,0,15,1
"17066","2021-2022","UTAH","4900189",16,63,79,0,79,1
"17067","2021-2022","UTAH","4900192",16,129,145,0,145,1
"17068","2021-2022","UTAH","4900193",13,100,113,0,113,1
"17069","2021-2022","UTAH","4900194",0,3,3,0,3,1
"17070","2021-2022","UTAH","4900195",33,57,90,0,90,1
"17071","2021-2022","UTAH","4900196",38,34,72,0,72,1
"17072","2021-2022","UTAH","4900197",0,37,37,0,37,1
"17073","2021-2022","UTAH","4900198",11,65,76,0,76,1
"17074","2021-2022","UTAH","4900202",39,88,127,0,127,1
"17075","2021-2022","UTAH","4900203",0,30,30,0,30,1
"17076","2021-2022","UTAH","4900210",2294,9865,12159,0,12159,1
"17077","2021-2022","UTAH","4900240",409,1731,2140,0,2140,1
"17078","2021-2022","UTAH","4900270",286,833,1119,0,1119,1
"17079","2021-2022","UTAH","4900300",81,243,324,0,324,1
"17080","2021-2022","UTAH","4900330",85,442,527,0,527,1
"17081","2021-2022","UTAH","4900360",5454,23874,29328,0,29328,1
"17082","2021-2022","UTAH","4900390",791,2799,3590,0,3590,1
"17083","2021-2022","UTAH","4900420",2000,7003,9003,0,9003,1
"17084","2021-2022","UTAH","4900450",274,482,756,0,756,1
"17085","2021-2022","UTAH","4900480",82,275,357,0,357,1
"17086","2021-2022","UTAH","4900510",365,1962,2327,0,2327,1
"17087","2021-2022","UTAH","4900540",250,951,1201,0,1201,1
"17088","2021-2022","UTAH","4900570",83,257,340,0,340,1
"17089","2021-2022","UTAH","4900600",274,1438,1712,0,1712,1
"17090","2021-2022","UTAH","4900630",0,6459,6459,0,6459,1
"17091","2021-2022","UTAH","4900660",274,1075,1349,0,1349,1
"17092","2021-2022","UTAH","4900690",44,130,174,0,174,1
"17093","2021-2022","UTAH","4900720",965,5484,6449,0,6449,1
"17094","2021-2022","UTAH","4900750",92,743,835,0,835,1
"17095","2021-2022","UTAH","4900780",51,123,174,0,174,1
"17096","2021-2022","UTAH","4900810",742,3497,4239,0,4239,1
"17097","2021-2022","UTAH","4900840",41,121,162,0,162,1
"17098","2021-2022","UTAH","4900870",1129,8889,10018,0,10018,1
"17099","2021-2022","UTAH","4900900",0,3006,3006,0,3006,1
"17100","2021-2022","UTAH","4900930",0,2070,2070,0,2070,1
"17101","2021-2022","UTAH","4900960",392,977,1369,0,1369,1
"17102","2021-2022","UTAH","4900990",54,193,247,0,247,1
"17103","2021-2022","UTAH","4901020",0,60,60,0,60,1
"17104","2021-2022","UTAH","4901050",565,4033,4598,0,4598,1
"17105","2021-2022","UTAH","4901080",306,2158,2464,0,2464,1
"17106","2021-2022","UTAH","4901110",255,1237,1492,0,1492,1
"17107","2021-2022","UTAH","4901140",1906,8714,10620,0,10620,1
"17108","2021-2022","UTAH","4901170",79,129,208,0,208,1
"17109","2021-2022","UTAH","4901200",1772,6968,8740,0,8740,1
"17110","2021-2022","VERMONT","5000021",0,0,0,0,0,NA
"17111","2021-2022","VERMONT","5000022",0,0,0,0,0,NA
"17112","2021-2022","VERMONT","5000024",49,151,200,0,200,1
"17113","2021-2022","VERMONT","5000371",0,0,0,0,0,NA
"17114","2021-2022","VERMONT","5000390",5,30,35,0,35,1
"17115","2021-2022","VERMONT","5000392",121,449,570,0,570,1
"17116","2021-2022","VERMONT","5000393",59,215,274,0,274,1
"17117","2021-2022","VERMONT","5000395",236,620,856,0,856,1
"17118","2021-2022","VERMONT","5000396",131,462,593,0,593,1
"17119","2021-2022","VERMONT","5000397",70,239,309,0,309,1
"17120","2021-2022","VERMONT","5000398",70,170,240,0,240,1
"17121","2021-2022","VERMONT","5000399",203,752,955,0,955,1
"17122","2021-2022","VERMONT","5000400",78,253,331,0,331,1
"17123","2021-2022","VERMONT","5000401",55,228,283,0,283,1
"17124","2021-2022","VERMONT","5000402",105,405,510,0,510,1
"17125","2021-2022","VERMONT","5000403",29,254,283,0,283,1
"17126","2021-2022","VERMONT","5000408",0,387,387,0,387,1
"17127","2021-2022","VERMONT","5000409",0,30,30,0,30,1
"17128","2021-2022","VERMONT","5000410",36,228,264,0,264,1
"17129","2021-2022","VERMONT","5000411",54,333,387,0,387,1
"17130","2021-2022","VERMONT","5000412",24,77,101,0,101,1
"17131","2021-2022","VERMONT","5000417",78,292,370,0,370,1
"17132","2021-2022","VERMONT","5000418",33,104,137,0,137,1
"17133","2021-2022","VERMONT","5000419",16,46,62,0,62,1
"17134","2021-2022","VERMONT","5000421",3,437,440,0,440,1
"17135","2021-2022","VERMONT","5000422",19,61,80,0,80,1
"17136","2021-2022","VERMONT","5000423",13,45,58,0,58,1
"17137","2021-2022","VERMONT","5000425",94,366,460,0,460,1
"17138","2021-2022","VERMONT","5000426",58,227,285,0,285,1
"17139","2021-2022","VERMONT","5000427",51,257,308,0,308,1
"17140","2021-2022","VERMONT","5000429",13,84,97,0,97,1
"17141","2021-2022","VERMONT","5000430",0,78,78,0,78,1
"17142","2021-2022","VERMONT","5000431",211,744,955,0,955,1
"17143","2021-2022","VERMONT","5000432",31,102,133,0,133,1
"17144","2021-2022","VERMONT","5000433",198,542,740,0,740,1
"17145","2021-2022","VERMONT","5000434",84,828,912,0,912,1
"17146","2021-2022","VERMONT","5000435",0,58,58,0,58,1
"17147","2021-2022","VERMONT","5000436",127,320,447,0,447,1
"17148","2021-2022","VERMONT","5000437",71,247,318,0,318,1
"17149","2021-2022","VERMONT","5000438",49,138,187,0,187,1
"17150","2021-2022","VERMONT","5000439",124,300,424,0,424,1
"17151","2021-2022","VERMONT","5000440",71,311,382,0,382,1
"17152","2021-2022","VERMONT","5000441",101,242,343,0,343,1
"17153","2021-2022","VERMONT","5000442",45,181,226,0,226,1
"17154","2021-2022","VERMONT","5000443",80,173,253,0,253,1
"17155","2021-2022","VERMONT","5000444",103,515,618,0,618,1
"17156","2021-2022","VERMONT","5000445",52,755,807,0,807,1
"17157","2021-2022","VERMONT","5000446",18,97,115,0,115,1
"17158","2021-2022","VERMONT","5000447",9,38,47,0,47,1
"17159","2021-2022","VERMONT","5000448",69,310,379,0,379,1
"17160","2021-2022","VERMONT","5000449",27,69,96,0,96,1
"17161","2021-2022","VERMONT","5000450",50,140,190,0,190,1
"17162","2021-2022","VERMONT","5001770",21,94,115,0,115,1
"17163","2021-2022","VERMONT","5001830",29,147,176,0,176,1
"17164","2021-2022","VERMONT","5002610",10,50,60,0,60,1
"17165","2021-2022","VERMONT","5002820",332,1340,1672,0,1672,1
"17166","2021-2022","VERMONT","5002850",11,40,51,0,51,1
"17167","2021-2022","VERMONT","5002910",18,55,73,0,73,1
"17168","2021-2022","VERMONT","5002940",13,45,58,0,58,1
"17169","2021-2022","VERMONT","5003060",14,68,82,0,82,1
"17170","2021-2022","VERMONT","5003240",143,566,709,0,709,1
"17171","2021-2022","VERMONT","5003360",16,53,69,0,69,1
"17172","2021-2022","VERMONT","5003390",28,48,76,0,76,1
"17173","2021-2022","VERMONT","5003450",23,56,79,0,79,1
"17174","2021-2022","VERMONT","5003480",45,166,211,0,211,1
"17175","2021-2022","VERMONT","5003930",27,170,197,0,197,1
"17176","2021-2022","VERMONT","5004080",10,13,23,0,23,1
"17177","2021-2022","VERMONT","5004140",37,66,103,0,103,1
"17178","2021-2022","VERMONT","5004500",4,19,23,0,23,1
"17179","2021-2022","VERMONT","5004590",56,335,391,0,391,1
"17180","2021-2022","VERMONT","5004620",26,73,99,0,99,1
"17181","2021-2022","VERMONT","5004960",11,24,35,0,35,1
"17182","2021-2022","VERMONT","5005050",40,131,171,0,171,1
"17183","2021-2022","VERMONT","5005220",15,46,61,0,61,1
"17184","2021-2022","VERMONT","5005400",13,30,43,0,43,1
"17185","2021-2022","VERMONT","5005610",115,445,560,0,560,1
"17186","2021-2022","VERMONT","5005810",102,792,894,0,894,1
"17187","2021-2022","VERMONT","5006000",18,212,230,0,230,1
"17188","2021-2022","VERMONT","5006030",12,56,68,0,68,1
"17189","2021-2022","VERMONT","5006180",0,16,16,0,16,1
"17190","2021-2022","VERMONT","5006390",5,8,13,0,13,1
"17191","2021-2022","VERMONT","5006780",2,7,9,0,9,1
"17192","2021-2022","VERMONT","5006930",43,222,265,0,265,1
"17193","2021-2022","VERMONT","5007050",38,883,921,0,921,1
"17194","2021-2022","VERMONT","5007080",0,35,35,0,35,1
"17195","2021-2022","VERMONT","5007260",18,46,64,0,64,1
"17196","2021-2022","VERMONT","5007470",114,473,587,0,587,1
"17197","2021-2022","VERMONT","5007500",2,22,24,0,24,1
"17198","2021-2022","VERMONT","5007530",1,355,356,0,356,1
"17199","2021-2022","VERMONT","5007650",66,315,381,0,381,1
"17200","2021-2022","VERMONT","5007680",5,12,17,0,17,1
"17201","2021-2022","VERMONT","5007830",6,29,35,0,35,1
"17202","2021-2022","VERMONT","5008010",6,19,25,0,25,1
"17203","2021-2022","VERMONT","5008130",8,157,165,0,165,1
"17204","2021-2022","VERMONT","5008224",41,162,203,0,203,1
"17205","2021-2022","VERMONT","5008225",26,78,104,0,104,1
"17206","2021-2022","VERMONT","5008242",27,79,106,0,106,1
"17207","2021-2022","VERMONT","5008243",49,120,169,0,169,1
"17208","2021-2022","VERMONT","5008246",7,50,57,0,57,1
"17209","2021-2022","VERMONT","5008310",11,43,54,0,54,1
"17210","2021-2022","VERMONT","5008700",27,48,75,0,75,1
"17211","2021-2022","VERMONT","5009270",2,4,6,0,6,1
"17212","2021-2022","VERMONT","5009360",0,443,443,0,443,1
"17213","2021-2022","VERMONT","5009390",7,36,43,0,43,1
"17214","2021-2022","VERMONT","5009570",20,132,152,0,152,1
"17215","2021-2022","VERMONT","5009600",73,310,383,0,383,1
"17216","2021-2022","VIRGINIA","5100038",0,0,0,0,0,NA
"17217","2021-2022","VIRGINIA","5100040",0,0,0,0,0,NA
"17218","2021-2022","VIRGINIA","5100041",0,0,0,0,0,NA
"17219","2021-2022","VIRGINIA","5100045",0,0,0,0,0,NA
"17220","2021-2022","VIRGINIA","5100046",0,0,0,0,0,NA
"17221","2021-2022","VIRGINIA","5100047",0,0,0,0,0,NA
"17222","2021-2022","VIRGINIA","5100048",0,0,0,0,0,NA
"17223","2021-2022","VIRGINIA","5100050",0,0,0,0,0,NA
"17224","2021-2022","VIRGINIA","5100051",0,0,0,0,0,NA
"17225","2021-2022","VIRGINIA","5100052",0,0,0,0,0,NA
"17226","2021-2022","VIRGINIA","5100054",0,0,0,0,0,NA
"17227","2021-2022","VIRGINIA","5100055",0,0,0,0,0,NA
"17228","2021-2022","VIRGINIA","5100056",0,0,0,0,0,NA
"17229","2021-2022","VIRGINIA","5100058",0,0,0,0,0,NA
"17230","2021-2022","VIRGINIA","5100060",0,4622,4622,0,4622,1
"17231","2021-2022","VIRGINIA","5100070",0,0,0,0,0,NA
"17232","2021-2022","VIRGINIA","5100071",0,0,0,0,0,NA
"17233","2021-2022","VIRGINIA","5100090",645,3642,4287,0,4287,1
"17234","2021-2022","VIRGINIA","5100120",1363,7697,9060,0,9060,1
"17235","2021-2022","VIRGINIA","5100152",77,1011,1088,0,1088,1
"17236","2021-2022","VIRGINIA","5100180",112,802,914,0,914,1
"17237","2021-2022","VIRGINIA","5100210",230,2010,2240,0,2240,1
"17238","2021-2022","VIRGINIA","5100240",109,993,1102,0,1102,1
"17239","2021-2022","VIRGINIA","5100270",1682,6280,7962,0,7962,1
"17240","2021-2022","VIRGINIA","5100300",755,3291,4046,0,4046,1
"17241","2021-2022","VIRGINIA","5100330",65,226,291,0,291,1
"17242","2021-2022","VIRGINIA","5100360",601,3212,3813,0,3813,1
"17243","2021-2022","VIRGINIA","5100390",61,290,351,0,351,1
"17244","2021-2022","VIRGINIA","5100420",183,1097,1280,0,1280,1
"17245","2021-2022","VIRGINIA","5100450",0,1955,1955,0,1955,1
"17246","2021-2022","VIRGINIA","5100480",0,1404,1404,0,1404,1
"17247","2021-2022","VIRGINIA","5100510",0,2235,2235,0,2235,1
"17248","2021-2022","VIRGINIA","5100540",52,1467,1519,0,1519,1
"17249","2021-2022","VIRGINIA","5100560",16,583,599,0,599,1
"17250","2021-2022","VIRGINIA","5100600",579,3170,3749,0,3749,1
"17251","2021-2022","VIRGINIA","5100660",375,1853,2228,0,2228,1
"17252","2021-2022","VIRGINIA","5100690",318,1848,2166,0,2166,1
"17253","2021-2022","VIRGINIA","5100720",46,304,350,0,350,1
"17254","2021-2022","VIRGINIA","5100750",145,877,1022,0,1022,1
"17255","2021-2022","VIRGINIA","5100780",122,2523,2645,0,2645,1
"17256","2021-2022","VIRGINIA","5100810",2099,13819,15918,0,15918,1
"17257","2021-2022","VIRGINIA","5100840",2788,20693,23481,0,23481,1
"17258","2021-2022","VIRGINIA","5100870",68,341,409,0,409,1
"17259","2021-2022","VIRGINIA","5100930",0,511,511,0,511,1
"17260","2021-2022","VIRGINIA","5100960",216,1454,1670,0,1670,1
"17261","2021-2022","VIRGINIA","5100990",0,668,668,0,668,1
"17262","2021-2022","VIRGINIA","5101020",55,269,324,0,324,1
"17263","2021-2022","VIRGINIA","5101050",592,3429,4021,0,4021,1
"17264","2021-2022","VIRGINIA","5101080",45,1018,1063,0,1063,1
"17265","2021-2022","VIRGINIA","5101110",0,5034,5034,0,5034,1
"17266","2021-2022","VIRGINIA","5101140",0,1633,1633,0,1633,1
"17267","2021-2022","VIRGINIA","5101170",270,1995,2265,0,2265,1
"17268","2021-2022","VIRGINIA","5101200",31,1037,1068,0,1068,1
"17269","2021-2022","VIRGINIA","5101260",9814,47818,57632,0,57632,1
"17270","2021-2022","VIRGINIA","5101290",21,61,82,0,82,1
"17271","2021-2022","VIRGINIA","5101320",478,2530,3008,0,3008,1
"17272","2021-2022","VIRGINIA","5101350",161,746,907,0,907,1
"17273","2021-2022","VIRGINIA","5101380",231,1077,1308,0,1308,1
"17274","2021-2022","VIRGINIA","5101410",0,982,982,0,982,1
"17275","2021-2022","VIRGINIA","5101440",291,3148,3439,0,3439,1
"17276","2021-2022","VIRGINIA","5101470",887,3972,4859,0,4859,1
"17277","2021-2022","VIRGINIA","5101510",36,2529,2565,0,2565,1
"17278","2021-2022","VIRGINIA","5101560",90,765,855,0,855,1
"17279","2021-2022","VIRGINIA","5101590",176,983,1159,0,1159,1
"17280","2021-2022","VIRGINIA","5101620",399,1688,2087,0,2087,1
"17281","2021-2022","VIRGINIA","5101650",94,597,691,0,691,1
"17282","2021-2022","VIRGINIA","5101690",108,945,1053,0,1053,1
"17283","2021-2022","VIRGINIA","5101710",143,1086,1229,0,1229,1
"17284","2021-2022","VIRGINIA","5101740",0,2025,2025,0,2025,1
"17285","2021-2022","VIRGINIA","5101770",0,4128,4128,0,4128,1
"17286","2021-2022","VIRGINIA","5101800",677,10788,11465,0,11465,1
"17287","2021-2022","VIRGINIA","5101830",587,3410,3997,0,3997,1
"17288","2021-2022","VIRGINIA","5101860",444,4353,4797,0,4797,1
"17289","2021-2022","VIRGINIA","5101890",1844,20874,22718,0,22718,1
"17290","2021-2022","VIRGINIA","5101920",0,6522,6522,0,6522,1
"17291","2021-2022","VIRGINIA","5101950",28,100,128,0,128,1
"17292","2021-2022","VIRGINIA","5101980",0,4037,4037,0,4037,1
"17293","2021-2022","VIRGINIA","5102010",212,1751,1963,0,1963,1
"17294","2021-2022","VIRGINIA","5102070",44,359,403,0,403,1
"17295","2021-2022","VIRGINIA","5102100",193,1171,1364,0,1364,1
"17296","2021-2022","VIRGINIA","5102120",78,571,649,0,649,1
"17297","2021-2022","VIRGINIA","5102160",51,662,713,0,713,1
"17298","2021-2022","VIRGINIA","5102190",0,2773,2773,0,2773,1
"17299","2021-2022","VIRGINIA","5102220",15,101,116,0,116,1
"17300","2021-2022","VIRGINIA","5102250",3162,12628,15790,0,15790,1
"17301","2021-2022","VIRGINIA","5102280",362,1880,2242,0,2242,1
"17302","2021-2022","VIRGINIA","5102310",33,1232,1265,0,1265,1
"17303","2021-2022","VIRGINIA","5102340",169,6146,6315,0,6315,1
"17304","2021-2022","VIRGINIA","5102360",678,4057,4735,0,4735,1
"17305","2021-2022","VIRGINIA","5102370",166,576,742,0,742,1
"17306","2021-2022","VIRGINIA","5102390",342,2070,2412,0,2412,1
"17307","2021-2022","VIRGINIA","5102400",0,1802,1802,0,1802,1
"17308","2021-2022","VIRGINIA","5102430",78,376,454,0,454,1
"17309","2021-2022","VIRGINIA","5102460",190,2798,2988,0,2988,1
"17310","2021-2022","VIRGINIA","5102490",73,510,583,0,583,1
"17311","2021-2022","VIRGINIA","5102520",535,3157,3692,0,3692,1
"17312","2021-2022","VIRGINIA","5102580",118,767,885,0,885,1
"17313","2021-2022","VIRGINIA","5102610",133,682,815,0,815,1
"17314","2021-2022","VIRGINIA","5102640",0,21201,21201,0,21201,1
"17315","2021-2022","VIRGINIA","5102670",1187,18977,20164,0,20164,1
"17316","2021-2022","VIRGINIA","5102710",130,1059,1189,0,1189,1
"17317","2021-2022","VIRGINIA","5102730",0,1008,1008,0,1008,1
"17318","2021-2022","VIRGINIA","5102760",0,756,756,0,756,1
"17319","2021-2022","VIRGINIA","5102790",0,1774,1774,0,1774,1
"17320","2021-2022","VIRGINIA","5102820",294,1983,2277,0,2277,1
"17321","2021-2022","VIRGINIA","5102850",310,1542,1852,0,1852,1
"17322","2021-2022","VIRGINIA","5102880",0,1572,1572,0,1572,1
"17323","2021-2022","VIRGINIA","5102910",0,3955,3955,0,3955,1
"17324","2021-2022","VIRGINIA","5102940",486,4856,5342,0,5342,1
"17325","2021-2022","VIRGINIA","5102980",44,299,343,0,343,1
"17326","2021-2022","VIRGINIA","5103000",386,10075,10461,0,10461,1
"17327","2021-2022","VIRGINIA","5103030",146,736,882,0,882,1
"17328","2021-2022","VIRGINIA","5103060",38,1659,1697,0,1697,1
"17329","2021-2022","VIRGINIA","5103090",704,1776,2480,0,2480,1
"17330","2021-2022","VIRGINIA","5103130",7368,31336,38704,0,38704,1
"17331","2021-2022","VIRGINIA","5103150",88,2021,2109,0,2109,1
"17332","2021-2022","VIRGINIA","5103180",75,673,748,0,748,1
"17333","2021-2022","VIRGINIA","5103210",48,250,298,0,298,1
"17334","2021-2022","VIRGINIA","5103240",0,18751,18751,0,18751,1
"17335","2021-2022","VIRGINIA","5103270",0,970,970,0,970,1
"17336","2021-2022","VIRGINIA","5103300",25,12533,12558,0,12558,1
"17337","2021-2022","VIRGINIA","5103330",742,3408,4150,0,4150,1
"17338","2021-2022","VIRGINIA","5103370",226,1053,1279,0,1279,1
"17339","2021-2022","VIRGINIA","5103390",831,3940,4771,0,4771,1
"17340","2021-2022","VIRGINIA","5103420",242,2085,2327,0,2327,1
"17341","2021-2022","VIRGINIA","5103460",260,1243,1503,0,1503,1
"17342","2021-2022","VIRGINIA","5103480",209,2102,2311,0,2311,1
"17343","2021-2022","VIRGINIA","5103510",366,2497,2863,0,2863,1
"17344","2021-2022","VIRGINIA","5103520",0,3272,3272,0,3272,1
"17345","2021-2022","VIRGINIA","5103600",99,1128,1227,0,1227,1
"17346","2021-2022","VIRGINIA","5103640",1348,7950,9298,0,9298,1
"17347","2021-2022","VIRGINIA","5103660",1500,8197,9697,0,9697,1
"17348","2021-2022","VIRGINIA","5103690",50,1543,1593,0,1593,1
"17349","2021-2022","VIRGINIA","5103710",614,6475,7089,0,7089,1
"17350","2021-2022","VIRGINIA","5103750",49,396,445,0,445,1
"17351","2021-2022","VIRGINIA","5103780",0,934,934,0,934,1
"17352","2021-2022","VIRGINIA","5103810",219,3372,3591,0,3591,1
"17353","2021-2022","VIRGINIA","5103840",5632,21050,26682,0,26682,1
"17354","2021-2022","VIRGINIA","5103870",302,2198,2500,0,2500,1
"17355","2021-2022","VIRGINIA","5103900",307,3578,3885,0,3885,1
"17356","2021-2022","VIRGINIA","5103930",177,1681,1858,0,1858,1
"17357","2021-2022","VIRGINIA","5103950",41,143,184,0,184,1
"17358","2021-2022","VIRGINIA","5103980",75,1065,1140,0,1140,1
"17359","2021-2022","VIRGINIA","5104020",614,3293,3907,0,3907,1
"17360","2021-2022","VIRGINIA","5104050",195,2761,2956,0,2956,1
"17361","2021-2022","VIRGINIA","5104080",80,4296,4376,0,4376,1
"17362","2021-2022","VIRGINIA","5104110",283,1722,2005,0,2005,1
"17363","2021-2022","VIRGINIA","5104150",990,2052,3042,0,3042,1
"17364","2021-2022","WASHINGTON","5300001",278,1005,1283,529,1812,0.708057395143488
"17365","2021-2022","WASHINGTON","5300002",14,167,181,100,281,0.644128113879004
"17366","2021-2022","WASHINGTON","5300003",574,2381,2955,1571,4526,0.652894387980557
"17367","2021-2022","WASHINGTON","5300005",0,0,0,6,6,0
"17368","2021-2022","WASHINGTON","5300006",0,0,0,0,0,NA
"17369","2021-2022","WASHINGTON","5300007",0,0,0,0,0,NA
"17370","2021-2022","WASHINGTON","5300008",0,0,0,0,0,NA
"17371","2021-2022","WASHINGTON","5300010",0,33,33,12,45,0.733333333333333
"17372","2021-2022","WASHINGTON","5300011",0,0,0,3,3,0
"17373","2021-2022","WASHINGTON","5300012",0,0,0,3,3,0
"17374","2021-2022","WASHINGTON","5300013",0,0,0,3,3,0
"17375","2021-2022","WASHINGTON","5300014",0,0,0,3,3,0
"17376","2021-2022","WASHINGTON","5300015",23,44,67,7,74,0.905405405405405
"17377","2021-2022","WASHINGTON","5300016",0,0,0,0,0,NA
"17378","2021-2022","WASHINGTON","5300017",0,0,0,0,0,NA
"17379","2021-2022","WASHINGTON","5300030",142,2248,2390,1256,3646,0.655512890839276
"17380","2021-2022","WASHINGTON","5300060",51,106,157,52,209,0.751196172248804
"17381","2021-2022","WASHINGTON","5300090",9,33,42,26,68,0.617647058823529
"17382","2021-2022","WASHINGTON","5300150",146,586,732,406,1138,0.64323374340949
"17383","2021-2022","WASHINGTON","5300240",372,1425,1797,879,2676,0.67152466367713
"17384","2021-2022","WASHINGTON","5300280",45,115,160,53,213,0.751173708920188
"17385","2021-2022","WASHINGTON","5300300",0,0,0,78,78,0
"17386","2021-2022","WASHINGTON","5300313",0,0,0,6,6,0
"17387","2021-2022","WASHINGTON","5300318",2,27,29,5,34,0.852941176470588
"17388","2021-2022","WASHINGTON","5300324",0,108,108,3,111,0.972972972972973
"17389","2021-2022","WASHINGTON","5300325",0,0,0,3,3,0
"17390","2021-2022","WASHINGTON","5300328",8,45,53,26,79,0.670886075949367
"17391","2021-2022","WASHINGTON","5300330",64,186,250,106,356,0.702247191011236
"17392","2021-2022","WASHINGTON","5300333",22,84,106,49,155,0.683870967741935
"17393","2021-2022","WASHINGTON","5300334",9,81,90,57,147,0.612244897959184
"17394","2021-2022","WASHINGTON","5300335",48,207,255,94,349,0.730659025787966
"17395","2021-2022","WASHINGTON","5300337",87,246,333,156,489,0.680981595092024
"17396","2021-2022","WASHINGTON","5300339",96,276,372,189,561,0.663101604278075
"17397","2021-2022","WASHINGTON","5300340",0,0,0,0,0,NA
"17398","2021-2022","WASHINGTON","5300342",4,116,120,67,187,0.641711229946524
"17399","2021-2022","WASHINGTON","5300343",16,156,172,99,271,0.634686346863469
"17400","2021-2022","WASHINGTON","5300344",0,0,0,0,0,NA
"17401","2021-2022","WASHINGTON","5300345",78,283,361,144,505,0.714851485148515
"17402","2021-2022","WASHINGTON","5300347",61,90,151,18,169,0.893491124260355
"17403","2021-2022","WASHINGTON","5300348",33,140,173,44,217,0.797235023041475
"17404","2021-2022","WASHINGTON","5300349",10,57,67,32,99,0.676767676767677
"17405","2021-2022","WASHINGTON","5300350",1,33,34,23,57,0.596491228070175
"17406","2021-2022","WASHINGTON","5300351",4,12,16,7,23,0.695652173913043
"17407","2021-2022","WASHINGTON","5300352",16,32,48,9,57,0.842105263157895
"17408","2021-2022","WASHINGTON","5300354",41,105,146,43,189,0.772486772486772
"17409","2021-2022","WASHINGTON","5300355",0,3,3,3,6,0.5
"17410","2021-2022","WASHINGTON","5300380",1204,2820,4024,1670,5694,0.706708816297857
"17411","2021-2022","WASHINGTON","5300390",611,2778,3389,1321,4710,0.719532908704883
"17412","2021-2022","WASHINGTON","5300420",550,2971,3521,2064,5585,0.630438675022381
"17413","2021-2022","WASHINGTON","5300450",0,3,3,3,6,0.5
"17414","2021-2022","WASHINGTON","5300480",1875,7590,9465,4700,14165,0.668196258383339
"17415","2021-2022","WASHINGTON","5300510",54,0,54,3,57,0.947368421052632
"17416","2021-2022","WASHINGTON","5300570",196,792,988,517,1505,0.656478405315615
"17417","2021-2022","WASHINGTON","5300630",13,33,46,28,74,0.621621621621622
"17418","2021-2022","WASHINGTON","5300660",265,2574,2839,1565,4404,0.64464123524069
"17419","2021-2022","WASHINGTON","5300690",0,894,894,207,1101,0.811989100817439
"17420","2021-2022","WASHINGTON","5300720",0,728,728,234,962,0.756756756756757
"17421","2021-2022","WASHINGTON","5300750",10,45,55,22,77,0.714285714285714
"17422","2021-2022","WASHINGTON","5300780",351,1450,1801,835,2636,0.683232169954476
"17423","2021-2022","WASHINGTON","5300810",230,854,1084,529,1613,0.672039677619343
"17424","2021-2022","WASHINGTON","5300840",27,270,297,180,477,0.622641509433962
"17425","2021-2022","WASHINGTON","5300870",4,39,43,34,77,0.558441558441558
"17426","2021-2022","WASHINGTON","5300950",84,389,473,151,624,0.75801282051282
"17427","2021-2022","WASHINGTON","5300960",162,528,690,249,939,0.73482428115016
"17428","2021-2022","WASHINGTON","5300990",120,574,694,376,1070,0.648598130841122
"17429","2021-2022","WASHINGTON","5301050",11,16,27,7,34,0.794117647058823
"17430","2021-2022","WASHINGTON","5301080",1307,2775,4082,1562,5644,0.723245924875974
"17431","2021-2022","WASHINGTON","5301110",1178,4066,5244,2136,7380,0.710569105691057
"17432","2021-2022","WASHINGTON","5301140",280,2371,2651,1317,3968,0.668094758064516
"17433","2021-2022","WASHINGTON","5301170",237,1131,1368,730,2098,0.652049571020019
"17434","2021-2022","WASHINGTON","5301200",146,559,705,189,894,0.788590604026846
"17435","2021-2022","WASHINGTON","5301230",584,1841,2425,1188,3613,0.671187378909494
"17436","2021-2022","WASHINGTON","5301260",67,369,436,256,692,0.630057803468208
"17437","2021-2022","WASHINGTON","5301290",65,297,362,196,558,0.648745519713262
"17438","2021-2022","WASHINGTON","5301320",259,1110,1369,725,2094,0.653772683858644
"17439","2021-2022","WASHINGTON","5301350",86,238,324,128,452,0.716814159292035
"17440","2021-2022","WASHINGTON","5301380",0,47,47,3,50,0.94
"17441","2021-2022","WASHINGTON","5301410",1457,6538,7995,3593,11588,0.689937866758716
"17442","2021-2022","WASHINGTON","5301440",34,137,171,81,252,0.678571428571429
"17443","2021-2022","WASHINGTON","5301470",131,727,858,396,1254,0.684210526315789
"17444","2021-2022","WASHINGTON","5301500",10,40,50,20,70,0.714285714285714
"17445","2021-2022","WASHINGTON","5301560",7,67,74,34,108,0.685185185185185
"17446","2021-2022","WASHINGTON","5301590",91,312,403,136,539,0.747680890538033
"17447","2021-2022","WASHINGTON","5301630",205,678,883,462,1345,0.656505576208178
"17448","2021-2022","WASHINGTON","5301660",15,326,341,170,511,0.667318982387476
"17449","2021-2022","WASHINGTON","5301680",19,70,89,32,121,0.735537190082645
"17450","2021-2022","WASHINGTON","5301710",11,59,70,34,104,0.673076923076923
"17451","2021-2022","WASHINGTON","5301800",53,264,317,167,484,0.65495867768595
"17452","2021-2022","WASHINGTON","5301830",42,140,182,77,259,0.702702702702703
"17453","2021-2022","WASHINGTON","5301860",3,39,42,23,65,0.646153846153846
"17454","2021-2022","WASHINGTON","5301890",10,115,125,50,175,0.714285714285714
"17455","2021-2022","WASHINGTON","5301920",6,217,223,89,312,0.71474358974359
"17456","2021-2022","WASHINGTON","5301950",0,0,0,3,3,0
"17457","2021-2022","WASHINGTON","5301980",28,157,185,106,291,0.63573883161512
"17458","2021-2022","WASHINGTON","5302010",81,184,265,87,352,0.752840909090909
"17459","2021-2022","WASHINGTON","5302040",29,160,189,114,303,0.623762376237624
"17460","2021-2022","WASHINGTON","5302070",273,1018,1291,555,1846,0.699349945828819
"17461","2021-2022","WASHINGTON","5302130",62,177,239,121,360,0.663888888888889
"17462","2021-2022","WASHINGTON","5302160",0,14,14,3,17,0.823529411764706
"17463","2021-2022","WASHINGTON","5302280",332,1726,2058,1127,3185,0.646153846153846
"17464","2021-2022","WASHINGTON","5302310",754,2638,3392,1184,4576,0.741258741258741
"17465","2021-2022","WASHINGTON","5302340",6,61,67,20,87,0.770114942528736
"17466","2021-2022","WASHINGTON","5302370",171,586,757,358,1115,0.678923766816144
"17467","2021-2022","WASHINGTON","5302400",1806,5229,7035,2945,9980,0.704909819639279
"17468","2021-2022","WASHINGTON","5302460",265,1060,1325,693,2018,0.656590683845391
"17469","2021-2022","WASHINGTON","5302490",29,1187,1216,430,1646,0.738760631834751
"17470","2021-2022","WASHINGTON","5302520",10,41,51,24,75,0.68
"17471","2021-2022","WASHINGTON","5302550",41,175,216,104,320,0.675
"17472","2021-2022","WASHINGTON","5302610",282,1246,1528,614,2142,0.713352007469655
"17473","2021-2022","WASHINGTON","5302640",4,25,29,15,44,0.659090909090909
"17474","2021-2022","WASHINGTON","5302670",994,6835,7829,3227,11056,0.708122286541245
"17475","2021-2022","WASHINGTON","5302700",2743,9569,12312,5840,18152,0.678272366681357
"17476","2021-2022","WASHINGTON","5302730",0,19,19,8,27,0.703703703703704
"17477","2021-2022","WASHINGTON","5302820",2214,11604,13818,6839,20657,0.668925787868519
"17478","2021-2022","WASHINGTON","5302850",429,1710,2139,1047,3186,0.671374764595104
"17479","2021-2022","WASHINGTON","5302880",400,1267,1667,739,2406,0.692851205320033
"17480","2021-2022","WASHINGTON","5302910",51,647,698,287,985,0.708629441624365
"17481","2021-2022","WASHINGTON","5302940",633,4033,4666,2605,7271,0.641727410259937
"17482","2021-2022","WASHINGTON","5302970",57,139,196,90,286,0.685314685314685
"17483","2021-2022","WASHINGTON","5303000",12,56,68,34,102,0.666666666666667
"17484","2021-2022","WASHINGTON","5303030",5,25,30,15,45,0.666666666666667
"17485","2021-2022","WASHINGTON","5303090",211,856,1067,404,1471,0.725356900067981
"17486","2021-2022","WASHINGTON","5303130",35,463,498,249,747,0.666666666666667
"17487","2021-2022","WASHINGTON","5303150",0,3094,3094,1423,4517,0.684967899048041
"17488","2021-2022","WASHINGTON","5303180",63,1188,1251,597,1848,0.676948051948052
"17489","2021-2022","WASHINGTON","5303210",157,791,948,415,1363,0.695524578136464
"17490","2021-2022","WASHINGTON","5303240",23,61,84,45,129,0.651162790697674
"17491","2021-2022","WASHINGTON","5303270",6,8,14,4,18,0.777777777777778
"17492","2021-2022","WASHINGTON","5303300",14,34,48,24,72,0.666666666666667
"17493","2021-2022","WASHINGTON","5303330",21,86,107,48,155,0.690322580645161
"17494","2021-2022","WASHINGTON","5303360",0,52,52,39,91,0.571428571428571
"17495","2021-2022","WASHINGTON","5303440",18,60,78,36,114,0.684210526315789
"17496","2021-2022","WASHINGTON","5303510",75,788,863,198,1061,0.813383600377003
"17497","2021-2022","WASHINGTON","5303540",2182,10283,12465,5648,18113,0.688179760393088
"17498","2021-2022","WASHINGTON","5303570",97,252,349,159,508,0.687007874015748
"17499","2021-2022","WASHINGTON","5303600",2,249,251,144,395,0.635443037974683
"17500","2021-2022","WASHINGTON","5303660",70,1166,1236,627,1863,0.663446054750403
"17501","2021-2022","WASHINGTON","5303720",0,12,12,7,19,0.631578947368421
"17502","2021-2022","WASHINGTON","5303750",377,1649,2026,912,2938,0.689584751531654
"17503","2021-2022","WASHINGTON","5303780",0,21,21,14,35,0.6
"17504","2021-2022","WASHINGTON","5303810",77,263,340,161,501,0.678642714570858
"17505","2021-2022","WASHINGTON","5303870",0,30,30,14,44,0.681818181818182
"17506","2021-2022","WASHINGTON","5303930",908,9725,10633,5384,16017,0.663857151776238
"17507","2021-2022","WASHINGTON","5303960",2082,10841,12923,5580,18503,0.698427282062368
"17508","2021-2022","WASHINGTON","5303990",123,469,592,301,893,0.662933930571109
"17509","2021-2022","WASHINGTON","5304020",84,873,957,458,1415,0.676325088339223
"17510","2021-2022","WASHINGTON","5304050",71,211,282,116,398,0.708542713567839
"17511","2021-2022","WASHINGTON","5304080",0,39,39,23,62,0.629032258064516
"17512","2021-2022","WASHINGTON","5304110",24,290,314,150,464,0.676724137931034
"17513","2021-2022","WASHINGTON","5304150",7,26,33,8,41,0.804878048780488
"17514","2021-2022","WASHINGTON","5304170",122,310,432,171,603,0.716417910447761
"17515","2021-2022","WASHINGTON","5304200",521,1801,2322,799,3121,0.743992310157001
"17516","2021-2022","WASHINGTON","5304230",167,2728,2895,1308,4203,0.688793718772305
"17517","2021-2022","WASHINGTON","5304260",186,957,1143,686,1829,0.624931656642974
"17518","2021-2022","WASHINGTON","5304290",1,21,22,16,38,0.578947368421053
"17519","2021-2022","WASHINGTON","5304380",33,143,176,85,261,0.674329501915709
"17520","2021-2022","WASHINGTON","5304410",22,109,131,59,190,0.689473684210526
"17521","2021-2022","WASHINGTON","5304470",635,3340,3975,2339,6314,0.629553373455813
"17522","2021-2022","WASHINGTON","5304500",10,129,139,76,215,0.646511627906977
"17523","2021-2022","WASHINGTON","5304530",28,81,109,47,156,0.698717948717949
"17524","2021-2022","WASHINGTON","5304560",75,311,386,165,551,0.7005444646098
"17525","2021-2022","WASHINGTON","5304590",17,186,203,65,268,0.757462686567164
"17526","2021-2022","WASHINGTON","5304620",170,630,800,405,1205,0.663900414937759
"17527","2021-2022","WASHINGTON","5304650",20,746,766,326,1092,0.701465201465201
"17528","2021-2022","WASHINGTON","5304710",14,48,62,20,82,0.75609756097561
"17529","2021-2022","WASHINGTON","5304740",107,296,403,83,486,0.829218106995885
"17530","2021-2022","WASHINGTON","5304800",13,311,324,237,561,0.577540106951872
"17531","2021-2022","WASHINGTON","5304830",9,289,298,187,485,0.614432989690722
"17532","2021-2022","WASHINGTON","5304860",952,4232,5184,2383,7567,0.685079952425003
"17533","2021-2022","WASHINGTON","5304890",15,145,160,66,226,0.707964601769911
"17534","2021-2022","WASHINGTON","5304920",495,1970,2465,1132,3597,0.685293299972199
"17535","2021-2022","WASHINGTON","5304950",205,448,653,237,890,0.733707865168539
"17536","2021-2022","WASHINGTON","5304980",25,104,129,65,194,0.664948453608247
"17537","2021-2022","WASHINGTON","5305010",63,370,433,261,694,0.623919308357349
"17538","2021-2022","WASHINGTON","5305020",64,174,238,96,334,0.712574850299401
"17539","2021-2022","WASHINGTON","5305040",0,12,12,10,22,0.545454545454545
"17540","2021-2022","WASHINGTON","5305130",484,1403,1887,683,2570,0.734241245136187
"17541","2021-2022","WASHINGTON","5305160",93,388,481,251,732,0.657103825136612
"17542","2021-2022","WASHINGTON","5305190",34,179,213,109,322,0.661490683229814
"17543","2021-2022","WASHINGTON","5305220",1015,4328,5343,2686,8029,0.665462697720762
"17544","2021-2022","WASHINGTON","5305250",42,278,320,172,492,0.650406504065041
"17545","2021-2022","WASHINGTON","5305280",0,0,0,0,0,NA
"17546","2021-2022","WASHINGTON","5305310",127,805,932,372,1304,0.714723926380368
"17547","2021-2022","WASHINGTON","5305340",3,10,13,6,19,0.684210526315789
"17548","2021-2022","WASHINGTON","5305370",380,1528,1908,839,2747,0.69457590098289
"17549","2021-2022","WASHINGTON","5305400",330,3695,4025,1869,5894,0.682897862232779
"17550","2021-2022","WASHINGTON","5305430",1671,5830,7501,3343,10844,0.691718922906676
"17551","2021-2022","WASHINGTON","5305460",146,510,656,264,920,0.71304347826087
"17552","2021-2022","WASHINGTON","5305490",82,241,323,147,470,0.687234042553192
"17553","2021-2022","WASHINGTON","5305520",27,160,187,58,245,0.763265306122449
"17554","2021-2022","WASHINGTON","5305550",0,133,133,56,189,0.703703703703704
"17555","2021-2022","WASHINGTON","5305610",91,511,602,341,943,0.638388123011665
"17556","2021-2022","WASHINGTON","5305640",72,246,318,147,465,0.683870967741935
"17557","2021-2022","WASHINGTON","5305670",187,760,947,377,1324,0.715256797583082
"17558","2021-2022","WASHINGTON","5305700",48,521,569,300,869,0.654775604142693
"17559","2021-2022","WASHINGTON","5305730",250,1317,1567,575,2142,0.73155929038282
"17560","2021-2022","WASHINGTON","5305760",387,1383,1770,734,2504,0.706869009584665
"17561","2021-2022","WASHINGTON","5305790",108,1140,1248,611,1859,0.671328671328671
"17562","2021-2022","WASHINGTON","5305820",9,50,59,38,97,0.608247422680412
"17563","2021-2022","WASHINGTON","5305850",1473,4989,6462,3126,9588,0.673967459324155
"17564","2021-2022","WASHINGTON","5305880",32,103,135,66,201,0.671641791044776
"17565","2021-2022","WASHINGTON","5305910",871,2413,3284,1098,4382,0.749429484253765
"17566","2021-2022","WASHINGTON","5305940",690,1506,2196,832,3028,0.725231175693527
"17567","2021-2022","WASHINGTON","5305970",1,64,65,30,95,0.684210526315789
"17568","2021-2022","WASHINGTON","5306000",17,221,238,103,341,0.697947214076246
"17569","2021-2022","WASHINGTON","5306060",110,554,664,345,1009,0.658077304261645
"17570","2021-2022","WASHINGTON","5306090",17,425,442,230,672,0.657738095238095
"17571","2021-2022","WASHINGTON","5306120",34,65,99,41,140,0.707142857142857
"17572","2021-2022","WASHINGTON","5306150",35,702,737,308,1045,0.705263157894737
"17573","2021-2022","WASHINGTON","5306180",441,2348,2789,1548,4337,0.643071247406041
"17574","2021-2022","WASHINGTON","5306220",334,3308,3642,1718,5360,0.679477611940299
"17575","2021-2022","WASHINGTON","5306240",102,370,472,238,710,0.664788732394366
"17576","2021-2022","WASHINGTON","5306270",6,30,36,7,43,0.837209302325581
"17577","2021-2022","WASHINGTON","5306300",52,158,210,83,293,0.716723549488055
"17578","2021-2022","WASHINGTON","5306330",1,7,8,6,14,0.571428571428571
"17579","2021-2022","WASHINGTON","5306360",0,23,23,12,35,0.657142857142857
"17580","2021-2022","WASHINGTON","5306390",12,108,120,23,143,0.839160839160839
"17581","2021-2022","WASHINGTON","5306420",0,392,392,211,603,0.650082918739635
"17582","2021-2022","WASHINGTON","5306450",151,593,744,399,1143,0.650918635170604
"17583","2021-2022","WASHINGTON","5306480",254,3523,3777,1776,5553,0.680172879524581
"17584","2021-2022","WASHINGTON","5306510",0,19,19,13,32,0.59375
"17585","2021-2022","WASHINGTON","5306540",13,55,68,18,86,0.790697674418605
"17586","2021-2022","WASHINGTON","5306570",2498,10852,13350,5156,18506,0.721387658056846
"17587","2021-2022","WASHINGTON","5306600",7,187,194,63,257,0.754863813229572
"17588","2021-2022","WASHINGTON","5306630",0,142,142,3,145,0.979310344827586
"17589","2021-2022","WASHINGTON","5306660",46,109,155,63,218,0.711009174311927
"17590","2021-2022","WASHINGTON","5306690",308,1269,1577,947,2524,0.624801901743265
"17591","2021-2022","WASHINGTON","5306750",57,316,373,225,598,0.623745819397993
"17592","2021-2022","WASHINGTON","5306780",36,152,188,100,288,0.652777777777778
"17593","2021-2022","WASHINGTON","5306820",343,1499,1842,980,2822,0.65272856130404
"17594","2021-2022","WASHINGTON","5306840",114,401,515,241,756,0.681216931216931
"17595","2021-2022","WASHINGTON","5306870",22,176,198,68,266,0.744360902255639
"17596","2021-2022","WASHINGTON","5306900",264,1529,1793,761,2554,0.70203602192639
"17597","2021-2022","WASHINGTON","5306930",134,698,832,471,1303,0.638526477359939
"17598","2021-2022","WASHINGTON","5306960",2234,6725,8959,3801,12760,0.702115987460815
"17599","2021-2022","WASHINGTON","5306990",27,109,136,50,186,0.731182795698925
"17600","2021-2022","WASHINGTON","5307020",180,1574,1754,766,2520,0.696031746031746
"17601","2021-2022","WASHINGTON","5307050",5,185,190,65,255,0.745098039215686
"17602","2021-2022","WASHINGTON","5307080",433,2102,2535,1020,3555,0.713080168776371
"17603","2021-2022","WASHINGTON","5307110",82,293,375,186,561,0.668449197860963
"17604","2021-2022","WASHINGTON","5307140",21,353,374,168,542,0.690036900369004
"17605","2021-2022","WASHINGTON","5307210",86,248,334,149,483,0.691511387163561
"17606","2021-2022","WASHINGTON","5307230",1507,5759,7266,3438,10704,0.678811659192825
"17607","2021-2022","WASHINGTON","5307260",0,261,261,98,359,0.727019498607242
"17608","2021-2022","WASHINGTON","5307320",903,4412,5315,2660,7975,0.666457680250784
"17609","2021-2022","WASHINGTON","5307350",218,691,909,420,1329,0.683972911963883
"17610","2021-2022","WASHINGTON","5307380",47,122,169,71,240,0.704166666666667
"17611","2021-2022","WASHINGTON","5307440",159,603,762,365,1127,0.676131322094055
"17612","2021-2022","WASHINGTON","5307470",214,794,1008,446,1454,0.693259972489684
"17613","2021-2022","WASHINGTON","5307530",0,0,0,3,3,0
"17614","2021-2022","WASHINGTON","5307560",26,82,108,57,165,0.654545454545455
"17615","2021-2022","WASHINGTON","5307620",200,1082,1282,486,1768,0.725113122171946
"17616","2021-2022","WASHINGTON","5307650",90,189,279,91,370,0.754054054054054
"17617","2021-2022","WASHINGTON","5307680",12,22,34,7,41,0.829268292682927
"17618","2021-2022","WASHINGTON","5307710",2516,12702,15218,7634,22852,0.665937335900578
"17619","2021-2022","WASHINGTON","5307740",384,1888,2272,1177,3449,0.658741664250507
"17620","2021-2022","WASHINGTON","5307770",419,1683,2102,996,3098,0.678502259522272
"17621","2021-2022","WASHINGTON","5307800",7,133,140,55,195,0.717948717948718
"17622","2021-2022","WASHINGTON","5307830",232,921,1153,606,1759,0.655486071631609
"17623","2021-2022","WASHINGTON","5307860",0,0,0,3,3,0
"17624","2021-2022","WASHINGTON","5307900",429,2497,2926,1558,4484,0.652542372881356
"17625","2021-2022","WASHINGTON","5307920",605,1870,2475,1078,3553,0.696594427244582
"17626","2021-2022","WASHINGTON","5307950",3,23,26,17,43,0.604651162790698
"17627","2021-2022","WASHINGTON","5307980",0,24,24,6,30,0.8
"17628","2021-2022","WASHINGTON","5308020",397,1465,1862,769,2631,0.70771569745344
"17629","2021-2022","WASHINGTON","5308040",176,588,764,352,1116,0.684587813620072
"17630","2021-2022","WASHINGTON","5308070",0,446,446,221,667,0.668665667166417
"17631","2021-2022","WASHINGTON","5308100",40,386,426,205,631,0.675118858954041
"17632","2021-2022","WASHINGTON","5308130",338,1554,1892,965,2857,0.662233111655583
"17633","2021-2022","WASHINGTON","5308160",713,2501,3214,1621,4835,0.664736297828335
"17634","2021-2022","WASHINGTON","5308190",63,280,343,130,473,0.725158562367865
"17635","2021-2022","WASHINGTON","5308220",19,67,86,40,126,0.682539682539683
"17636","2021-2022","WASHINGTON","5308250",2584,14052,16636,9835,26471,0.628461335045899
"17637","2021-2022","WASHINGTON","5308280",11,28,39,22,61,0.639344262295082
"17638","2021-2022","WASHINGTON","5308310",23,45,68,24,92,0.739130434782609
"17639","2021-2022","WASHINGTON","5308340",264,1081,1345,626,1971,0.682394723490614
"17640","2021-2022","WASHINGTON","5308370",0,0,0,3,3,0
"17641","2021-2022","WASHINGTON","5308400",2,15,17,9,26,0.653846153846154
"17642","2021-2022","WASHINGTON","5308430",0,0,0,3,3,0
"17643","2021-2022","WASHINGTON","5308460",190,558,748,370,1118,0.669051878354204
"17644","2021-2022","WASHINGTON","5308490",0,0,0,3,3,0
"17645","2021-2022","WASHINGTON","5308520",69,352,421,214,635,0.662992125984252
"17646","2021-2022","WASHINGTON","5308550",321,753,1074,378,1452,0.739669421487603
"17647","2021-2022","WASHINGTON","5308580",0,72,72,23,95,0.757894736842105
"17648","2021-2022","WASHINGTON","5308610",658,2243,2901,1180,4081,0.710855182553296
"17649","2021-2022","WASHINGTON","5308670",454,4225,4679,2745,7424,0.630253232758621
"17650","2021-2022","WASHINGTON","5308700",1240,8772,10012,7257,17269,0.579767212924894
"17651","2021-2022","WASHINGTON","5308730",0,106,106,56,162,0.654320987654321
"17652","2021-2022","WASHINGTON","5308760",293,887,1180,520,1700,0.694117647058824
"17653","2021-2022","WASHINGTON","5308790",29,106,135,50,185,0.72972972972973
"17654","2021-2022","WASHINGTON","5308820",98,493,591,315,906,0.652317880794702
"17655","2021-2022","WASHINGTON","5308850",18,73,91,40,131,0.694656488549618
"17656","2021-2022","WASHINGTON","5308910",60,310,370,153,523,0.707456978967495
"17657","2021-2022","WASHINGTON","5308940",12,873,885,377,1262,0.701267828843106
"17658","2021-2022","WASHINGTON","5308970",160,3569,3729,1553,5282,0.705982582355169
"17659","2021-2022","WASHINGTON","5309000",22,79,101,33,134,0.753731343283582
"17660","2021-2022","WASHINGTON","5309030",58,201,259,114,373,0.694369973190349
"17661","2021-2022","WASHINGTON","5309060",0,0,0,6,6,0
"17662","2021-2022","WASHINGTON","5309100",387,1601,1988,1133,3121,0.636975328420378
"17663","2021-2022","WASHINGTON","5309150",46,495,541,223,764,0.708115183246073
"17664","2021-2022","WASHINGTON","5309180",455,1588,2043,1010,3053,0.669177857844743
"17665","2021-2022","WASHINGTON","5309240",39,267,306,213,519,0.589595375722543
"17666","2021-2022","WASHINGTON","5309270",1948,8607,10555,5501,16056,0.657386646736423
"17667","2021-2022","WASHINGTON","5309300",100,263,363,111,474,0.765822784810127
"17668","2021-2022","WASHINGTON","5309330",49,215,264,124,388,0.680412371134021
"17669","2021-2022","WASHINGTON","5309360",180,2286,2466,1052,3518,0.700966458214895
"17670","2021-2022","WASHINGTON","5309390",25,87,112,56,168,0.666666666666667
"17671","2021-2022","WASHINGTON","5309450",605,2482,3087,1541,4628,0.667026793431288
"17672","2021-2022","WASHINGTON","5309480",169,2739,2908,1497,4405,0.660158910329171
"17673","2021-2022","WASHINGTON","5309510",0,708,708,22,730,0.96986301369863
"17674","2021-2022","WASHINGTON","5309540",188,834,1022,510,1532,0.66710182767624
"17675","2021-2022","WASHINGTON","5309570",10,59,69,26,95,0.726315789473684
"17676","2021-2022","WASHINGTON","5309600",29,95,124,33,157,0.789808917197452
"17677","2021-2022","WASHINGTON","5309630",29,322,351,149,500,0.702
"17678","2021-2022","WASHINGTON","5309660",463,3543,4006,1192,5198,0.770681031165833
"17679","2021-2022","WASHINGTON","5309690",380,1412,1792,778,2570,0.69727626459144
"17680","2021-2022","WASHINGTON","5309720",669,1833,2502,962,3464,0.722286374133949
"17681","2021-2022","WASHINGTON","5309750",34,214,248,148,396,0.626262626262626
"17682","2021-2022","WASHINGTON","5309780",270,986,1256,647,1903,0.660010509721492
"17683","2021-2022","WASHINGTON","5309810",136,352,488,200,688,0.709302325581395
"17684","2021-2022","WASHINGTON","5309840",26,48,74,18,92,0.804347826086957
"17685","2021-2022","WASHINGTON","5309870",45,104,149,54,203,0.733990147783251
"17686","2021-2022","WASHINGTON","5309900",21,47,68,30,98,0.693877551020408
"17687","2021-2022","WASHINGTON","5309930",19,569,588,219,807,0.728624535315985
"17688","2021-2022","WASHINGTON","5309990",7,98,105,30,135,0.777777777777778
"17689","2021-2022","WASHINGTON","5310020",0,52,52,4,56,0.928571428571429
"17690","2021-2022","WASHINGTON","5310050",228,738,966,384,1350,0.715555555555556
"17691","2021-2022","WASHINGTON","5310110",960,11850,12810,6756,19566,0.654707145047531
"17692","2021-2022","WASHINGTON","5310140",565,1960,2525,1089,3614,0.698671831765357
"17693","2021-2022","WASHINGTON","5310170",169,563,732,241,973,0.752312435765673
"17694","2021-2022","WEST VIRGINIA","5400030",0,0,0,1063,1063,0
"17695","2021-2022","WEST VIRGINIA","5400060",0,0,0,8778,8778,0
"17696","2021-2022","WEST VIRGINIA","5400090",0,0,0,1863,1863,0
"17697","2021-2022","WEST VIRGINIA","5400120",0,0,0,1002,1002,0
"17698","2021-2022","WEST VIRGINIA","5400150",0,0,0,1158,1158,0
"17699","2021-2022","WEST VIRGINIA","5400180",0,0,0,5931,5931,0
"17700","2021-2022","WEST VIRGINIA","5400210",0,0,0,471,471,0
"17701","2021-2022","WEST VIRGINIA","5400240",0,0,0,1024,1024,0
"17702","2021-2022","WEST VIRGINIA","5400270",0,0,0,515,515,0
"17703","2021-2022","WEST VIRGINIA","5400300",0,0,0,3138,3138,0
"17704","2021-2022","WEST VIRGINIA","5400330",0,0,0,372,372,0
"17705","2021-2022","WEST VIRGINIA","5400360",0,0,0,787,787,0
"17706","2021-2022","WEST VIRGINIA","5400390",0,0,0,2446,2446,0
"17707","2021-2022","WEST VIRGINIA","5400420",0,0,0,1394,1394,0
"17708","2021-2022","WEST VIRGINIA","5400450",0,0,0,1634,1634,0
"17709","2021-2022","WEST VIRGINIA","5400480",0,0,0,1068,1068,0
"17710","2021-2022","WEST VIRGINIA","5400510",0,0,0,4408,4408,0
"17711","2021-2022","WEST VIRGINIA","5400511",0,0,0,99,99,0
"17712","2021-2022","WEST VIRGINIA","5400540",0,0,0,1893,1893,0
"17713","2021-2022","WEST VIRGINIA","5400570",0,0,0,2825,2825,0
"17714","2021-2022","WEST VIRGINIA","5400600",0,0,0,13550,13550,0
"17715","2021-2022","WEST VIRGINIA","5400630",0,0,0,1439,1439,0
"17716","2021-2022","WEST VIRGINIA","5400660",0,0,0,1811,1811,0
"17717","2021-2022","WEST VIRGINIA","5400690",0,0,0,3156,3156,0
"17718","2021-2022","WEST VIRGINIA","5400720",0,0,0,3407,3407,0
"17719","2021-2022","WEST VIRGINIA","5400750",0,0,0,1968,1968,0
"17720","2021-2022","WEST VIRGINIA","5400780",0,0,0,2025,2025,0
"17721","2021-2022","WEST VIRGINIA","5400810",0,0,0,1875,1875,0
"17722","2021-2022","WEST VIRGINIA","5400840",0,0,0,5108,5108,0
"17723","2021-2022","WEST VIRGINIA","5400870",0,0,0,1619,1619,0
"17724","2021-2022","WEST VIRGINIA","5400900",0,0,0,2565,2565,0
"17725","2021-2022","WEST VIRGINIA","5400930",0,0,0,3873,3873,0
"17726","2021-2022","WEST VIRGINIA","5400960",0,0,0,811,811,0
"17727","2021-2022","WEST VIRGINIA","5400990",0,0,0,1033,1033,0
"17728","2021-2022","WEST VIRGINIA","5401020",0,0,0,1903,1903,0
"17729","2021-2022","WEST VIRGINIA","5401050",0,0,0,2396,2396,0
"17730","2021-2022","WEST VIRGINIA","5401080",0,0,0,420,420,0
"17731","2021-2022","WEST VIRGINIA","5401110",0,0,0,515,515,0
"17732","2021-2022","WEST VIRGINIA","5401140",0,0,0,510,510,0
"17733","2021-2022","WEST VIRGINIA","5401170",0,0,0,1968,1968,0
"17734","2021-2022","WEST VIRGINIA","5401200",0,0,0,3243,3243,0
"17735","2021-2022","WEST VIRGINIA","5401230",0,0,0,6040,6040,0
"17736","2021-2022","WEST VIRGINIA","5401260",0,0,0,1815,1815,0
"17737","2021-2022","WEST VIRGINIA","5401290",0,0,0,674,674,0
"17738","2021-2022","WEST VIRGINIA","5401320",0,0,0,957,957,0
"17739","2021-2022","WEST VIRGINIA","5401350",0,0,0,879,879,0
"17740","2021-2022","WEST VIRGINIA","5401380",0,0,0,944,944,0
"17741","2021-2022","WEST VIRGINIA","5401410",0,0,0,391,391,0
"17742","2021-2022","WEST VIRGINIA","5401440",0,0,0,592,592,0
"17743","2021-2022","WEST VIRGINIA","5401470",0,0,0,2107,2107,0
"17744","2021-2022","WEST VIRGINIA","5401500",0,0,0,3399,3399,0
"17745","2021-2022","WEST VIRGINIA","5401530",0,0,0,810,810,0
"17746","2021-2022","WEST VIRGINIA","5401560",0,0,0,1378,1378,0
"17747","2021-2022","WEST VIRGINIA","5401590",0,0,0,503,503,0
"17748","2021-2022","WEST VIRGINIA","5401620",0,0,0,6233,6233,0
"17749","2021-2022","WEST VIRGINIA","5401621",0,0,0,31,31,0
"17750","2021-2022","WEST VIRGINIA","5401650",0,0,0,1938,1938,0
"17751","2021-2022","WISCONSIN","5500013",14,34,48,0,48,1
"17752","2021-2022","WISCONSIN","5500016",52,243,295,0,295,1
"17753","2021-2022","WISCONSIN","5500017",49,223,272,0,272,1
"17754","2021-2022","WISCONSIN","5500018",0,0,0,0,0,NA
"17755","2021-2022","WISCONSIN","5500021",0,0,0,0,0,NA
"17756","2021-2022","WISCONSIN","5500030",92,394,486,0,486,1
"17757","2021-2022","WISCONSIN","5500035",0,0,0,0,0,NA
"17758","2021-2022","WISCONSIN","5500036",0,0,0,0,0,NA
"17759","2021-2022","WISCONSIN","5500037",0,0,0,0,0,NA
"17760","2021-2022","WISCONSIN","5500039",2,34,36,0,36,1
"17761","2021-2022","WISCONSIN","5500041",0,426,426,0,426,1
"17762","2021-2022","WISCONSIN","5500042",0,1278,1278,0,1278,1
"17763","2021-2022","WISCONSIN","5500045",77,365,442,0,442,1
"17764","2021-2022","WISCONSIN","5500047",0,190,190,0,190,1
"17765","2021-2022","WISCONSIN","5500052",10,133,143,0,143,1
"17766","2021-2022","WISCONSIN","5500056",25,134,159,0,159,1
"17767","2021-2022","WISCONSIN","5500058",0,0,0,0,0,NA
"17768","2021-2022","WISCONSIN","5500059",162,909,1071,0,1071,1
"17769","2021-2022","WISCONSIN","5500060",0,908,908,0,908,1
"17770","2021-2022","WISCONSIN","5500061",34,344,378,0,378,1
"17771","2021-2022","WISCONSIN","5500065",0,630,630,0,630,1
"17772","2021-2022","WISCONSIN","5500066",12,254,266,0,266,1
"17773","2021-2022","WISCONSIN","5500067",0,3,3,0,3,1
"17774","2021-2022","WISCONSIN","5500069",0,116,116,0,116,1
"17775","2021-2022","WISCONSIN","5500070",6,67,73,0,73,1
"17776","2021-2022","WISCONSIN","5500073",1,13,14,0,14,1
"17777","2021-2022","WISCONSIN","5500074",0,927,927,0,927,1
"17778","2021-2022","WISCONSIN","5500075",11,63,74,0,74,1
"17779","2021-2022","WISCONSIN","5500076",9,141,150,0,150,1
"17780","2021-2022","WISCONSIN","5500077",23,153,176,0,176,1
"17781","2021-2022","WISCONSIN","5500078",0,66,66,0,66,1
"17782","2021-2022","WISCONSIN","5500079",17,72,89,0,89,1
"17783","2021-2022","WISCONSIN","5500080",14,59,73,0,73,1
"17784","2021-2022","WISCONSIN","5500081",3,432,435,0,435,1
"17785","2021-2022","WISCONSIN","5500082",3,16,19,0,19,1
"17786","2021-2022","WISCONSIN","5500083",0,106,106,0,106,1
"17787","2021-2022","WISCONSIN","5500085",0,0,0,0,0,NA
"17788","2021-2022","WISCONSIN","5500086",0,0,0,0,0,NA
"17789","2021-2022","WISCONSIN","5500087",0,0,0,0,0,NA
"17790","2021-2022","WISCONSIN","5500088",14,126,140,0,140,1
"17791","2021-2022","WISCONSIN","5500089",1,2,3,0,3,1
"17792","2021-2022","WISCONSIN","5500090",0,5,5,0,5,1
"17793","2021-2022","WISCONSIN","5500091",0,0,0,0,0,NA
"17794","2021-2022","WISCONSIN","5500092",0,242,242,0,242,1
"17795","2021-2022","WISCONSIN","5500113",20,115,135,0,135,1
"17796","2021-2022","WISCONSIN","5500120",12,79,91,0,91,1
"17797","2021-2022","WISCONSIN","5500150",42,293,335,0,335,1
"17798","2021-2022","WISCONSIN","5500180",9,97,106,0,106,1
"17799","2021-2022","WISCONSIN","5500210",60,288,348,0,348,1
"17800","2021-2022","WISCONSIN","5500240",40,160,200,0,200,1
"17801","2021-2022","WISCONSIN","5500270",150,578,728,0,728,1
"17802","2021-2022","WISCONSIN","5500300",95,471,566,0,566,1
"17803","2021-2022","WISCONSIN","5500330",35,268,303,0,303,1
"17804","2021-2022","WISCONSIN","5500360",138,1063,1201,0,1201,1
"17805","2021-2022","WISCONSIN","5500390",580,5377,5957,0,5957,1
"17806","2021-2022","WISCONSIN","5500420",156,688,844,0,844,1
"17807","2021-2022","WISCONSIN","5500450",15,87,102,0,102,1
"17808","2021-2022","WISCONSIN","5500510",196,1002,1198,0,1198,1
"17809","2021-2022","WISCONSIN","5500540",228,985,1213,0,1213,1
"17810","2021-2022","WISCONSIN","5500570",0,0,0,0,0,NA
"17811","2021-2022","WISCONSIN","5500600",38,165,203,0,203,1
"17812","2021-2022","WISCONSIN","5500630",68,261,329,0,329,1
"17813","2021-2022","WISCONSIN","5500720",85,356,441,0,441,1
"17814","2021-2022","WISCONSIN","5500750",68,388,456,0,456,1
"17815","2021-2022","WISCONSIN","5500780",11,156,167,0,167,1
"17816","2021-2022","WISCONSIN","5500810",156,1119,1275,0,1275,1
"17817","2021-2022","WISCONSIN","5500840",10,55,65,0,65,1
"17818","2021-2022","WISCONSIN","5500870",62,540,602,0,602,1
"17819","2021-2022","WISCONSIN","5500900",15,230,245,0,245,1
"17820","2021-2022","WISCONSIN","5500960",280,1344,1624,0,1624,1
"17821","2021-2022","WISCONSIN","5500990",23,175,198,0,198,1
"17822","2021-2022","WISCONSIN","5501020",12,69,81,0,81,1
"17823","2021-2022","WISCONSIN","5501050",0,3924,3924,0,3924,1
"17824","2021-2022","WISCONSIN","5501080",104,591,695,0,695,1
"17825","2021-2022","WISCONSIN","5501110",17,72,89,0,89,1
"17826","2021-2022","WISCONSIN","5501140",112,618,730,0,730,1
"17827","2021-2022","WISCONSIN","5501170",0,0,0,0,0,NA
"17828","2021-2022","WISCONSIN","5501230",18,136,154,0,154,1
"17829","2021-2022","WISCONSIN","5501260",92,847,939,0,939,1
"17830","2021-2022","WISCONSIN","5501310",28,81,109,0,109,1
"17831","2021-2022","WISCONSIN","5501350",106,300,406,0,406,1
"17832","2021-2022","WISCONSIN","5501470",23,212,235,0,235,1
"17833","2021-2022","WISCONSIN","5501500",72,369,441,0,441,1
"17834","2021-2022","WISCONSIN","5501530",11,48,59,0,59,1
"17835","2021-2022","WISCONSIN","5501560",22,184,206,0,206,1
"17836","2021-2022","WISCONSIN","5501590",40,224,264,0,264,1
"17837","2021-2022","WISCONSIN","5501650",6,32,38,0,38,1
"17838","2021-2022","WISCONSIN","5501680",31,219,250,0,250,1
"17839","2021-2022","WISCONSIN","5501710",17,160,177,0,177,1
"17840","2021-2022","WISCONSIN","5501740",48,353,401,0,401,1
"17841","2021-2022","WISCONSIN","5501770",157,693,850,0,850,1
"17842","2021-2022","WISCONSIN","5501800",88,724,812,0,812,1
"17843","2021-2022","WISCONSIN","5501830",15,311,326,0,326,1
"17844","2021-2022","WISCONSIN","5501890",146,855,1001,0,1001,1
"17845","2021-2022","WISCONSIN","5501920",29,66,95,0,95,1
"17846","2021-2022","WISCONSIN","5502040",64,334,398,0,398,1
"17847","2021-2022","WISCONSIN","5502070",8,99,107,0,107,1
"17848","2021-2022","WISCONSIN","5502100",29,187,216,0,216,1
"17849","2021-2022","WISCONSIN","5502130",81,356,437,0,437,1
"17850","2021-2022","WISCONSIN","5502160",76,288,364,0,364,1
"17851","2021-2022","WISCONSIN","5502340",37,219,256,0,256,1
"17852","2021-2022","WISCONSIN","5502400",19,69,88,0,88,1
"17853","2021-2022","WISCONSIN","5502430",22,130,152,0,152,1
"17854","2021-2022","WISCONSIN","5502460",57,257,314,0,314,1
"17855","2021-2022","WISCONSIN","5502520",49,231,280,0,280,1
"17856","2021-2022","WISCONSIN","5502550",289,1464,1753,0,1753,1
"17857","2021-2022","WISCONSIN","5502580",0,0,0,0,0,NA
"17858","2021-2022","WISCONSIN","5502610",65,185,250,0,250,1
"17859","2021-2022","WISCONSIN","5502640",51,389,440,0,440,1
"17860","2021-2022","WISCONSIN","5502670",141,487,628,0,628,1
"17861","2021-2022","WISCONSIN","5502700",20,128,148,0,148,1
"17862","2021-2022","WISCONSIN","5502730",74,429,503,0,503,1
"17863","2021-2022","WISCONSIN","5502760",52,255,307,0,307,1
"17864","2021-2022","WISCONSIN","5502790",50,271,321,0,321,1
"17865","2021-2022","WISCONSIN","5502820",38,317,355,0,355,1
"17866","2021-2022","WISCONSIN","5502880",23,181,204,0,204,1
"17867","2021-2022","WISCONSIN","5502910",0,343,343,0,343,1
"17868","2021-2022","WISCONSIN","5502970",39,322,361,0,361,1
"17869","2021-2022","WISCONSIN","5503030",33,187,220,0,220,1
"17870","2021-2022","WISCONSIN","5503060",29,1265,1294,0,1294,1
"17871","2021-2022","WISCONSIN","5503090",75,357,432,0,432,1
"17872","2021-2022","WISCONSIN","5503150",52,264,316,0,316,1
"17873","2021-2022","WISCONSIN","5503180",88,603,691,0,691,1
"17874","2021-2022","WISCONSIN","5503210",0,12,12,0,12,1
"17875","2021-2022","WISCONSIN","5503240",42,174,216,0,216,1
"17876","2021-2022","WISCONSIN","5503270",34,142,176,0,176,1
"17877","2021-2022","WISCONSIN","5503510",60,400,460,0,460,1
"17878","2021-2022","WISCONSIN","5503640",163,1082,1245,0,1245,1
"17879","2021-2022","WISCONSIN","5503660",51,249,300,0,300,1
"17880","2021-2022","WISCONSIN","5503690",57,284,341,0,341,1
"17881","2021-2022","WISCONSIN","5503750",8,27,35,0,35,1
"17882","2021-2022","WISCONSIN","5503810",9,138,147,0,147,1
"17883","2021-2022","WISCONSIN","5503840",44,330,374,0,374,1
"17884","2021-2022","WISCONSIN","5503860",119,503,622,0,622,1
"17885","2021-2022","WISCONSIN","5504020",67,300,367,0,367,1
"17886","2021-2022","WISCONSIN","5504050",682,3553,4235,0,4235,1
"17887","2021-2022","WISCONSIN","5504080",38,134,172,0,172,1
"17888","2021-2022","WISCONSIN","5504110",114,509,623,0,623,1
"17889","2021-2022","WISCONSIN","5504170",9,113,122,0,122,1
"17890","2021-2022","WISCONSIN","5504200",7,64,71,0,71,1
"17891","2021-2022","WISCONSIN","5504230",64,295,359,0,359,1
"17892","2021-2022","WISCONSIN","5504260",0,0,0,0,0,NA
"17893","2021-2022","WISCONSIN","5504290",244,1050,1294,0,1294,1
"17894","2021-2022","WISCONSIN","5504320",68,361,429,0,429,1
"17895","2021-2022","WISCONSIN","5504350",19,99,118,0,118,1
"17896","2021-2022","WISCONSIN","5504380",28,191,219,0,219,1
"17897","2021-2022","WISCONSIN","5504410",11,52,63,0,63,1
"17898","2021-2022","WISCONSIN","5504440",61,308,369,0,369,1
"17899","2021-2022","WISCONSIN","5504500",19,85,104,0,104,1
"17900","2021-2022","WISCONSIN","5504530",10,99,109,0,109,1
"17901","2021-2022","WISCONSIN","5504590",73,275,348,0,348,1
"17902","2021-2022","WISCONSIN","5504620",0,469,469,0,469,1
"17903","2021-2022","WISCONSIN","5504650",36,156,192,0,192,1
"17904","2021-2022","WISCONSIN","5504680",409,2930,3339,0,3339,1
"17905","2021-2022","WISCONSIN","5504720",8,43,51,0,51,1
"17906","2021-2022","WISCONSIN","5504740",94,763,857,0,857,1
"17907","2021-2022","WISCONSIN","5504770",10,47,57,0,57,1
"17908","2021-2022","WISCONSIN","5504800",5,79,84,0,84,1
"17909","2021-2022","WISCONSIN","5504830",86,539,625,0,625,1
"17910","2021-2022","WISCONSIN","5504860",33,195,228,0,228,1
"17911","2021-2022","WISCONSIN","5504890",22,175,197,0,197,1
"17912","2021-2022","WISCONSIN","5504920",73,251,324,0,324,1
"17913","2021-2022","WISCONSIN","5504960",59,258,317,0,317,1
"17914","2021-2022","WISCONSIN","5504980",23,201,224,0,224,1
"17915","2021-2022","WISCONSIN","5505100",0,0,0,0,0,NA
"17916","2021-2022","WISCONSIN","5505130",39,149,188,0,188,1
"17917","2021-2022","WISCONSIN","5505160",64,463,527,0,527,1
"17918","2021-2022","WISCONSIN","5505220",48,151,199,0,199,1
"17919","2021-2022","WISCONSIN","5505250",31,229,260,0,260,1
"17920","2021-2022","WISCONSIN","5505280",2,8,10,0,10,1
"17921","2021-2022","WISCONSIN","5505370",15,55,70,0,70,1
"17922","2021-2022","WISCONSIN","5505460",26,306,332,0,332,1
"17923","2021-2022","WISCONSIN","5505490",0,178,178,0,178,1
"17924","2021-2022","WISCONSIN","5505520",36,220,256,0,256,1
"17925","2021-2022","WISCONSIN","5505580",9,40,49,0,49,1
"17926","2021-2022","WISCONSIN","5505610",53,340,393,0,393,1
"17927","2021-2022","WISCONSIN","5505640",11,106,117,0,117,1
"17928","2021-2022","WISCONSIN","5505670",163,717,880,0,880,1
"17929","2021-2022","WISCONSIN","5505730",31,138,169,0,169,1
"17930","2021-2022","WISCONSIN","5505820",731,10498,11229,0,11229,1
"17931","2021-2022","WISCONSIN","5505880",9,106,115,0,115,1
"17932","2021-2022","WISCONSIN","5505910",70,611,681,0,681,1
"17933","2021-2022","WISCONSIN","5505940",233,1245,1478,0,1478,1
"17934","2021-2022","WISCONSIN","5505970",28,137,165,0,165,1
"17935","2021-2022","WISCONSIN","5506000",85,522,607,0,607,1
"17936","2021-2022","WISCONSIN","5506030",87,524,611,0,611,1
"17937","2021-2022","WISCONSIN","5506060",58,332,390,0,390,1
"17938","2021-2022","WISCONSIN","5506090",78,482,560,0,560,1
"17939","2021-2022","WISCONSIN","5506120",62,280,342,0,342,1
"17940","2021-2022","WISCONSIN","5506140",34,195,229,0,229,1
"17941","2021-2022","WISCONSIN","5506180",30,144,174,0,174,1
"17942","2021-2022","WISCONSIN","5506270",118,848,966,0,966,1
"17943","2021-2022","WISCONSIN","5506300",29,113,142,0,142,1
"17944","2021-2022","WISCONSIN","5506420",13,73,86,0,86,1
"17945","2021-2022","WISCONSIN","5506450",24,122,146,0,146,1
"17946","2021-2022","WISCONSIN","5506480",25,174,199,0,199,1
"17947","2021-2022","WISCONSIN","5506540",242,742,984,0,984,1
"17948","2021-2022","WISCONSIN","5506570",53,293,346,0,346,1
"17949","2021-2022","WISCONSIN","5506600",116,512,628,0,628,1
"17950","2021-2022","WISCONSIN","5506630",206,1090,1296,0,1296,1
"17951","2021-2022","WISCONSIN","5506660",23,95,118,0,118,1
"17952","2021-2022","WISCONSIN","5506690",75,596,671,0,671,1
"17953","2021-2022","WISCONSIN","5506750",23,173,196,0,196,1
"17954","2021-2022","WISCONSIN","5506780",5,72,77,0,77,1
"17955","2021-2022","WISCONSIN","5506810",47,219,266,0,266,1
"17956","2021-2022","WISCONSIN","5506840",19,160,179,0,179,1
"17957","2021-2022","WISCONSIN","5506870",66,262,328,0,328,1
"17958","2021-2022","WISCONSIN","5506960",26,158,184,0,184,1
"17959","2021-2022","WISCONSIN","5507020",399,4335,4734,0,4734,1
"17960","2021-2022","WISCONSIN","5507050",48,582,630,0,630,1
"17961","2021-2022","WISCONSIN","5507170",19,156,175,0,175,1
"17962","2021-2022","WISCONSIN","5507230",38,121,159,0,159,1
"17963","2021-2022","WISCONSIN","5507260",16,302,318,0,318,1
"17964","2021-2022","WISCONSIN","5507290",113,744,857,0,857,1
"17965","2021-2022","WISCONSIN","5507320",715,9646,10361,0,10361,1
"17966","2021-2022","WISCONSIN","5507380",92,379,471,0,471,1
"17967","2021-2022","WISCONSIN","5507410",30,267,297,0,297,1
"17968","2021-2022","WISCONSIN","5507440",44,301,345,0,345,1
"17969","2021-2022","WISCONSIN","5507470",177,668,845,0,845,1
"17970","2021-2022","WISCONSIN","5507500",0,0,0,0,0,NA
"17971","2021-2022","WISCONSIN","5507530",315,2837,3152,0,3152,1
"17972","2021-2022","WISCONSIN","5507560",24,103,127,0,127,1
"17973","2021-2022","WISCONSIN","5507590",77,423,500,0,500,1
"17974","2021-2022","WISCONSIN","5507620",151,676,827,0,827,1
"17975","2021-2022","WISCONSIN","5507650",70,442,512,0,512,1
"17976","2021-2022","WISCONSIN","5507680",17,120,137,0,137,1
"17977","2021-2022","WISCONSIN","5507710",65,383,448,0,448,1
"17978","2021-2022","WISCONSIN","5507770",86,275,361,0,361,1
"17979","2021-2022","WISCONSIN","5507830",12,113,125,0,125,1
"17980","2021-2022","WISCONSIN","5507860",18,121,139,0,139,1
"17981","2021-2022","WISCONSIN","5508040",5,42,47,0,47,1
"17982","2021-2022","WISCONSIN","5508070",6,29,35,0,35,1
"17983","2021-2022","WISCONSIN","5508130",4,6,10,0,10,1
"17984","2021-2022","WISCONSIN","5508160",76,382,458,0,458,1
"17985","2021-2022","WISCONSIN","5508190",36,239,275,0,275,1
"17986","2021-2022","WISCONSIN","5508220",48,229,277,0,277,1
"17987","2021-2022","WISCONSIN","5508250",22,180,202,0,202,1
"17988","2021-2022","WISCONSIN","5508280",42,158,200,0,200,1
"17989","2021-2022","WISCONSIN","5508340",62,232,294,0,294,1
"17990","2021-2022","WISCONSIN","5508520",625,10685,11310,0,11310,1
"17991","2021-2022","WISCONSIN","5508550",46,193,239,0,239,1
"17992","2021-2022","WISCONSIN","5508610",165,2083,2248,0,2248,1
"17993","2021-2022","WISCONSIN","5508640",45,331,376,0,376,1
"17994","2021-2022","WISCONSIN","5508670",33,131,164,0,164,1
"17995","2021-2022","WISCONSIN","5508700",121,803,924,0,924,1
"17996","2021-2022","WISCONSIN","5508730",24,224,248,0,248,1
"17997","2021-2022","WISCONSIN","5508760",52,318,370,0,370,1
"17998","2021-2022","WISCONSIN","5508790",36,354,390,0,390,1
"17999","2021-2022","WISCONSIN","5508820",239,1188,1427,0,1427,1
"18000","2021-2022","WISCONSIN","5508850",116,737,853,0,853,1
"18001","2021-2022","WISCONSIN","5508880",65,309,374,0,374,1
"18002","2021-2022","WISCONSIN","5508910",145,1736,1881,0,1881,1
"18003","2021-2022","WISCONSIN","5508940",291,1138,1429,0,1429,1
"18004","2021-2022","WISCONSIN","5508970",15,83,98,0,98,1
"18005","2021-2022","WISCONSIN","5509000",40,242,282,0,282,1
"18006","2021-2022","WISCONSIN","5509030",242,1525,1767,0,1767,1
"18007","2021-2022","WISCONSIN","5509060",103,714,817,0,817,1
"18008","2021-2022","WISCONSIN","5509070",34,857,891,0,891,1
"18009","2021-2022","WISCONSIN","5509090",228,1250,1478,0,1478,1
"18010","2021-2022","WISCONSIN","5509130",53,290,343,0,343,1
"18011","2021-2022","WISCONSIN","5509150",6,55,61,0,61,1
"18012","2021-2022","WISCONSIN","5509210",208,1087,1295,0,1295,1
"18013","2021-2022","WISCONSIN","5509240",1,15,16,0,16,1
"18014","2021-2022","WISCONSIN","5509300",0,0,0,0,0,NA
"18015","2021-2022","WISCONSIN","5509360",7,51,58,0,58,1
"18016","2021-2022","WISCONSIN","5509390",6,32,38,0,38,1
"18017","2021-2022","WISCONSIN","5509510",192,1113,1305,0,1305,1
"18018","2021-2022","WISCONSIN","5509570",89,684,773,0,773,1
"18019","2021-2022","WISCONSIN","5509600",77,53180,53257,0,53257,1
"18020","2021-2022","WISCONSIN","5509630",36,307,343,0,343,1
"18021","2021-2022","WISCONSIN","5509660",31,143,174,0,174,1
"18022","2021-2022","WISCONSIN","5509690",21,170,191,0,191,1
"18023","2021-2022","WISCONSIN","5509720",8,133,141,0,141,1
"18024","2021-2022","WISCONSIN","5509750",49,177,226,0,226,1
"18025","2021-2022","WISCONSIN","5509780",38,261,299,0,299,1
"18026","2021-2022","WISCONSIN","5509810",90,603,693,0,693,1
"18027","2021-2022","WISCONSIN","5509840",155,737,892,0,892,1
"18028","2021-2022","WISCONSIN","5509870",22,262,284,0,284,1
"18029","2021-2022","WISCONSIN","5509900",22,94,116,0,116,1
"18030","2021-2022","WISCONSIN","5509960",68,424,492,0,492,1
"18031","2021-2022","WISCONSIN","5509990",23,273,296,0,296,1
"18032","2021-2022","WISCONSIN","5510060",71,504,575,0,575,1
"18033","2021-2022","WISCONSIN","5510140",66,312,378,0,378,1
"18034","2021-2022","WISCONSIN","5510170",118,464,582,0,582,1
"18035","2021-2022","WISCONSIN","5510230",43,343,386,0,386,1
"18036","2021-2022","WISCONSIN","5510320",222,1662,1884,0,1884,1
"18037","2021-2022","WISCONSIN","5510350",0,0,0,0,0,NA
"18038","2021-2022","WISCONSIN","5510380",65,544,609,0,609,1
"18039","2021-2022","WISCONSIN","5510440",15,122,137,0,137,1
"18040","2021-2022","WISCONSIN","5510470",86,495,581,0,581,1
"18041","2021-2022","WISCONSIN","5510500",59,137,196,0,196,1
"18042","2021-2022","WISCONSIN","5510530",47,209,256,0,256,1
"18043","2021-2022","WISCONSIN","5510560",29,265,294,0,294,1
"18044","2021-2022","WISCONSIN","5510590",111,707,818,0,818,1
"18045","2021-2022","WISCONSIN","5510620",177,744,921,0,921,1
"18046","2021-2022","WISCONSIN","5510680",4,186,190,0,190,1
"18047","2021-2022","WISCONSIN","5510710",0,0,0,0,0,NA
"18048","2021-2022","WISCONSIN","5510740",105,679,784,0,784,1
"18049","2021-2022","WISCONSIN","5510770",55,277,332,0,332,1
"18050","2021-2022","WISCONSIN","5510800",0,26,26,0,26,1
"18051","2021-2022","WISCONSIN","5510830",165,1796,1961,0,1961,1
"18052","2021-2022","WISCONSIN","5510860",34,113,147,0,147,1
"18053","2021-2022","WISCONSIN","5510890",148,752,900,0,900,1
"18054","2021-2022","WISCONSIN","5510920",31,391,422,0,422,1
"18055","2021-2022","WISCONSIN","5510950",54,467,521,0,521,1
"18056","2021-2022","WISCONSIN","5510980",45,271,316,0,316,1
"18057","2021-2022","WISCONSIN","5511010",94,709,803,0,803,1
"18058","2021-2022","WISCONSIN","5511070",34,118,152,0,152,1
"18059","2021-2022","WISCONSIN","5511100",64,493,557,0,557,1
"18060","2021-2022","WISCONSIN","5511130",62,265,327,0,327,1
"18061","2021-2022","WISCONSIN","5511160",84,394,478,0,478,1
"18062","2021-2022","WISCONSIN","5511190",381,3518,3899,0,3899,1
"18063","2021-2022","WISCONSIN","5511220",28,227,255,0,255,1
"18064","2021-2022","WISCONSIN","5511310",15,207,222,0,222,1
"18065","2021-2022","WISCONSIN","5511350",25,183,208,0,208,1
"18066","2021-2022","WISCONSIN","5511370",24,229,253,0,253,1
"18067","2021-2022","WISCONSIN","5511400",3,27,30,0,30,1
"18068","2021-2022","WISCONSIN","5511550",18,123,141,0,141,1
"18069","2021-2022","WISCONSIN","5511580",1,32,33,0,33,1
"18070","2021-2022","WISCONSIN","5511610",96,323,419,0,419,1
"18071","2021-2022","WISCONSIN","5511640",47,362,409,0,409,1
"18072","2021-2022","WISCONSIN","5511710",0,0,0,0,0,NA
"18073","2021-2022","WISCONSIN","5511730",28,272,300,0,300,1
"18074","2021-2022","WISCONSIN","5511790",53,153,206,0,206,1
"18075","2021-2022","WISCONSIN","5511820",52,273,325,0,325,1
"18076","2021-2022","WISCONSIN","5511850",67,542,609,0,609,1
"18077","2021-2022","WISCONSIN","5511880",27,49,76,0,76,1
"18078","2021-2022","WISCONSIN","5511940",66,476,542,0,542,1
"18079","2021-2022","WISCONSIN","5511970",30,159,189,0,189,1
"18080","2021-2022","WISCONSIN","5512000",71,371,442,0,442,1
"18081","2021-2022","WISCONSIN","5512030",13,60,73,0,73,1
"18082","2021-2022","WISCONSIN","5512060",68,565,633,0,633,1
"18083","2021-2022","WISCONSIN","5512090",16,69,85,0,85,1
"18084","2021-2022","WISCONSIN","5512120",21,236,257,0,257,1
"18085","2021-2022","WISCONSIN","5512150",100,413,513,0,513,1
"18086","2021-2022","WISCONSIN","5512180",23,140,163,0,163,1
"18087","2021-2022","WISCONSIN","5512210",25,145,170,0,170,1
"18088","2021-2022","WISCONSIN","5512240",0,0,0,0,0,NA
"18089","2021-2022","WISCONSIN","5512300",34,122,156,0,156,1
"18090","2021-2022","WISCONSIN","5512330",189,687,876,0,876,1
"18091","2021-2022","WISCONSIN","5512360",1061,9046,10107,0,10107,1
"18092","2021-2022","WISCONSIN","5512390",27,178,205,0,205,1
"18093","2021-2022","WISCONSIN","5512420",15,140,155,0,155,1
"18094","2021-2022","WISCONSIN","5512450",22,172,194,0,194,1
"18095","2021-2022","WISCONSIN","5512480",27,56,83,0,83,1
"18096","2021-2022","WISCONSIN","5512510",10,0,10,0,10,1
"18097","2021-2022","WISCONSIN","5512540",58,194,252,0,252,1
"18098","2021-2022","WISCONSIN","5512660",178,1081,1259,0,1259,1
"18099","2021-2022","WISCONSIN","5512690",16,144,160,0,160,1
"18100","2021-2022","WISCONSIN","5512720",117,974,1091,0,1091,1
"18101","2021-2022","WISCONSIN","5512780",32,182,214,0,214,1
"18102","2021-2022","WISCONSIN","5512810",126,722,848,0,848,1
"18103","2021-2022","WISCONSIN","5512960",121,545,666,0,666,1
"18104","2021-2022","WISCONSIN","5512990",27,102,129,0,129,1
"18105","2021-2022","WISCONSIN","5513020",60,477,537,0,537,1
"18106","2021-2022","WISCONSIN","5513050",108,543,651,0,651,1
"18107","2021-2022","WISCONSIN","5513100",32,157,189,0,189,1
"18108","2021-2022","WISCONSIN","5513140",20,81,101,0,101,1
"18109","2021-2022","WISCONSIN","5513170",427,1761,2188,0,2188,1
"18110","2021-2022","WISCONSIN","5513230",78,319,397,0,397,1
"18111","2021-2022","WISCONSIN","5513260",45,408,453,0,453,1
"18112","2021-2022","WISCONSIN","5513290",17,121,138,0,138,1
"18113","2021-2022","WISCONSIN","5513350",63,314,377,0,377,1
"18114","2021-2022","WISCONSIN","5513410",164,685,849,0,849,1
"18115","2021-2022","WISCONSIN","5513470",29,95,124,0,124,1
"18116","2021-2022","WISCONSIN","5513500",53,128,181,0,181,1
"18117","2021-2022","WISCONSIN","5513530",99,636,735,0,735,1
"18118","2021-2022","WISCONSIN","5513560",10,86,96,0,96,1
"18119","2021-2022","WISCONSIN","5513620",180,1050,1230,0,1230,1
"18120","2021-2022","WISCONSIN","5513650",482,4554,5036,0,5036,1
"18121","2021-2022","WISCONSIN","5513680",89,374,463,0,463,1
"18122","2021-2022","WISCONSIN","5513710",54,281,335,0,335,1
"18123","2021-2022","WISCONSIN","5513770",54,194,248,0,248,1
"18124","2021-2022","WISCONSIN","5513800",35,361,396,0,396,1
"18125","2021-2022","WISCONSIN","5513830",19,145,164,0,164,1
"18126","2021-2022","WISCONSIN","5513860",31,159,190,0,190,1
"18127","2021-2022","WISCONSIN","5513890",41,243,284,0,284,1
"18128","2021-2022","WISCONSIN","5513950",95,505,600,0,600,1
"18129","2021-2022","WISCONSIN","5513980",22,127,149,0,149,1
"18130","2021-2022","WISCONSIN","5514010",66,270,336,0,336,1
"18131","2021-2022","WISCONSIN","5514040",130,1300,1430,0,1430,1
"18132","2021-2022","WISCONSIN","5514130",74,301,375,0,375,1
"18133","2021-2022","WISCONSIN","5514160",152,1109,1261,0,1261,1
"18134","2021-2022","WISCONSIN","5514190",39,185,224,0,224,1
"18135","2021-2022","WISCONSIN","5514220",87,495,582,0,582,1
"18136","2021-2022","WISCONSIN","5514250",53,333,386,0,386,1
"18137","2021-2022","WISCONSIN","5514340",24,163,187,0,187,1
"18138","2021-2022","WISCONSIN","5514430",120,429,549,0,549,1
"18139","2021-2022","WISCONSIN","5514490",470,2312,2782,0,2782,1
"18140","2021-2022","WISCONSIN","5514520",2,56,58,0,58,1
"18141","2021-2022","WISCONSIN","5514550",145,684,829,0,829,1
"18142","2021-2022","WISCONSIN","5514580",47,178,225,0,225,1
"18143","2021-2022","WISCONSIN","5514610",44,447,491,0,491,1
"18144","2021-2022","WISCONSIN","5514640",209,2029,2238,0,2238,1
"18145","2021-2022","WISCONSIN","5514670",314,1690,2004,0,2004,1
"18146","2021-2022","WISCONSIN","5514700",22,187,209,0,209,1
"18147","2021-2022","WISCONSIN","5514820",36,166,202,0,202,1
"18148","2021-2022","WISCONSIN","5514850",35,156,191,0,191,1
"18149","2021-2022","WISCONSIN","5514880",8,132,140,0,140,1
"18150","2021-2022","WISCONSIN","5514910",183,1193,1376,0,1376,1
"18151","2021-2022","WISCONSIN","5514940",58,432,490,0,490,1
"18152","2021-2022","WISCONSIN","5514970",21,284,305,0,305,1
"18153","2021-2022","WISCONSIN","5515060",45,190,235,0,235,1
"18154","2021-2022","WISCONSIN","5515090",18,118,136,0,136,1
"18155","2021-2022","WISCONSIN","5515120",128,747,875,0,875,1
"18156","2021-2022","WISCONSIN","5515150",30,78,108,0,108,1
"18157","2021-2022","WISCONSIN","5515180",34,228,262,0,262,1
"18158","2021-2022","WISCONSIN","5515210",38,192,230,0,230,1
"18159","2021-2022","WISCONSIN","5515330",134,1424,1558,0,1558,1
"18160","2021-2022","WISCONSIN","5515360",97,370,467,0,467,1
"18161","2021-2022","WISCONSIN","5515390",0,222,222,0,222,1
"18162","2021-2022","WISCONSIN","5515450",34,172,206,0,206,1
"18163","2021-2022","WISCONSIN","5515480",39,152,191,0,191,1
"18164","2021-2022","WISCONSIN","5515540",66,205,271,0,271,1
"18165","2021-2022","WISCONSIN","5515570",0,0,0,0,0,NA
"18166","2021-2022","WISCONSIN","5515600",14,95,109,0,109,1
"18167","2021-2022","WISCONSIN","5515660",56,273,329,0,329,1
"18168","2021-2022","WISCONSIN","5515700",4,19,23,0,23,1
"18169","2021-2022","WISCONSIN","5515720",63,259,322,0,322,1
"18170","2021-2022","WISCONSIN","5515750",238,1335,1573,0,1573,1
"18171","2021-2022","WISCONSIN","5515780",492,3714,4206,0,4206,1
"18172","2021-2022","WISCONSIN","5515810",54,262,316,0,316,1
"18173","2021-2022","WISCONSIN","5515840",115,762,877,0,877,1
"18174","2021-2022","WISCONSIN","5515870",136,609,745,0,745,1
"18175","2021-2022","WISCONSIN","5515900",422,2847,3269,0,3269,1
"18176","2021-2022","WISCONSIN","5515930",20,168,188,0,188,1
"18177","2021-2022","WISCONSIN","5515960",61,574,635,0,635,1
"18178","2021-2022","WISCONSIN","5515990",256,1594,1850,0,1850,1
"18179","2021-2022","WISCONSIN","5516020",24,107,131,0,131,1
"18180","2021-2022","WISCONSIN","5516230",50,339,389,0,389,1
"18181","2021-2022","WISCONSIN","5516260",289,4349,4638,0,4638,1
"18182","2021-2022","WISCONSIN","5516290",255,1453,1708,0,1708,1
"18183","2021-2022","WISCONSIN","5516320",137,676,813,0,813,1
"18184","2021-2022","WISCONSIN","5516350",100,424,524,0,524,1
"18185","2021-2022","WISCONSIN","5516410",38,247,285,0,285,1
"18186","2021-2022","WISCONSIN","5516440",91,449,540,0,540,1
"18187","2021-2022","WISCONSIN","5516470",12,106,118,0,118,1
"18188","2021-2022","WISCONSIN","5516500",88,247,335,0,335,1
"18189","2021-2022","WISCONSIN","5516560",9,188,197,0,197,1
"18190","2021-2022","WISCONSIN","5516590",6,76,82,0,82,1
"18191","2021-2022","WISCONSIN","5516620",40,1,41,0,41,1
"18192","2021-2022","WISCONSIN","5516650",67,323,390,0,390,1
"18193","2021-2022","WISCONSIN","5516680",83,715,798,0,798,1
"18194","2021-2022","WISCONSIN","5516710",31,212,243,0,243,1
"18195","2021-2022","WISCONSIN","5516740",18,127,145,0,145,1
"18196","2021-2022","WISCONSIN","5516770",0,0,0,0,0,NA
"18197","2021-2022","WISCONSIN","5516830",80,255,335,0,335,1
"18198","2021-2022","WISCONSIN","5516860",0,0,0,0,0,NA
"18199","2021-2022","WISCONSIN","5517040",112,810,922,0,922,1
"18200","2021-2022","WISCONSIN","5517070",223,2358,2581,0,2581,1
"18201","2021-2022","WISCONSIN","5517100",57,426,483,0,483,1
"18202","2021-2022","WISCONSIN","5517130",35,169,204,0,204,1
"18203","2021-2022","WISCONSIN","5517160",53,180,233,0,233,1
"18204","2021-2022","WISCONSIN","5517190",50,240,290,0,290,1
"18205","2021-2022","WISCONSIN","5517220",16,65,81,0,81,1
"18206","2021-2022","WYOMING","5600009",0,14,14,3,17,0.823529411764706
"18207","2021-2022","WYOMING","5600010",0,7,7,7,14,0.5
"18208","2021-2022","WYOMING","5600015",0,0,0,0,0,NA
"18209","2021-2022","WYOMING","5600016",0,0,0,0,0,NA
"18210","2021-2022","WYOMING","5600730",71,568,639,415,1054,0.606261859582543
"18211","2021-2022","WYOMING","5600960",0,401,401,6,407,0.985257985257985
"18212","2021-2022","WYOMING","5601030",50,273,323,188,511,0.632093933463796
"18213","2021-2022","WYOMING","5601090",38,54,92,21,113,0.814159292035398
"18214","2021-2022","WYOMING","5601260",19,57,76,24,100,0.76
"18215","2021-2022","WYOMING","5601420",92,239,331,63,394,0.84010152284264
"18216","2021-2022","WYOMING","5601460",74,104,178,73,251,0.709163346613546
"18217","2021-2022","WYOMING","5601470",593,2006,2599,914,3513,0.739823512667236
"18218","2021-2022","WYOMING","5601700",84,115,199,32,231,0.861471861471861
"18219","2021-2022","WYOMING","5601980",647,2791,3438,1673,5111,0.672666797104285
"18220","2021-2022","WYOMING","5602070",188,373,561,185,746,0.75201072386059
"18221","2021-2022","WYOMING","5602140",106,336,442,183,625,0.7072
"18222","2021-2022","WYOMING","5602150",30,143,173,123,296,0.584459459459459
"18223","2021-2022","WYOMING","5602370",198,210,408,70,478,0.853556485355649
"18224","2021-2022","WYOMING","5602670",9,32,41,18,59,0.694915254237288
"18225","2021-2022","WYOMING","5602760",269,734,1003,246,1249,0.803042433947158
"18226","2021-2022","WYOMING","5602820",0,424,424,9,433,0.979214780600462
"18227","2021-2022","WYOMING","5602830",22,112,134,58,192,0.697916666666667
"18228","2021-2022","WYOMING","5602870",100,349,449,220,669,0.671150971599402
"18229","2021-2022","WYOMING","5602990",118,367,485,178,663,0.731523378582202
"18230","2021-2022","WYOMING","5603170",61,171,232,75,307,0.755700325732899
"18231","2021-2022","WYOMING","5603180",33,71,104,43,147,0.707482993197279
"18232","2021-2022","WYOMING","5603310",56,147,203,92,295,0.688135593220339
"18233","2021-2022","WYOMING","5603770",92,189,281,82,363,0.774104683195592
"18234","2021-2022","WYOMING","5604030",43,75,118,9,127,0.929133858267717
"18235","2021-2022","WYOMING","5604060",229,328,557,162,719,0.774687065368567
"18236","2021-2022","WYOMING","5604120",123,212,335,85,420,0.797619047619048
"18237","2021-2022","WYOMING","5604230",95,139,234,9,243,0.962962962962963
"18238","2021-2022","WYOMING","5604260",22,84,106,74,180,0.588888888888889
"18239","2021-2022","WYOMING","5604380",13,32,45,3,48,0.9375
"18240","2021-2022","WYOMING","5604450",0,564,564,9,573,0.984293193717278
"18241","2021-2022","WYOMING","5604500",32,118,150,73,223,0.672645739910314
"18242","2021-2022","WYOMING","5604510",1218,3948,5166,1672,6838,0.755484059666569
"18243","2021-2022","WYOMING","5604830",12,70,82,46,128,0.640625
"18244","2021-2022","WYOMING","5604860",3,41,44,22,66,0.666666666666667
"18245","2021-2022","WYOMING","5605090",69,206,275,123,398,0.690954773869347
"18246","2021-2022","WYOMING","5605160",213,366,579,205,784,0.738520408163265
"18247","2021-2022","WYOMING","5605220",97,735,832,481,1313,0.633663366336634
"18248","2021-2022","WYOMING","5605302",251,1348,1599,564,2163,0.739251040221914
"18249","2021-2022","WYOMING","5605680",4,19,23,6,29,0.793103448275862
"18250","2021-2022","WYOMING","5605690",64,152,216,55,271,0.797047970479705
"18251","2021-2022","WYOMING","5605695",298,647,945,364,1309,0.72192513368984
"18252","2021-2022","WYOMING","5605700",11,26,37,18,55,0.672727272727273
"18253","2021-2022","WYOMING","5605762",70,288,358,148,506,0.707509881422925
"18254","2021-2022","WYOMING","5605820",7,20,27,3,30,0.9
"18255","2021-2022","WYOMING","5605830",60,150,210,146,356,0.589887640449438
"18256","2021-2022","WYOMING","5606090",8,39,47,14,61,0.770491803278688
"18257","2021-2022","WYOMING","5606240",144,250,394,87,481,0.819126819126819
"18258","2021-2022","WYOMING","5680180",0,0,0,0,0,NA
"18259","2021-2022","WYOMING","5680250",0,0,0,0,0,NA
"18260","2021-2022","WYOMING","5680251",0,0,0,0,0,NA
"18261","2021-2022","WYOMING","5680252",0,9,9,3,12,0.75
"18262","2021-2022","WYOMING","5680253",0,0,0,0,0,NA
"18263","2021-2022","WYOMING","5680255",0,0,0,0,0,NA
